0, 1, 2, 3, 4
CDP,NP,NLT,CLP,GRN
-+-+-+-+-
() : 161
(0) : 742
(0,1) : 175
(0,1,2) : 6
(0,1,2,3) : 1
(0,1,2,3,4) : 181
(0,1,2,4,3) : 28
(0,1,3) : 2
(0,1,3,2) : 1
(0,1,3,2,4) : 88
(0,1,3,4,2) : 48
(0,1,4) : 1
(0,1,4,2,3) : 14
(0,1,4,3,2) : 16
(0,2) : 4
(0,2,1) : 1
(0,2,1,3,4) : 25
(0,2,1,4,3) : 4
(0,2,3) : 1
(0,2,3,1,4) : 15
(0,2,3,4,1) : 20
(0,2,4,1,3) : 3
(0,2,4,3,1) : 9
(0,3) : 13
(0,3,1) : 1
(0,3,1,2,4) : 30
(0,3,1,4,2) : 17
(0,3,2,1,4) : 18
(0,3,2,4,1) : 23
(0,3,4,1,2) : 12
(0,3,4,2,1) : 24
(0,4) : 1
(0,4,1) : 1
(0,4,1,2,3) : 4
(0,4,1,3,2) : 10
(0,4,2,1,3) : 1
(0,4,2,3,1) : 12
(0,4,3,1,2) : 4
(0,4,3,2,1) : 16
(1) : 22728
(1,0) : 2702
(1,0,2) : 18
(1,0,2,3) : 3
(1,0,2,3,4) : 886
(1,0,2,4,3) : 316
(1,0,3) : 15
(1,0,3,2) : 2
(1,0,3,2,4) : 245
(1,0,3,4) : 4
(1,0,3,4,2) : 183
(1,0,4) : 5
(1,0,4,2,3) : 103
(1,0,4,3) : 2
(1,0,4,3,2) : 158
(1,2) : 99
(1,2,0) : 6
(1,2,0,3,4) : 239
(1,2,0,4,3) : 104
(1,2,3) : 6
(1,2,3,0) : 2
(1,2,3,0,4) : 116
(1,2,3,4) : 6
(1,2,3,4,0) : 219
(1,2,4) : 3
(1,2,4,0,3) : 47
(1,2,4,3) : 1
(1,2,4,3,0) : 82
(1,3) : 203
(1,3,0) : 5
(1,3,0,2,4) : 159
(1,3,0,4) : 3
(1,3,0,4,2) : 85
(1,3,2) : 7
(1,3,2,0,4) : 196
(1,3,2,4,0) : 180
(1,3,4) : 32
(1,3,4,0) : 4
(1,3,4,0,2) : 160
(1,3,4,2) : 4
(1,3,4,2,0) : 419
(1,4) : 133
(1,4,0) : 4
(1,4,0,2,3) : 69
(1,4,0,3,2) : 36
(1,4,2) : 1
(1,4,2,0,3) : 78
(1,4,2,3,0) : 91
(1,4,3) : 17
(1,4,3,0) : 1
(1,4,3,0,2) : 80
(1,4,3,2) : 2
(1,4,3,2,0) : 298
(2) : 538
(2,0) : 3
(2,0,1) : 1
(2,0,1,3,4) : 10
(2,0,1,4,3) : 3
(2,0,3,1,4) : 9
(2,0,3,4,1) : 9
(2,0,4) : 1
(2,0,4,1,3) : 4
(2,0,4,3,1) : 10
(2,1) : 9
(2,1,0,3) : 1
(2,1,0,3,4) : 19
(2,1,0,4,3) : 8
(2,1,3) : 1
(2,1,3,0,4) : 19
(2,1,3,4,0) : 21
(2,1,4,0,3) : 6
(2,1,4,3,0) : 6
(2,3) : 7
(2,3,0,1,4) : 8
(2,3,0,4,1) : 6
(2,3,1) : 2
(2,3,1,0,4) : 22
(2,3,1,4,0) : 13
(2,3,4,0,1) : 21
(2,3,4,1,0) : 22
(2,4) : 9
(2,4,0,1) : 1
(2,4,0,1,3) : 7
(2,4,0,3,1) : 4
(2,4,1,0,3) : 6
(2,4,1,3,0) : 8
(2,4,3,0,1) : 12
(2,4,3,1,0) : 19
(3) : 5780
(3,0) : 18
(3,0,1) : 3
(3,0,1,2) : 1
(3,0,1,2,4) : 57
(3,0,1,4,2) : 21
(3,0,2) : 2
(3,0,2,1,4) : 39
(3,0,2,4) : 1
(3,0,2,4,1) : 96
(3,0,4) : 2
(3,0,4,1,2) : 20
(3,0,4,2,1) : 87
(3,1) : 127
(3,1,0) : 4
(3,1,0,2) : 1
(3,1,0,2,4) : 123
(3,1,0,4) : 2
(3,1,0,4,2) : 48
(3,1,2) : 1
(3,1,2,0) : 1
(3,1,2,0,4) : 71
(3,1,2,4) : 3
(3,1,2,4,0) : 106
(3,1,4) : 14
(3,1,4,0) : 3
(3,1,4,0,2) : 76
(3,1,4,2) : 1
(3,1,4,2,0) : 205
(3,2) : 30
(3,2,0,1,4) : 39
(3,2,0,4) : 2
(3,2,0,4,1) : 73
(3,2,1,0,4) : 64
(3,2,1,4) : 2
(3,2,1,4,0) : 44
(3,2,4) : 1
(3,2,4,0,1) : 145
(3,2,4,1) : 3
(3,2,4,1,0) : 78
(3,4) : 265
(3,4,0) : 4
(3,4,0,1) : 2
(3,4,0,1,2) : 150
(3,4,0,2) : 2
(3,4,0,2,1) : 1867
(3,4,1) : 25
(3,4,1,0) : 2
(3,4,1,0,2) : 147
(3,4,1,2) : 1
(3,4,1,2,0) : 331
(3,4,2) : 21
(3,4,2,0) : 4
(3,4,2,0,1) : 1191
(3,4,2,1) : 5
(3,4,2,1,0) : 452
(4) : 1948
(4,0) : 5
(4,0,1,2,3) : 6
(4,0,1,3,2) : 6
(4,0,2) : 1
(4,0,2,1,3) : 7
(4,0,2,3,1) : 21
(4,0,3,1,2) : 7
(4,0,3,2,1) : 14
(4,1) : 67
(4,1,0,2) : 1
(4,1,0,2,3) : 25
(4,1,0,3,2) : 11
(4,1,2,0,3) : 15
(4,1,2,3,0) : 47
(4,1,3) : 7
(4,1,3,0,2) : 33
(4,1,3,2) : 1
(4,1,3,2,0) : 119
(4,2) : 10
(4,2,0) : 1
(4,2,0,1,3) : 16
(4,2,0,3,1) : 21
(4,2,1,0,3) : 13
(4,2,1,3) : 1
(4,2,1,3,0) : 17
(4,2,3) : 3
(4,2,3,0) : 1
(4,2,3,0,1) : 34
(4,2,3,1,0) : 59
(4,3) : 219
(4,3,0) : 2
(4,3,0,1,2) : 21
(4,3,0,2,1) : 90
(4,3,1) : 34
(4,3,1,0) : 1
(4,3,1,0,2) : 76
(4,3,1,2,0) : 271
(4,3,2) : 10
(4,3,2,0,1) : 708
(4,3,2,1) : 2
(4,3,2,1,0) : 433
