0, 1, 2, 3, 4
GRN,NLT,LAB,CDP,LIB
-+-+-+-+-
() : 85
(0) : 1797
(0,1) : 36
(0,1,2) : 12
(0,1,2,3) : 2
(0,1,2,3,4) : 156
(0,1,2,4) : 1
(0,1,2,4,3) : 88
(0,1,3) : 1
(0,1,3,2,4) : 29
(0,1,3,4) : 1
(0,1,3,4,2) : 11
(0,1,4) : 1
(0,1,4,2) : 1
(0,1,4,2,3) : 16
(0,1,4,3,2) : 15
(0,2) : 555
(0,2,1) : 15
(0,2,1,3) : 4
(0,2,1,3,4) : 327
(0,2,1,4) : 1
(0,2,1,4,3) : 393
(0,2,3) : 10
(0,2,3,1,4) : 56
(0,2,3,4,1) : 21
(0,2,4) : 37
(0,2,4,1) : 2
(0,2,4,1,3) : 348
(0,2,4,3,1) : 105
(0,3) : 10
(0,3,1,2,4) : 17
(0,3,1,4,2) : 4
(0,3,2) : 1
(0,3,2,1,4) : 13
(0,3,2,4,1) : 6
(0,3,4,1,2) : 2
(0,3,4,2,1) : 7
(0,4) : 27
(0,4,1,2,3) : 17
(0,4,1,3,2) : 10
(0,4,2) : 16
(0,4,2,1) : 2
(0,4,2,1,3) : 75
(0,4,2,3) : 1
(0,4,2,3,1) : 26
(0,4,3) : 2
(0,4,3,1,2) : 7
(0,4,3,2) : 1
(0,4,3,2,1) : 6
(1) : 658
(1,0) : 18
(1,0,2) : 1
(1,0,2,3) : 1
(1,0,2,3,4) : 37
(1,0,2,4) : 2
(1,0,2,4,3) : 22
(1,0,3) : 1
(1,0,3,2) : 2
(1,0,3,2,4) : 11
(1,0,3,4,2) : 9
(1,0,4) : 1
(1,0,4,2,3) : 11
(1,0,4,3,2) : 2
(1,2) : 32
(1,2,0) : 1
(1,2,0,3) : 1
(1,2,0,3,4) : 29
(1,2,0,4,3) : 16
(1,2,3) : 3
(1,2,3,0,4) : 9
(1,2,3,4,0) : 9
(1,2,4) : 3
(1,2,4,0,3) : 20
(1,2,4,3,0) : 7
(1,3) : 14
(1,3,0) : 1
(1,3,0,2,4) : 8
(1,3,0,4,2) : 3
(1,3,2) : 1
(1,3,2,0,4) : 2
(1,3,2,4) : 2
(1,3,2,4,0) : 5
(1,3,4) : 1
(1,3,4,0) : 1
(1,3,4,0,2) : 3
(1,3,4,2,0) : 19
(1,4) : 31
(1,4,0) : 2
(1,4,0,2,3) : 18
(1,4,0,3,2) : 7
(1,4,2,0,3) : 23
(1,4,2,3,0) : 17
(1,4,3,0,2) : 11
(1,4,3,2,0) : 17
(2) : 9617
(2,0) : 706
(2,0,1) : 62
(2,0,1,3) : 10
(2,0,1,3,4) : 4498
(2,0,1,4) : 6
(2,0,1,4,3) : 629
(2,0,3) : 17
(2,0,3,1) : 4
(2,0,3,1,4) : 302
(2,0,3,4) : 2
(2,0,3,4,1) : 103
(2,0,4) : 63
(2,0,4,1) : 1
(2,0,4,1,3) : 554
(2,0,4,3,1) : 220
(2,1) : 90
(2,1,0) : 29
(2,1,0,3) : 5
(2,1,0,3,4) : 384
(2,1,0,4) : 2
(2,1,0,4,3) : 129
(2,1,3) : 3
(2,1,3,0,4) : 109
(2,1,3,4) : 4
(2,1,3,4,0) : 49
(2,1,4) : 4
(2,1,4,0) : 2
(2,1,4,0,3) : 49
(2,1,4,3) : 1
(2,1,4,3,0) : 46
(2,3) : 73
(2,3,0) : 9
(2,3,0,1) : 2
(2,3,0,1,4) : 125
(2,3,0,4) : 2
(2,3,0,4,1) : 40
(2,3,1) : 2
(2,3,1,0) : 2
(2,3,1,0,4) : 114
(2,3,1,4) : 1
(2,3,1,4,0) : 43
(2,3,4) : 9
(2,3,4,0) : 2
(2,3,4,0,1) : 74
(2,3,4,1,0) : 111
(2,4) : 329
(2,4,0) : 63
(2,4,0,1) : 2
(2,4,0,1,3) : 383
(2,4,0,3,1) : 145
(2,4,1) : 4
(2,4,1,0) : 5
(2,4,1,0,3) : 132
(2,4,1,3) : 2
(2,4,1,3,0) : 70
(2,4,3) : 10
(2,4,3,0,1) : 98
(2,4,3,1,0) : 167
(3) : 806
(3,0) : 6
(3,0,1) : 1
(3,0,1,2,4) : 9
(3,0,1,4,2) : 6
(3,0,2) : 1
(3,0,2,4) : 1
(3,0,2,4,1) : 7
(3,0,4,1,2) : 1
(3,0,4,2,1) : 3
(3,1) : 12
(3,1,0,2,4) : 10
(3,1,0,4,2) : 2
(3,1,2,0,4) : 5
(3,1,2,4,0) : 12
(3,1,4) : 4
(3,1,4,0,2) : 1
(3,1,4,2,0) : 16
(3,2) : 40
(3,2,0) : 2
(3,2,0,1,4) : 24
(3,2,0,4,1) : 9
(3,2,1) : 1
(3,2,1,0) : 1
(3,2,1,0,4) : 26
(3,2,1,4,0) : 9
(3,2,4) : 12
(3,2,4,0,1) : 28
(3,2,4,1,0) : 30
(3,4) : 160
(3,4,0,1) : 1
(3,4,0,1,2) : 17
(3,4,0,2,1) : 10
(3,4,1) : 5
(3,4,1,0,2) : 36
(3,4,1,2,0) : 99
(3,4,2) : 11
(3,4,2,0,1) : 28
(3,4,2,1,0) : 121
(4) : 14965
(4,0) : 106
(4,0,1) : 6
(4,0,1,2) : 2
(4,0,1,2,3) : 149
(4,0,1,3,2) : 82
(4,0,2) : 35
(4,0,2,1) : 3
(4,0,2,1,3) : 167
(4,0,2,3,1) : 81
(4,0,3) : 5
(4,0,3,1,2) : 44
(4,0,3,2,1) : 38
(4,1) : 125
(4,1,0) : 9
(4,1,0,2) : 2
(4,1,0,2,3) : 103
(4,1,0,3,2) : 86
(4,1,2) : 10
(4,1,2,0,3) : 91
(4,1,2,3) : 1
(4,1,2,3,0) : 83
(4,1,3) : 7
(4,1,3,0) : 2
(4,1,3,0,2) : 123
(4,1,3,2) : 1
(4,1,3,2,0) : 149
(4,2) : 502
(4,2,0) : 80
(4,2,0,1) : 4
(4,2,0,1,3) : 412
(4,2,0,3) : 1
(4,2,0,3,1) : 166
(4,2,1) : 14
(4,2,1,0) : 6
(4,2,1,0,3) : 173
(4,2,1,3) : 2
(4,2,1,3,0) : 98
(4,2,3) : 14
(4,2,3,0,1) : 125
(4,2,3,1) : 2
(4,2,3,1,0) : 213
(4,3) : 307
(4,3,0) : 3
(4,3,0,1) : 2
(4,3,0,1,2) : 129
(4,3,0,2) : 1
(4,3,0,2,1) : 63
(4,3,1) : 17
(4,3,1,0) : 1
(4,3,1,0,2) : 253
(4,3,1,2) : 1
(4,3,1,2,0) : 288
(4,3,2) : 14
(4,3,2,0,1) : 134
(4,3,2,1) : 6
(4,3,2,1,0) : 378
