0, 1, 2, 3, 4
CDP,LIB,LAB,GRN,NLT
-+-+-+-+-
() : 127
(0) : 770
(0,1) : 133
(0,1,2) : 6
(0,1,2,3,4) : 50
(0,1,2,4,3) : 94
(0,1,3) : 3
(0,1,3,2,4) : 22
(0,1,3,4) : 1
(0,1,3,4,2) : 13
(0,1,4) : 4
(0,1,4,2) : 1
(0,1,4,2,3) : 129
(0,1,4,3) : 2
(0,1,4,3,2) : 27
(0,2) : 11
(0,2,1) : 2
(0,2,1,3,4) : 17
(0,2,1,4) : 1
(0,2,1,4,3) : 24
(0,2,3,1,4) : 12
(0,2,3,4,1) : 17
(0,2,4) : 1
(0,2,4,1,3) : 12
(0,2,4,3,1) : 12
(0,3) : 6
(0,3,1,2,4) : 10
(0,3,1,4,2) : 2
(0,3,2) : 1
(0,3,2,1) : 1
(0,3,2,1,4) : 10
(0,3,2,4,1) : 4
(0,3,4,1,2) : 3
(0,3,4,2) : 1
(0,3,4,2,1) : 13
(0,4) : 9
(0,4,1) : 6
(0,4,1,2) : 1
(0,4,1,2,3) : 98
(0,4,1,3,2) : 6
(0,4,2,1) : 1
(0,4,2,1,3) : 14
(0,4,2,3,1) : 4
(0,4,3,1,2) : 4
(0,4,3,2,1) : 6
(1) : 21207
(1,0) : 258
(1,0,2) : 9
(1,0,2,3) : 2
(1,0,2,3,4) : 113
(1,0,2,4,3) : 140
(1,0,3) : 3
(1,0,3,2,4) : 72
(1,0,3,4) : 1
(1,0,3,4,2) : 82
(1,0,4) : 11
(1,0,4,2) : 3
(1,0,4,2,3) : 361
(1,0,4,3) : 1
(1,0,4,3,2) : 291
(1,2) : 99
(1,2,0) : 2
(1,2,0,3) : 3
(1,2,0,3,4) : 57
(1,2,0,4,3) : 74
(1,2,3) : 24
(1,2,3,0,4) : 154
(1,2,3,4) : 4
(1,2,3,4,0) : 344
(1,2,4) : 4
(1,2,4,0,3) : 102
(1,2,4,3,0) : 99
(1,3) : 168
(1,3,0) : 6
(1,3,0,2) : 1
(1,3,0,2,4) : 40
(1,3,0,4,2) : 81
(1,3,2) : 14
(1,3,2,0,4) : 80
(1,3,2,4) : 2
(1,3,2,4,0) : 234
(1,3,4) : 9
(1,3,4,0) : 1
(1,3,4,0,2) : 122
(1,3,4,2,0) : 129
(1,4) : 105
(1,4,0) : 4
(1,4,0,2) : 1
(1,4,0,2,3) : 215
(1,4,0,3) : 1
(1,4,0,3,2) : 184
(1,4,2) : 2
(1,4,2,0,3) : 72
(1,4,2,3) : 1
(1,4,2,3,0) : 109
(1,4,3) : 2
(1,4,3,0) : 1
(1,4,3,0,2) : 88
(1,4,3,2) : 1
(1,4,3,2,0) : 104
(2) : 7595
(2,0) : 17
(2,0,1) : 1
(2,0,1,3,4) : 17
(2,0,1,4,3) : 38
(2,0,3,1) : 2
(2,0,3,1,4) : 30
(2,0,3,4,1) : 48
(2,0,4,1,3) : 66
(2,0,4,3) : 1
(2,0,4,3,1) : 51
(2,1) : 84
(2,1,0) : 3
(2,1,0,3,4) : 23
(2,1,0,4,3) : 38
(2,1,3) : 20
(2,1,3,0,4) : 70
(2,1,3,4) : 1
(2,1,3,4,0) : 209
(2,1,4) : 6
(2,1,4,0) : 1
(2,1,4,0,3) : 87
(2,1,4,3) : 1
(2,1,4,3,0) : 82
(2,3) : 518
(2,3,0) : 9
(2,3,0,1) : 1
(2,3,0,1,4) : 65
(2,3,0,4,1) : 432
(2,3,1) : 40
(2,3,1,0,4) : 122
(2,3,1,4) : 7
(2,3,1,4,0) : 570
(2,3,4) : 31
(2,3,4,0) : 18
(2,3,4,0,1) : 3945
(2,3,4,1) : 7
(2,3,4,1,0) : 585
(2,4) : 41
(2,4,0) : 1
(2,4,0,1) : 1
(2,4,0,1,3) : 51
(2,4,0,3,1) : 74
(2,4,1,0,3) : 32
(2,4,1,3) : 3
(2,4,1,3,0) : 51
(2,4,3) : 9
(2,4,3,0) : 2
(2,4,3,0,1) : 127
(2,4,3,1,0) : 105
(3) : 2503
(3,0) : 7
(3,0,1,2,4) : 4
(3,0,1,4,2) : 2
(3,0,2) : 1
(3,0,2,1) : 1
(3,0,2,1,4) : 14
(3,0,2,4,1) : 8
(3,0,4,1,2) : 20
(3,0,4,2,1) : 19
(3,1) : 63
(3,1,0,2,4) : 5
(3,1,0,4,2) : 11
(3,1,2) : 18
(3,1,2,0,4) : 34
(3,1,2,4) : 2
(3,1,2,4,0) : 167
(3,1,4) : 1
(3,1,4,0,2) : 17
(3,1,4,2,0) : 34
(3,2) : 364
(3,2,0) : 1
(3,2,0,1,4) : 33
(3,2,0,4) : 1
(3,2,0,4,1) : 105
(3,2,1) : 29
(3,2,1,0) : 1
(3,2,1,0,4) : 101
(3,2,1,4) : 3
(3,2,1,4,0) : 1140
(3,2,4) : 14
(3,2,4,0,1) : 328
(3,2,4,1) : 1
(3,2,4,1,0) : 465
(3,4) : 34
(3,4,0) : 1
(3,4,0,1,2) : 26
(3,4,0,2,1) : 39
(3,4,1) : 1
(3,4,1,0,2) : 9
(3,4,1,2) : 1
(3,4,1,2,0) : 39
(3,4,2) : 3
(3,4,2,0) : 1
(3,4,2,0,1) : 35
(3,4,2,1) : 2
(3,4,2,1,0) : 74
(4) : 577
(4,0) : 3
(4,0,1) : 1
(4,0,1,2,3) : 24
(4,0,1,3,2) : 3
(4,0,2,1,3) : 6
(4,0,2,3,1) : 5
(4,0,3,1,2) : 4
(4,0,3,2,1) : 5
(4,1) : 21
(4,1,0) : 1
(4,1,0,2,3) : 13
(4,1,0,3,2) : 8
(4,1,2) : 1
(4,1,2,0,3) : 8
(4,1,2,3) : 3
(4,1,2,3,0) : 26
(4,1,3) : 1
(4,1,3,0,2) : 13
(4,1,3,2) : 1
(4,1,3,2,0) : 7
(4,2) : 14
(4,2,0,1,3) : 6
(4,2,0,3,1) : 3
(4,2,1) : 1
(4,2,1,0) : 2
(4,2,1,0,3) : 14
(4,2,1,3,0) : 14
(4,2,3,0,1) : 7
(4,2,3,1,0) : 12
(4,3) : 14
(4,3,0) : 1
(4,3,0,1,2) : 8
(4,3,0,2,1) : 9
(4,3,1) : 1
(4,3,1,0,2) : 3
(4,3,1,2) : 1
(4,3,1,2,0) : 12
(4,3,2) : 1
(4,3,2,0,1) : 10
(4,3,2,1,0) : 26
