0, 1, 2, 3, 4, 5
LAB,LIB,GRN,NLT,IND,CDP
-+-+-+-+-
() : 120
(0) : 4269
(0,1) : 155
(0,1,2) : 30
(0,1,2,3,4) : 3
(0,1,2,3,4,5) : 180
(0,1,2,3,5,4) : 28
(0,1,2,4) : 3
(0,1,2,4,3) : 1
(0,1,2,4,3,5) : 79
(0,1,2,4,5,3) : 36
(0,1,2,5) : 1
(0,1,2,5,3,4) : 13
(0,1,2,5,4,3) : 19
(0,1,3) : 3
(0,1,3,2) : 2
(0,1,3,2,4) : 1
(0,1,3,2,4,5) : 30
(0,1,3,2,5,4) : 5
(0,1,3,4,2,5) : 10
(0,1,3,4,5,2) : 19
(0,1,3,5,2,4) : 2
(0,1,3,5,4,2) : 5
(0,1,4) : 8
(0,1,4,2) : 1
(0,1,4,2,3,5) : 46
(0,1,4,2,5,3) : 19
(0,1,4,3) : 1
(0,1,4,3,2,5) : 22
(0,1,4,3,5) : 1
(0,1,4,3,5,2) : 12
(0,1,4,5,2,3) : 13
(0,1,4,5,3,2) : 12
(0,1,5) : 2
(0,1,5,2,3,4) : 9
(0,1,5,2,4,3) : 5
(0,1,5,3,2,4) : 4
(0,1,5,3,4,2) : 5
(0,1,5,4,2,3) : 4
(0,1,5,4,3,2) : 13
(0,2) : 384
(0,2,1) : 51
(0,2,1,3,4) : 1
(0,2,1,3,4,5) : 123
(0,2,1,3,5,4) : 33
(0,2,1,4) : 11
(0,2,1,4,3) : 1
(0,2,1,4,3,5) : 126
(0,2,1,4,5,3) : 37
(0,2,1,5,3,4) : 17
(0,2,1,5,4,3) : 20
(0,2,3) : 9
(0,2,3,1) : 1
(0,2,3,1,4,5) : 48
(0,2,3,1,5,4) : 14
(0,2,3,4) : 3
(0,2,3,4,1) : 1
(0,2,3,4,1,5) : 86
(0,2,3,4,5) : 1
(0,2,3,4,5,1) : 144
(0,2,3,5,1,4) : 8
(0,2,3,5,4) : 1
(0,2,3,5,4,1) : 38
(0,2,4) : 70
(0,2,4,1) : 3
(0,2,4,1,3) : 2
(0,2,4,1,3,5) : 199
(0,2,4,1,5) : 9
(0,2,4,1,5,3) : 32
(0,2,4,3) : 5
(0,2,4,3,1) : 1
(0,2,4,3,1,5) : 236
(0,2,4,3,5) : 6
(0,2,4,3,5,1) : 1571
(0,2,4,5) : 1
(0,2,4,5,1) : 7
(0,2,4,5,1,3) : 23
(0,2,4,5,3,1) : 132
(0,2,5) : 5
(0,2,5,1,3,4) : 7
(0,2,5,1,4,3) : 7
(0,2,5,3,1,4) : 6
(0,2,5,3,4,1) : 20
(0,2,5,4,1,3) : 14
(0,2,5,4,3,1) : 37
(0,3) : 22
(0,3,1) : 3
(0,3,1,2) : 1
(0,3,1,2,4,5) : 4
(0,3,1,2,5,4) : 1
(0,3,1,4) : 1
(0,3,1,4,2,5) : 7
(0,3,1,4,5,2) : 2
(0,3,1,5,4,2) : 1
(0,3,2,1,4,5) : 17
(0,3,2,1,5,4) : 11
(0,3,2,4) : 1
(0,3,2,4,1,5) : 10
(0,3,2,4,5) : 1
(0,3,2,4,5,1) : 22
(0,3,2,5,1,4) : 1
(0,3,2,5,4,1) : 8
(0,3,4) : 3
(0,3,4,1) : 2
(0,3,4,1,2,5) : 10
(0,3,4,1,5,2) : 3
(0,3,4,2) : 1
(0,3,4,2,1,5) : 11
(0,3,4,2,5,1) : 21
(0,3,4,5,1) : 1
(0,3,4,5,2,1) : 22
(0,3,5,1,2,4) : 1
(0,3,5,2,1,4) : 3
(0,3,5,2,4,1) : 8
(0,3,5,4,1,2) : 5
(0,3,5,4,2,1) : 6
(0,4) : 66
(0,4,1) : 6
(0,4,1,2) : 1
(0,4,1,2,3) : 1
(0,4,1,2,3,5) : 42
(0,4,1,2,5) : 1
(0,4,1,2,5,3) : 10
(0,4,1,3,2,5) : 11
(0,4,1,3,5,2) : 5
(0,4,1,5,2,3) : 9
(0,4,1,5,3,2) : 2
(0,4,2) : 17
(0,4,2,1) : 6
(0,4,2,1,3) : 2
(0,4,2,1,3,5) : 73
(0,4,2,1,5) : 3
(0,4,2,1,5,3) : 16
(0,4,2,3) : 3
(0,4,2,3,1) : 1
(0,4,2,3,1,5) : 63
(0,4,2,3,5,1) : 102
(0,4,2,5) : 1
(0,4,2,5,1) : 1
(0,4,2,5,1,3) : 8
(0,4,2,5,3) : 1
(0,4,2,5,3,1) : 41
(0,4,3) : 1
(0,4,3,1) : 1
(0,4,3,1,2,5) : 9
(0,4,3,1,5,2) : 2
(0,4,3,2) : 1
(0,4,3,2,1) : 1
(0,4,3,2,1,5) : 15
(0,4,3,2,5,1) : 32
(0,4,3,5,1,2) : 4
(0,4,3,5,2,1) : 13
(0,4,5) : 6
(0,4,5,1,2,3) : 6
(0,4,5,1,3,2) : 7
(0,4,5,2,1,3) : 3
(0,4,5,2,3,1) : 21
(0,4,5,3,1,2) : 9
(0,4,5,3,2,1) : 31
(0,5) : 19
(0,5,1) : 3
(0,5,1,2,3,4) : 7
(0,5,1,2,4,3) : 4
(0,5,1,3,2,4) : 1
(0,5,1,3,4,2) : 1
(0,5,1,4,2,3) : 6
(0,5,1,4,3,2) : 4
(0,5,2) : 2
(0,5,2,1,3,4) : 5
(0,5,2,1,4,3) : 2
(0,5,2,3,4,1) : 9
(0,5,2,4,1,3) : 6
(0,5,2,4,3,1) : 11
(0,5,3,1,4,2) : 3
(0,5,3,2,1,4) : 1
(0,5,3,2,4) : 1
(0,5,3,2,4,1) : 3
(0,5,3,4,1,2) : 2
(0,5,3,4,2,1) : 3
(0,5,4) : 4
(0,5,4,1,2,3) : 1
(0,5,4,1,3,2) : 3
(0,5,4,2,1,3) : 10
(0,5,4,2,3,1) : 15
(0,5,4,3,1,2) : 6
(0,5,4,3,2) : 1
(0,5,4,3,2,1) : 27
(1) : 22067
(1,0) : 261
(1,0,2) : 68
(1,0,2,3) : 3
(1,0,2,3,4) : 2
(1,0,2,3,4,5) : 229
(1,0,2,3,5,4) : 56
(1,0,2,4) : 9
(1,0,2,4,3) : 2
(1,0,2,4,3,5) : 182
(1,0,2,4,5) : 1
(1,0,2,4,5,3) : 63
(1,0,2,5) : 1
(1,0,2,5,3,4) : 31
(1,0,2,5,4,3) : 24
(1,0,3) : 7
(1,0,3,2) : 2
(1,0,3,2,4) : 1
(1,0,3,2,4,5) : 32
(1,0,3,2,5,4) : 12
(1,0,3,4,2,5) : 36
(1,0,3,4,5) : 1
(1,0,3,4,5,2) : 33
(1,0,3,5) : 1
(1,0,3,5,2) : 1
(1,0,3,5,2,4) : 11
(1,0,3,5,4,2) : 7
(1,0,4) : 26
(1,0,4,2) : 5
(1,0,4,2,3,5) : 88
(1,0,4,2,5,3) : 30
(1,0,4,3,2,5) : 48
(1,0,4,3,5,2) : 29
(1,0,4,5) : 1
(1,0,4,5,2) : 1
(1,0,4,5,2,3) : 30
(1,0,4,5,3,2) : 32
(1,0,5) : 10
(1,0,5,2,3) : 1
(1,0,5,2,3,4) : 12
(1,0,5,2,4,3) : 11
(1,0,5,3,2,4) : 7
(1,0,5,3,4,2) : 4
(1,0,5,4,2,3) : 21
(1,0,5,4,3,2) : 22
(1,2) : 275
(1,2,0) : 57
(1,2,0,3) : 4
(1,2,0,3,4) : 3
(1,2,0,3,4,5) : 130
(1,2,0,3,5,4) : 43
(1,2,0,4) : 11
(1,2,0,4,3) : 1
(1,2,0,4,3,5) : 143
(1,2,0,4,5) : 1
(1,2,0,4,5,3) : 38
(1,2,0,5) : 2
(1,2,0,5,3,4) : 21
(1,2,0,5,4) : 1
(1,2,0,5,4,3) : 22
(1,2,3) : 7
(1,2,3,0) : 2
(1,2,3,0,4) : 1
(1,2,3,0,4,5) : 36
(1,2,3,0,5,4) : 15
(1,2,3,4) : 2
(1,2,3,4,0) : 3
(1,2,3,4,0,5) : 43
(1,2,3,4,5) : 5
(1,2,3,4,5,0) : 69
(1,2,3,5,0,4) : 12
(1,2,3,5,4) : 1
(1,2,3,5,4,0) : 10
(1,2,4) : 30
(1,2,4,0) : 5
(1,2,4,0,3,5) : 102
(1,2,4,0,5,3) : 24
(1,2,4,3) : 3
(1,2,4,3,0,5) : 49
(1,2,4,3,5) : 2
(1,2,4,3,5,0) : 48
(1,2,4,5) : 2
(1,2,4,5,0) : 2
(1,2,4,5,0,3) : 8
(1,2,4,5,3,0) : 41
(1,2,5) : 10
(1,2,5,0) : 1
(1,2,5,0,3,4) : 11
(1,2,5,0,4,3) : 8
(1,2,5,3,0,4) : 6
(1,2,5,3,4,0) : 12
(1,2,5,4) : 2
(1,2,5,4,0) : 1
(1,2,5,4,0,3) : 14
(1,2,5,4,3,0) : 13
(1,3) : 61
(1,3,0) : 8
(1,3,0,2) : 2
(1,3,0,2,4,5) : 24
(1,3,0,2,5,4) : 3
(1,3,0,4,2,5) : 10
(1,3,0,4,5,2) : 7
(1,3,0,5,2,4) : 6
(1,3,0,5,4,2) : 7
(1,3,2) : 6
(1,3,2,0) : 4
(1,3,2,0,4,5) : 17
(1,3,2,0,5,4) : 9
(1,3,2,4) : 1
(1,3,2,4,0,5) : 10
(1,3,2,4,5) : 1
(1,3,2,4,5,0) : 14
(1,3,2,5,0,4) : 2
(1,3,2,5,4,0) : 5
(1,3,4) : 8
(1,3,4,0,2) : 1
(1,3,4,0,2,5) : 24
(1,3,4,0,5,2) : 15
(1,3,4,2) : 2
(1,3,4,2,0) : 1
(1,3,4,2,0,5) : 34
(1,3,4,2,5) : 1
(1,3,4,2,5,0) : 24
(1,3,4,5,0) : 2
(1,3,4,5,0,2) : 53
(1,3,4,5,2) : 1
(1,3,4,5,2,0) : 78
(1,3,5) : 6
(1,3,5,0,2,4) : 9
(1,3,5,0,4,2) : 5
(1,3,5,2,0,4) : 5
(1,3,5,2,4,0) : 6
(1,3,5,4,0,2) : 32
(1,3,5,4,2) : 1
(1,3,5,4,2,0) : 26
(1,4) : 410
(1,4,0) : 20
(1,4,0,2) : 2
(1,4,0,2,3) : 1
(1,4,0,2,3,5) : 156
(1,4,0,2,5) : 2
(1,4,0,2,5,3) : 48
(1,4,0,3,2) : 1
(1,4,0,3,2,5) : 39
(1,4,0,3,5,2) : 28
(1,4,0,5,2,3) : 29
(1,4,0,5,3,2) : 25
(1,4,2) : 15
(1,4,2,0) : 4
(1,4,2,0,3) : 2
(1,4,2,0,3,5) : 121
(1,4,2,0,5) : 2
(1,4,2,0,5,3) : 35
(1,4,2,3) : 2
(1,4,2,3,0,5) : 52
(1,4,2,3,5) : 1
(1,4,2,3,5,0) : 49
(1,4,2,5,0) : 3
(1,4,2,5,0,3) : 15
(1,4,2,5,3,0) : 41
(1,4,3) : 13
(1,4,3,0,2) : 1
(1,4,3,0,2,5) : 62
(1,4,3,0,5) : 1
(1,4,3,0,5,2) : 35
(1,4,3,2) : 2
(1,4,3,2,0) : 1
(1,4,3,2,0,5) : 65
(1,4,3,2,5) : 1
(1,4,3,2,5,0) : 56
(1,4,3,5) : 1
(1,4,3,5,0) : 1
(1,4,3,5,0,2) : 65
(1,4,3,5,2,0) : 82
(1,4,5) : 27
(1,4,5,0) : 1
(1,4,5,0,2) : 8
(1,4,5,0,2,3) : 58
(1,4,5,0,3) : 1
(1,4,5,0,3,2) : 38
(1,4,5,2,0) : 4
(1,4,5,2,0,3) : 24
(1,4,5,2,3,0) : 30
(1,4,5,3,0) : 1
(1,4,5,3,0,2) : 107
(1,4,5,3,2) : 2
(1,4,5,3,2,0) : 157
(1,5) : 720
(1,5,0) : 10
(1,5,0,2) : 2
(1,5,0,2,3,4) : 33
(1,5,0,2,4,3) : 18
(1,5,0,3,2,4) : 8
(1,5,0,3,4,2) : 15
(1,5,0,4,2,3) : 33
(1,5,0,4,3) : 1
(1,5,0,4,3,2) : 49
(1,5,2) : 8
(1,5,2,0) : 1
(1,5,2,0,3) : 1
(1,5,2,0,3,4) : 18
(1,5,2,0,4) : 1
(1,5,2,0,4,3) : 16
(1,5,2,3,0,4) : 9
(1,5,2,3,4,0) : 9
(1,5,2,4,0,3) : 14
(1,5,2,4,3,0) : 20
(1,5,3) : 10
(1,5,3,0,2,4) : 10
(1,5,3,0,4) : 1
(1,5,3,0,4,2) : 15
(1,5,3,2,0) : 1
(1,5,3,2,0,4) : 10
(1,5,3,2,4,0) : 16
(1,5,3,4,0) : 1
(1,5,3,4,0,2) : 69
(1,5,3,4,2) : 1
(1,5,3,4,2,0) : 48
(1,5,4) : 41
(1,5,4,0) : 7
(1,5,4,0,2,3) : 71
(1,5,4,0,3,2) : 76
(1,5,4,2) : 2
(1,5,4,2,0) : 2
(1,5,4,2,0,3) : 30
(1,5,4,2,3) : 1
(1,5,4,2,3,0) : 31
(1,5,4,3) : 4
(1,5,4,3,0,2) : 187
(1,5,4,3,2) : 1
(1,5,4,3,2,0) : 117
(2) : 2516
(2,0) : 347
(2,0,1) : 64
(2,0,1,3) : 2
(2,0,1,3,4,5) : 148
(2,0,1,3,5,4) : 14
(2,0,1,4) : 7
(2,0,1,4,3) : 3
(2,0,1,4,3,5) : 220
(2,0,1,4,5,3) : 54
(2,0,1,5,3,4) : 10
(2,0,1,5,4) : 1
(2,0,1,5,4,3) : 19
(2,0,3) : 5
(2,0,3,1,4,5) : 32
(2,0,3,1,5,4) : 11
(2,0,3,4) : 3
(2,0,3,4,1,5) : 83
(2,0,3,4,5,1) : 48
(2,0,3,5,1,4) : 2
(2,0,3,5,4,1) : 7
(2,0,4) : 57
(2,0,4,1) : 13
(2,0,4,1,3) : 2
(2,0,4,1,3,5) : 362
(2,0,4,1,5) : 14
(2,0,4,1,5,3) : 819
(2,0,4,3) : 2
(2,0,4,3,1,5) : 284
(2,0,4,3,5,1) : 156
(2,0,4,5,1) : 2
(2,0,4,5,1,3) : 22
(2,0,4,5,3,1) : 60
(2,0,5) : 1
(2,0,5,1) : 1
(2,0,5,1,3,4) : 6
(2,0,5,1,4,3) : 9
(2,0,5,3) : 1
(2,0,5,3,1,4) : 1
(2,0,5,3,4,1) : 5
(2,0,5,4) : 1
(2,0,5,4,1,3) : 7
(2,0,5,4,3,1) : 18
(2,1) : 89
(2,1,0) : 34
(2,1,0,3,4) : 1
(2,1,0,3,4,5) : 77
(2,1,0,3,5,4) : 17
(2,1,0,4) : 5
(2,1,0,4,3) : 2
(2,1,0,4,3,5) : 101
(2,1,0,4,5,3) : 35
(2,1,0,5) : 1
(2,1,0,5,3,4) : 9
(2,1,0,5,4,3) : 11
(2,1,3) : 2
(2,1,3,0) : 1
(2,1,3,0,4,5) : 6
(2,1,3,0,5,4) : 3
(2,1,3,4,0,5) : 7
(2,1,3,4,5,0) : 7
(2,1,3,5) : 1
(2,1,3,5,4,0) : 2
(2,1,4) : 7
(2,1,4,0) : 5
(2,1,4,0,3,5) : 39
(2,1,4,0,5,3) : 14
(2,1,4,3,0) : 1
(2,1,4,3,0,5) : 19
(2,1,4,3,5,0) : 10
(2,1,4,5,0,3) : 4
(2,1,4,5,3,0) : 7
(2,1,5) : 2
(2,1,5,0,3,4) : 5
(2,1,5,0,4,3) : 6
(2,1,5,3,0,4) : 1
(2,1,5,3,4,0) : 1
(2,1,5,4,0,3) : 2
(2,3) : 22
(2,3,0) : 1
(2,3,0,1,4,5) : 11
(2,3,0,1,5,4) : 3
(2,3,0,4) : 1
(2,3,0,4,1,5) : 6
(2,3,0,4,5,1) : 6
(2,3,0,5,4,1) : 2
(2,3,1) : 1
(2,3,1,0,4,5) : 7
(2,3,1,0,5,4) : 2
(2,3,1,4,0,5) : 1
(2,3,1,4,5,0) : 1
(2,3,4) : 5
(2,3,4,0) : 1
(2,3,4,0,1,5) : 26
(2,3,4,0,5,1) : 7
(2,3,4,1,0,5) : 14
(2,3,4,1,5,0) : 1
(2,3,4,5,0,1) : 15
(2,3,4,5,1,0) : 10
(2,3,5) : 1
(2,3,5,0,1,4) : 2
(2,3,5,1,0,4) : 2
(2,3,5,4,0,1) : 1
(2,3,5,4,1,0) : 1
(2,4) : 55
(2,4,0) : 25
(2,4,0,1) : 7
(2,4,0,1,3) : 2
(2,4,0,1,3,5) : 144
(2,4,0,1,5) : 4
(2,4,0,1,5,3) : 49
(2,4,0,3) : 3
(2,4,0,3,1,5) : 100
(2,4,0,3,5,1) : 53
(2,4,0,5,1,3) : 10
(2,4,0,5,3,1) : 26
(2,4,1) : 7
(2,4,1,0) : 5
(2,4,1,0,3,5) : 62
(2,4,1,0,5) : 1
(2,4,1,0,5,3) : 14
(2,4,1,3,0,5) : 7
(2,4,1,3,5,0) : 1
(2,4,1,5,0,3) : 1
(2,4,1,5,3,0) : 2
(2,4,3) : 7
(2,4,3,0) : 3
(2,4,3,0,1,5) : 45
(2,4,3,0,5,1) : 14
(2,4,3,1,0,5) : 15
(2,4,3,1,5) : 1
(2,4,3,1,5,0) : 2
(2,4,3,5) : 1
(2,4,3,5,0,1) : 23
(2,4,3,5,1,0) : 5
(2,4,5) : 1
(2,4,5,0,1) : 3
(2,4,5,0,1,3) : 7
(2,4,5,0,3,1) : 3
(2,4,5,1,0) : 2
(2,4,5,1,0,3) : 5
(2,4,5,1,3,0) : 7
(2,4,5,3,0,1) : 16
(2,4,5,3,1,0) : 5
(2,5) : 4
(2,5,0) : 1
(2,5,0,1,3,4) : 5
(2,5,0,1,4,3) : 4
(2,5,0,3,4) : 1
(2,5,0,3,4,1) : 2
(2,5,0,4) : 1
(2,5,0,4,1,3) : 2
(2,5,0,4,3,1) : 1
(2,5,1,0,3,4) : 3
(2,5,1,0,4,3) : 1
(2,5,1,3,0,4) : 1
(2,5,1,4,0,3) : 1
(2,5,1,4,3,0) : 1
(2,5,3,0,1,4) : 1
(2,5,3,1,4,0) : 1
(2,5,3,4,0,1) : 6
(2,5,4) : 2
(2,5,4,0,1,3) : 5
(2,5,4,0,3,1) : 2
(2,5,4,1,0,3) : 3
(2,5,4,1,3,0) : 1
(2,5,4,3) : 1
(2,5,4,3,0,1) : 4
(2,5,4,3,1,0) : 4
(3) : 328
(3,0) : 7
(3,0,1) : 2
(3,0,1,2) : 1
(3,0,1,2,4,5) : 7
(3,0,1,2,5,4) : 4
(3,0,1,4,2,5) : 2
(3,0,1,4,5) : 1
(3,0,1,4,5,2) : 1
(3,0,1,5,4,2) : 1
(3,0,2) : 1
(3,0,2,1,4,5) : 6
(3,0,2,4,1,5) : 1
(3,0,2,4,5,1) : 1
(3,0,2,5,1,4) : 1
(3,0,4,1,2,5) : 1
(3,0,4,1,5,2) : 1
(3,0,4,2,5,1) : 3
(3,0,4,5,2,1) : 3
(3,0,5,1,2,4) : 1
(3,0,5,2,1,4) : 1
(3,0,5,4,1,2) : 1
(3,0,5,4,2,1) : 1
(3,1) : 14
(3,1,0) : 2
(3,1,0,2) : 1
(3,1,0,2,4,5) : 3
(3,1,0,2,5,4) : 2
(3,1,0,4,2,5) : 3
(3,1,0,4,5,2) : 1
(3,1,0,5,4,2) : 1
(3,1,2) : 1
(3,1,2,0) : 1
(3,1,2,0,4,5) : 2
(3,1,2,4,0,5) : 6
(3,1,2,4,5,0) : 2
(3,1,4,0,2,5) : 3
(3,1,4,0,5) : 1
(3,1,4,2,0,5) : 4
(3,1,4,5,0,2) : 3
(3,1,4,5,2,0) : 1
(3,1,5,0,4,2) : 1
(3,1,5,4,0,2) : 2
(3,2) : 8
(3,2,0) : 1
(3,2,0,1,4,5) : 5
(3,2,0,4,1,5) : 1
(3,2,0,4,5,1) : 1
(3,2,0,5,4,1) : 1
(3,2,1,0,4,5) : 4
(3,2,1,4,0,5) : 2
(3,2,4,0,1,5) : 3
(3,2,4,1,0,5) : 1
(3,2,4,1,5,0) : 1
(3,2,4,5,0,1) : 2
(3,2,4,5,1,0) : 2
(3,2,5,1,0,4) : 1
(3,2,5,4,1,0) : 2
(3,4) : 10
(3,4,0,1,2,5) : 2
(3,4,0,1,5,2) : 2
(3,4,0,2,1,5) : 2
(3,4,1) : 1
(3,4,1,0,2,5) : 8
(3,4,1,0,5,2) : 1
(3,4,1,2,0,5) : 1
(3,4,1,2,5,0) : 1
(3,4,1,5,2,0) : 1
(3,4,2) : 2
(3,4,2,0,1,5) : 4
(3,4,2,0,5,1) : 2
(3,4,2,1,0,5) : 3
(3,4,2,1,5,0) : 2
(3,4,2,5,0,1) : 3
(3,4,5,0,1,2) : 2
(3,4,5,0,2,1) : 1
(3,4,5,1,0,2) : 4
(3,4,5,1,2,0) : 1
(3,4,5,2,0,1) : 3
(3,4,5,2,1,0) : 2
(3,5) : 5
(3,5,0,2,1,4) : 1
(3,5,0,4,2,1) : 1
(3,5,1,0,2,4) : 1
(3,5,1,2,0,4) : 1
(3,5,1,4,0,2) : 1
(3,5,1,4,2,0) : 1
(3,5,2,1,0,4) : 1
(3,5,4) : 1
(3,5,4,1,0,2) : 2
(3,5,4,2) : 1
(3,5,4,2,1) : 1
(3,5,4,2,1,0) : 2
(4) : 1047
(4,0) : 29
(4,0,1) : 4
(4,0,1,2) : 4
(4,0,1,2,3) : 2
(4,0,1,2,3,5) : 57
(4,0,1,2,5) : 2
(4,0,1,2,5,3) : 6
(4,0,1,3,2,5) : 13
(4,0,1,3,5,2) : 5
(4,0,1,5) : 1
(4,0,1,5,2,3) : 7
(4,0,1,5,3,2) : 2
(4,0,2) : 3
(4,0,2,1) : 2
(4,0,2,1,3) : 2
(4,0,2,1,3,5) : 34
(4,0,2,1,5,3) : 12
(4,0,2,3) : 1
(4,0,2,3,1,5) : 19
(4,0,2,3,5) : 1
(4,0,2,3,5,1) : 33
(4,0,2,5,1,3) : 9
(4,0,2,5,3,1) : 8
(4,0,3) : 3
(4,0,3,1,2,5) : 5
(4,0,3,2,1,5) : 8
(4,0,3,2,5,1) : 10
(4,0,3,5,1,2) : 3
(4,0,3,5,2,1) : 5
(4,0,5) : 1
(4,0,5,1,2,3) : 1
(4,0,5,1,3,2) : 1
(4,0,5,2,1,3) : 2
(4,0,5,2,3,1) : 3
(4,0,5,3,1,2) : 2
(4,0,5,3,2,1) : 4
(4,1) : 56
(4,1,0) : 3
(4,1,0,2) : 1
(4,1,0,2,3) : 1
(4,1,0,2,3,5) : 67
(4,1,0,2,5) : 1
(4,1,0,2,5,3) : 23
(4,1,0,3,2,5) : 16
(4,1,0,3,5,2) : 16
(4,1,0,5) : 1
(4,1,0,5,2,3) : 6
(4,1,0,5,3,2) : 7
(4,1,2) : 6
(4,1,2,0) : 1
(4,1,2,0,3,5) : 47
(4,1,2,0,5) : 1
(4,1,2,0,5,3) : 4
(4,1,2,3,0) : 1
(4,1,2,3,0,5) : 19
(4,1,2,3,5,0) : 6
(4,1,2,5,0) : 1
(4,1,2,5,0,3) : 8
(4,1,2,5,3,0) : 10
(4,1,3,0,2,5) : 20
(4,1,3,0,5,2) : 3
(4,1,3,2,0,5) : 12
(4,1,3,2,5,0) : 10
(4,1,3,5,0,2) : 9
(4,1,3,5,2) : 1
(4,1,3,5,2,0) : 11
(4,1,5) : 3
(4,1,5,0,2) : 1
(4,1,5,0,2,3) : 16
(4,1,5,0,3) : 1
(4,1,5,0,3,2) : 8
(4,1,5,2,0,3) : 4
(4,1,5,2,3,0) : 3
(4,1,5,3,0,2) : 22
(4,1,5,3,2,0) : 9
(4,2) : 32
(4,2,0) : 24
(4,2,0,1) : 1
(4,2,0,1,3) : 1
(4,2,0,1,3,5) : 62
(4,2,0,1,5) : 1
(4,2,0,1,5,3) : 16
(4,2,0,3,1,5) : 27
(4,2,0,3,5,1) : 30
(4,2,0,5,1) : 1
(4,2,0,5,1,3) : 1
(4,2,0,5,3,1) : 13
(4,2,1) : 4
(4,2,1,0) : 3
(4,2,1,0,3) : 1
(4,2,1,0,3,5) : 35
(4,2,1,0,5,3) : 12
(4,2,1,3,0,5) : 9
(4,2,1,3,5) : 2
(4,2,1,5,0,3) : 1
(4,2,1,5,3,0) : 4
(4,2,3) : 2
(4,2,3,0,1,5) : 25
(4,2,3,0,5,1) : 9
(4,2,3,1,0) : 1
(4,2,3,1,0,5) : 10
(4,2,3,1,5,0) : 5
(4,2,3,5) : 1
(4,2,3,5,0,1) : 8
(4,2,3,5,1,0) : 3
(4,2,5) : 1
(4,2,5,0,1,3) : 4
(4,2,5,0,3,1) : 5
(4,2,5,1,0,3) : 1
(4,2,5,3,0,1) : 5
(4,2,5,3,1,0) : 2
(4,3) : 10
(4,3,0,1) : 1
(4,3,0,1,2,5) : 7
(4,3,0,1,5,2) : 3
(4,3,0,2,1,5) : 7
(4,3,0,2,5,1) : 1
(4,3,0,5,1,2) : 1
(4,3,0,5,2,1) : 3
(4,3,1,0,2,5) : 12
(4,3,1,0,5,2) : 1
(4,3,1,2,0) : 1
(4,3,1,2,0,5) : 6
(4,3,1,2,5,0) : 1
(4,3,1,5,0,2) : 5
(4,3,1,5,2,0) : 2
(4,3,2) : 3
(4,3,2,0,1,5) : 9
(4,3,2,0,5,1) : 2
(4,3,2,1) : 1
(4,3,2,1,0) : 1
(4,3,2,1,0,5) : 9
(4,3,2,1,5,0) : 1
(4,3,2,5,0,1) : 6
(4,3,2,5,1,0) : 4
(4,3,5,0,1,2) : 1
(4,3,5,0,2,1) : 1
(4,3,5,1,0,2) : 5
(4,3,5,1,2,0) : 1
(4,3,5,2,0,1) : 7
(4,3,5,2,1,0) : 4
(4,5) : 10
(4,5,0,1,2) : 1
(4,5,0,1,2,3) : 4
(4,5,0,1,3,2) : 2
(4,5,0,2,1,3) : 4
(4,5,0,2,3,1) : 2
(4,5,1) : 3
(4,5,1,0,2) : 1
(4,5,1,0,2,3) : 9
(4,5,1,0,3,2) : 1
(4,5,1,2,3,0) : 1
(4,5,1,3,0,2) : 9
(4,5,1,3,2,0) : 5
(4,5,2,0,1) : 1
(4,5,2,0,1,3) : 3
(4,5,2,0,3,1) : 2
(4,5,2,1,0,3) : 2
(4,5,2,3,0,1) : 7
(4,5,2,3,1,0) : 3
(4,5,3) : 2
(4,5,3,0,1) : 1
(4,5,3,0,1,2) : 3
(4,5,3,0,2,1) : 3
(4,5,3,1,0) : 1
(4,5,3,1,0,2) : 8
(4,5,3,1,2,0) : 2
(4,5,3,2,0,1) : 6
(4,5,3,2,1,0) : 19
(5) : 450
(5,0) : 11
(5,0,1) : 4
(5,0,1,2,3,4) : 5
(5,0,1,2,4,3) : 6
(5,0,1,3,4,2) : 1
(5,0,1,4,2,3) : 3
(5,0,1,4,3,2) : 10
(5,0,2,1,3,4) : 4
(5,0,2,1,4,3) : 1
(5,0,2,3,4,1) : 3
(5,0,2,4,3,1) : 2
(5,0,3,1,4,2) : 1
(5,0,3,2,1,4) : 1
(5,0,3,2,4,1) : 1
(5,0,3,4,1,2) : 1
(5,0,4,1,2,3) : 2
(5,0,4,1,3,2) : 6
(5,0,4,2,1,3) : 2
(5,0,4,2,3,1) : 3
(5,0,4,3,1,2) : 1
(5,0,4,3,2,1) : 2
(5,1) : 231
(5,1,0) : 4
(5,1,0,2,3,4) : 10
(5,1,0,2,4,3) : 10
(5,1,0,3,2,4) : 3
(5,1,0,3,4,2) : 11
(5,1,0,4,2,3) : 7
(5,1,0,4,3,2) : 43
(5,1,2,0,3,4) : 3
(5,1,2,0,4,3) : 2
(5,1,2,3,4,0) : 2
(5,1,2,4,0,3) : 3
(5,1,2,4,3,0) : 4
(5,1,3) : 2
(5,1,3,0,2,4) : 4
(5,1,3,0,4,2) : 7
(5,1,3,2,0,4) : 2
(5,1,3,2,4,0) : 2
(5,1,3,4) : 1
(5,1,3,4,0,2) : 24
(5,1,3,4,2,0) : 3
(5,1,4) : 14
(5,1,4,0,2) : 1
(5,1,4,0,2,3) : 24
(5,1,4,0,3,2) : 57
(5,1,4,2,0,3) : 5
(5,1,4,2,3,0) : 7
(5,1,4,3,0,2) : 58
(5,1,4,3,2,0) : 12
(5,2) : 8
(5,2,0) : 2
(5,2,0,1,3,4) : 1
(5,2,0,1,4,3) : 3
(5,2,0,3,1,4) : 1
(5,2,0,3,4,1) : 1
(5,2,0,4,1,3) : 1
(5,2,0,4,3,1) : 3
(5,2,1,4,0,3) : 4
(5,2,1,4,3,0) : 1
(5,2,3,1,0,4) : 1
(5,2,3,4,0) : 1
(5,2,4) : 1
(5,2,4,1,0,3) : 1
(5,2,4,1,3,0) : 1
(5,2,4,3,0,1) : 1
(5,2,4,3,1,0) : 2
(5,3) : 2
(5,3,0,2,1,4) : 1
(5,3,1,0,2,4) : 2
(5,3,1,0,4) : 1
(5,3,1,0,4,2) : 2
(5,3,1,2,4,0) : 1
(5,3,1,4,0,2) : 3
(5,3,1,4,2,0) : 1
(5,3,2,4,0,1) : 1
(5,3,2,4,1,0) : 2
(5,3,4,0,1,2) : 1
(5,3,4,0,2,1) : 2
(5,3,4,1,0,2) : 2
(5,3,4,2) : 2
(5,3,4,2,0,1) : 3
(5,3,4,2,1,0) : 1
(5,4) : 11
(5,4,0) : 1
(5,4,0,1,2,3) : 8
(5,4,0,1,3,2) : 3
(5,4,0,2,1) : 1
(5,4,0,2,1,3) : 1
(5,4,0,2,3,1) : 2
(5,4,0,3,1,2) : 3
(5,4,0,3,2,1) : 5
(5,4,1) : 5
(5,4,1,0,2,3) : 10
(5,4,1,0,3,2) : 12
(5,4,1,2,0,3) : 2
(5,4,1,2,3,0) : 4
(5,4,1,3,0,2) : 8
(5,4,1,3,2,0) : 3
(5,4,2) : 1
(5,4,2,0,1,3) : 1
(5,4,2,0,3,1) : 2
(5,4,2,1,0,3) : 2
(5,4,2,3,0,1) : 3
(5,4,2,3,1,0) : 5
(5,4,3,0,1,2) : 4
(5,4,3,0,2,1) : 1
(5,4,3,1,0,2) : 5
(5,4,3,2,0,1) : 4
(5,4,3,2,1,0) : 11
