0, 1, 2, 3, 4
GRN,LIB,LAB,NLT,CDP
-+-+-+-+-
() : 242
(0) : 1578
(0,1) : 78
(0,1,2) : 9
(0,1,2,3) : 1
(0,1,2,3,4) : 52
(0,1,2,4,3) : 37
(0,1,3) : 2
(0,1,3,2) : 1
(0,1,3,2,4) : 13
(0,1,3,4,2) : 12
(0,1,4) : 5
(0,1,4,2) : 2
(0,1,4,2,3) : 193
(0,1,4,3) : 1
(0,1,4,3,2) : 7
(0,2) : 336
(0,2,1) : 29
(0,2,1,3) : 1
(0,2,1,3,4) : 111
(0,2,1,4) : 2
(0,2,1,4,3) : 92
(0,2,3) : 17
(0,2,3,1,4) : 130
(0,2,3,4) : 1
(0,2,3,4,1) : 124
(0,2,4) : 2
(0,2,4,1) : 1
(0,2,4,1,3) : 33
(0,2,4,3) : 1
(0,2,4,3,1) : 64
(0,3) : 15
(0,3,1) : 1
(0,3,1,2) : 1
(0,3,1,2,4) : 17
(0,3,1,4,2) : 18
(0,3,2) : 1
(0,3,2,1) : 1
(0,3,2,1,4) : 35
(0,3,2,4,1) : 34
(0,3,4,1,2) : 13
(0,3,4,2,1) : 17
(0,4) : 16
(0,4,1) : 3
(0,4,1,2,3) : 35
(0,4,1,3,2) : 8
(0,4,2) : 2
(0,4,2,1) : 3
(0,4,2,1,3) : 7
(0,4,2,3,1) : 13
(0,4,3) : 1
(0,4,3,1) : 1
(0,4,3,1,2) : 8
(0,4,3,2,1) : 21
(1) : 13280
(1,0) : 130
(1,0,2) : 24
(1,0,2,3) : 3
(1,0,2,3,4) : 100
(1,0,2,4) : 3
(1,0,2,4,3) : 94
(1,0,3,2,4) : 69
(1,0,3,4,2) : 66
(1,0,4) : 3
(1,0,4,2) : 3
(1,0,4,2,3) : 178
(1,0,4,3,2) : 88
(1,2) : 280
(1,2,0) : 31
(1,2,0,3) : 2
(1,2,0,3,4) : 166
(1,2,0,4) : 5
(1,2,0,4,3) : 217
(1,2,3) : 12
(1,2,3,0) : 4
(1,2,3,0,4) : 126
(1,2,3,4) : 1
(1,2,3,4,0) : 146
(1,2,4) : 13
(1,2,4,0) : 3
(1,2,4,0,3) : 120
(1,2,4,3,0) : 134
(1,3) : 88
(1,3,0) : 7
(1,3,0,2) : 1
(1,3,0,2,4) : 45
(1,3,0,4,2) : 90
(1,3,2) : 5
(1,3,2,0) : 3
(1,3,2,0,4) : 66
(1,3,2,4) : 2
(1,3,2,4,0) : 106
(1,3,4) : 1
(1,3,4,0) : 3
(1,3,4,0,2) : 113
(1,3,4,2) : 1
(1,3,4,2,0) : 124
(1,4) : 874
(1,4,0) : 6
(1,4,0,2) : 4
(1,4,0,2,3) : 140
(1,4,0,3) : 1
(1,4,0,3,2) : 109
(1,4,2) : 24
(1,4,2,0) : 1
(1,4,2,0,3) : 213
(1,4,2,3) : 14
(1,4,2,3,0) : 280
(1,4,3) : 23
(1,4,3,0) : 2
(1,4,3,0,2) : 221
(1,4,3,2) : 7
(1,4,3,2,0) : 276
(2) : 11613
(2,0) : 541
(2,0,1) : 54
(2,0,1,3) : 5
(2,0,1,3,4) : 298
(2,0,1,4) : 2
(2,0,1,4,3) : 321
(2,0,3) : 31
(2,0,3,1) : 4
(2,0,3,1,4) : 310
(2,0,3,4) : 6
(2,0,3,4,1) : 701
(2,0,4) : 21
(2,0,4,1,3) : 134
(2,0,4,3) : 11
(2,0,4,3,1) : 3512
(2,1) : 293
(2,1,0) : 50
(2,1,0,3) : 4
(2,1,0,3,4) : 218
(2,1,0,4) : 1
(2,1,0,4,3) : 367
(2,1,3) : 11
(2,1,3,0) : 2
(2,1,3,0,4) : 93
(2,1,3,4) : 2
(2,1,3,4,0) : 109
(2,1,4) : 14
(2,1,4,0) : 3
(2,1,4,0,3) : 154
(2,1,4,3,0) : 128
(2,3) : 167
(2,3,0) : 24
(2,3,0,1) : 8
(2,3,0,1,4) : 181
(2,3,0,4) : 2
(2,3,0,4,1) : 262
(2,3,1) : 10
(2,3,1,0) : 5
(2,3,1,0,4) : 102
(2,3,1,4,0) : 58
(2,3,4) : 7
(2,3,4,0) : 2
(2,3,4,0,1) : 250
(2,3,4,1) : 5
(2,3,4,1,0) : 181
(2,4) : 136
(2,4,0) : 6
(2,4,0,1) : 1
(2,4,0,1,3) : 89
(2,4,0,3) : 8
(2,4,0,3,1) : 175
(2,4,1) : 9
(2,4,1,0) : 5
(2,4,1,0,3) : 131
(2,4,1,3) : 1
(2,4,1,3,0) : 85
(2,4,3) : 7
(2,4,3,0) : 4
(2,4,3,0,1) : 122
(2,4,3,1,0) : 90
(3) : 738
(3,0) : 15
(3,0,1,2,4) : 16
(3,0,1,4,2) : 127
(3,0,2) : 2
(3,0,2,1,4) : 19
(3,0,2,4,1) : 8
(3,0,4,1,2) : 6
(3,0,4,2,1) : 15
(3,1) : 32
(3,1,0) : 2
(3,1,0,2,4) : 4
(3,1,0,4,2) : 9
(3,1,2) : 1
(3,1,2,0,4) : 16
(3,1,2,4,0) : 17
(3,1,4) : 1
(3,1,4,0,2) : 11
(3,1,4,2,0) : 21
(3,2) : 36
(3,2,0) : 3
(3,2,0,1) : 1
(3,2,0,1,4) : 26
(3,2,0,4,1) : 19
(3,2,1) : 1
(3,2,1,0,4) : 24
(3,2,1,4,0) : 14
(3,2,4) : 1
(3,2,4,0,1) : 23
(3,2,4,1) : 1
(3,2,4,1,0) : 52
(3,4) : 11
(3,4,0) : 1
(3,4,0,1,2) : 15
(3,4,0,2,1) : 11
(3,4,1,0,2) : 7
(3,4,1,2,0) : 16
(3,4,2,0,1) : 4
(3,4,2,1,0) : 16
(4) : 1830
(4,0) : 11
(4,0,1) : 1
(4,0,1,2,3) : 22
(4,0,1,3,2) : 9
(4,0,2) : 5
(4,0,2,1,3) : 7
(4,0,2,3,1) : 14
(4,0,3) : 1
(4,0,3,1,2) : 12
(4,0,3,2,1) : 11
(4,1) : 397
(4,1,0) : 2
(4,1,0,2) : 6
(4,1,0,2,3) : 66
(4,1,0,3) : 1
(4,1,0,3,2) : 25
(4,1,2) : 33
(4,1,2,0) : 2
(4,1,2,0,3) : 69
(4,1,2,3) : 2
(4,1,2,3,0) : 188
(4,1,3) : 15
(4,1,3,0,2) : 28
(4,1,3,2,0) : 124
(4,2) : 76
(4,2,0) : 1
(4,2,0,1,3) : 22
(4,2,0,3,1) : 32
(4,2,1) : 11
(4,2,1,0,3) : 51
(4,2,1,3,0) : 66
(4,2,3) : 2
(4,2,3,0,1) : 34
(4,2,3,1,0) : 49
(4,3) : 22
(4,3,0,1,2) : 16
(4,3,0,2,1) : 16
(4,3,1) : 1
(4,3,1,0) : 1
(4,3,1,0,2) : 4
(4,3,1,2) : 1
(4,3,1,2,0) : 25
(4,3,2) : 3
(4,3,2,0,1) : 9
(4,3,2,1) : 1
(4,3,2,1,0) : 26
