0, 1, 2, 3, 4
LAB,LIB,NLT,CDP,GRN
-+-+-+-+-
() : 66
(0) : 6608
(0,1) : 291
(0,1,2) : 14
(0,1,2,3) : 4
(0,1,2,3,4) : 319
(0,1,2,4) : 1
(0,1,2,4,3) : 130
(0,1,3) : 6
(0,1,3,2) : 1
(0,1,3,2,4) : 83
(0,1,3,4) : 2
(0,1,3,4,2) : 89
(0,1,4) : 51
(0,1,4,2) : 2
(0,1,4,2,3) : 287
(0,1,4,3) : 2
(0,1,4,3,2) : 170
(0,2) : 69
(0,2,1) : 5
(0,2,1,3,4) : 74
(0,2,1,4) : 1
(0,2,1,4,3) : 54
(0,2,3) : 4
(0,2,3,1) : 1
(0,2,3,1,4) : 33
(0,2,3,4) : 1
(0,2,3,4,1) : 101
(0,2,4) : 18
(0,2,4,1) : 1
(0,2,4,1,3) : 69
(0,2,4,3) : 4
(0,2,4,3,1) : 116
(0,3) : 64
(0,3,1) : 8
(0,3,1,2) : 1
(0,3,1,2,4) : 59
(0,3,1,4) : 1
(0,3,1,4,2) : 42
(0,3,2) : 2
(0,3,2,1) : 1
(0,3,2,1,4) : 34
(0,3,2,4,1) : 43
(0,3,4) : 13
(0,3,4,1) : 5
(0,3,4,1,2) : 52
(0,3,4,2) : 5
(0,3,4,2,1) : 123
(0,4) : 527
(0,4,1) : 85
(0,4,1,2) : 3
(0,4,1,2,3) : 587
(0,4,1,3,2) : 195
(0,4,2) : 25
(0,4,2,1) : 5
(0,4,2,1,3) : 428
(0,4,2,3) : 5
(0,4,2,3,1) : 503
(0,4,3) : 19
(0,4,3,1,2) : 119
(0,4,3,2) : 7
(0,4,3,2,1) : 2380
(1) : 19776
(1,0) : 398
(1,0,2) : 23
(1,0,2,3) : 6
(1,0,2,3,4) : 366
(1,0,2,4) : 2
(1,0,2,4,3) : 239
(1,0,3) : 24
(1,0,3,2) : 5
(1,0,3,2,4) : 131
(1,0,3,4) : 2
(1,0,3,4,2) : 143
(1,0,4) : 93
(1,0,4,2) : 2
(1,0,4,2,3) : 406
(1,0,4,3) : 3
(1,0,4,3,2) : 268
(1,2) : 179
(1,2,0) : 20
(1,2,0,3,4) : 133
(1,2,0,4) : 1
(1,2,0,4,3) : 105
(1,2,3) : 16
(1,2,3,0) : 5
(1,2,3,0,4) : 159
(1,2,3,4) : 6
(1,2,3,4,0) : 231
(1,2,4) : 4
(1,2,4,0) : 1
(1,2,4,0,3) : 110
(1,2,4,3) : 1
(1,2,4,3,0) : 91
(1,3) : 685
(1,3,0) : 13
(1,3,0,2) : 5
(1,3,0,2,4) : 195
(1,3,0,4,2) : 171
(1,3,2) : 11
(1,3,2,0) : 3
(1,3,2,0,4) : 293
(1,3,2,4) : 4
(1,3,2,4,0) : 198
(1,3,4) : 11
(1,3,4,0) : 2
(1,3,4,0,2) : 126
(1,3,4,2) : 2
(1,3,4,2,0) : 126
(1,4) : 236
(1,4,0) : 49
(1,4,0,2) : 2
(1,4,0,2,3) : 384
(1,4,0,3,2) : 126
(1,4,2) : 5
(1,4,2,0) : 2
(1,4,2,0,3) : 103
(1,4,2,3,0) : 80
(1,4,3) : 7
(1,4,3,0) : 1
(1,4,3,0,2) : 61
(1,4,3,2) : 1
(1,4,3,2,0) : 97
(2) : 469
(2,0) : 23
(2,0,1) : 4
(2,0,1,3,4) : 20
(2,0,1,4,3) : 11
(2,0,3) : 2
(2,0,3,1,4) : 5
(2,0,3,4,1) : 2
(2,0,4,1,3) : 10
(2,0,4,3,1) : 7
(2,1) : 18
(2,1,0) : 1
(2,1,0,3) : 1
(2,1,0,3,4) : 22
(2,1,0,4,3) : 25
(2,1,3,0) : 1
(2,1,3,0,4) : 15
(2,1,3,4,0) : 9
(2,1,4,0,3) : 5
(2,1,4,3,0) : 7
(2,3) : 6
(2,3,0,1,4) : 5
(2,3,0,4,1) : 8
(2,3,1) : 1
(2,3,1,0) : 2
(2,3,1,0,4) : 13
(2,3,1,4,0) : 2
(2,3,4,0,1) : 15
(2,3,4,1,0) : 9
(2,4) : 17
(2,4,0) : 3
(2,4,0,1,3) : 26
(2,4,0,3,1) : 5
(2,4,1,0,3) : 11
(2,4,3) : 1
(2,4,3,0,1) : 11
(2,4,3,1,0) : 12
(3) : 953
(3,0) : 46
(3,0,1) : 8
(3,0,1,2,4) : 42
(3,0,1,4,2) : 31
(3,0,2,1,4) : 18
(3,0,2,4,1) : 14
(3,0,4) : 2
(3,0,4,1,2) : 14
(3,0,4,2,1) : 13
(3,1) : 352
(3,1,0) : 18
(3,1,0,2) : 1
(3,1,0,2,4) : 130
(3,1,0,4,2) : 53
(3,1,2) : 4
(3,1,2,0,4) : 104
(3,1,2,4,0) : 36
(3,1,4) : 1
(3,1,4,0,2) : 13
(3,1,4,2,0) : 16
(3,2) : 6
(3,2,0,1,4) : 13
(3,2,0,4,1) : 3
(3,2,1) : 2
(3,2,1,0,4) : 23
(3,2,1,4) : 1
(3,2,1,4,0) : 7
(3,2,4) : 1
(3,2,4,0,1) : 9
(3,2,4,1,0) : 11
(3,4) : 12
(3,4,0) : 3
(3,4,0,1,2) : 10
(3,4,0,2,1) : 7
(3,4,1) : 1
(3,4,1,0,2) : 15
(3,4,1,2,0) : 5
(3,4,2) : 1
(3,4,2,0,1) : 14
(3,4,2,1,0) : 21
(4) : 2051
(4,0) : 354
(4,0,1) : 69
(4,0,1,2) : 3
(4,0,1,2,3) : 654
(4,0,1,3) : 1
(4,0,1,3,2) : 153
(4,0,2) : 18
(4,0,2,1) : 6
(4,0,2,1,3) : 1036
(4,0,2,3) : 1
(4,0,2,3,1) : 230
(4,0,3) : 4
(4,0,3,1,2) : 44
(4,0,3,2) : 1
(4,0,3,2,1) : 86
(4,1) : 91
(4,1,0) : 29
(4,1,0,2) : 1
(4,1,0,2,3) : 225
(4,1,0,3) : 1
(4,1,0,3,2) : 48
(4,1,2) : 1
(4,1,2,0,3) : 47
(4,1,2,3,0) : 18
(4,1,3,0,2) : 12
(4,1,3,2,0) : 15
(4,2) : 27
(4,2,0) : 6
(4,2,0,1) : 1
(4,2,0,1,3) : 76
(4,2,0,3) : 2
(4,2,0,3,1) : 20
(4,2,1,0) : 1
(4,2,1,0,3) : 30
(4,2,1,3,0) : 8
(4,2,3) : 3
(4,2,3,0,1) : 27
(4,2,3,1,0) : 19
(4,3) : 14
(4,3,0) : 1
(4,3,0,1) : 1
(4,3,0,1,2) : 30
(4,3,0,2,1) : 12
(4,3,1) : 2
(4,3,1,0) : 1
(4,3,1,0,2) : 14
(4,3,1,2,0) : 6
(4,3,2) : 2
(4,3,2,0) : 1
(4,3,2,0,1) : 16
(4,3,2,1) : 1
(4,3,2,1,0) : 28
