0, 1, 2, 3, 4
LAB,NLT,LIB,GRN,CDP
-+-+-+-+-
() : 75
(0) : 18392
(0,1) : 281
(0,1,2) : 22
(0,1,2,3) : 20
(0,1,2,3,4) : 665
(0,1,2,4,3) : 74
(0,1,3) : 30
(0,1,3,2) : 6
(0,1,3,2,4) : 252
(0,1,3,4) : 6
(0,1,3,4,2) : 469
(0,1,4) : 7
(0,1,4,2) : 1
(0,1,4,2,3) : 44
(0,1,4,3) : 1
(0,1,4,3,2) : 222
(0,2) : 340
(0,2,1) : 15
(0,2,1,3) : 6
(0,2,1,3,4) : 372
(0,2,1,4,3) : 119
(0,2,3) : 35
(0,2,3,1) : 4
(0,2,3,1,4) : 243
(0,2,3,4) : 1
(0,2,3,4,1) : 191
(0,2,4) : 13
(0,2,4,1) : 3
(0,2,4,1,3) : 62
(0,2,4,3) : 5
(0,2,4,3,1) : 90
(0,3) : 573
(0,3,1) : 57
(0,3,1,2) : 8
(0,3,1,2,4) : 330
(0,3,1,4) : 14
(0,3,1,4,2) : 560
(0,3,2) : 29
(0,3,2,1) : 7
(0,3,2,1,4) : 275
(0,3,2,4) : 1
(0,3,2,4,1) : 105
(0,3,4) : 24
(0,3,4,1) : 4
(0,3,4,1,2) : 466
(0,3,4,2) : 6
(0,3,4,2,1) : 106
(0,4) : 208
(0,4,1) : 11
(0,4,1,2) : 2
(0,4,1,2,3) : 59
(0,4,1,3) : 2
(0,4,1,3,2) : 130
(0,4,2) : 8
(0,4,2,1,3) : 62
(0,4,2,3,1) : 77
(0,4,3) : 10
(0,4,3,1) : 1
(0,4,3,1,2) : 237
(0,4,3,2) : 3
(0,4,3,2,1) : 94
(1) : 1045
(1,0) : 48
(1,0,2) : 10
(1,0,2,3) : 1
(1,0,2,3,4) : 88
(1,0,2,4,3) : 18
(1,0,3) : 1
(1,0,3,2) : 1
(1,0,3,2,4) : 29
(1,0,3,4) : 1
(1,0,3,4,2) : 28
(1,0,4) : 1
(1,0,4,2,3) : 10
(1,0,4,3,2) : 9
(1,2) : 26
(1,2,0) : 2
(1,2,0,3,4) : 33
(1,2,0,4,3) : 19
(1,2,3) : 2
(1,2,3,0,4) : 17
(1,2,3,4) : 1
(1,2,3,4,0) : 21
(1,2,4,0,3) : 8
(1,2,4,3,0) : 9
(1,3) : 26
(1,3,0) : 2
(1,3,0,2) : 1
(1,3,0,2,4) : 16
(1,3,0,4,2) : 8
(1,3,2) : 1
(1,3,2,0,4) : 21
(1,3,2,4) : 1
(1,3,2,4,0) : 7
(1,3,4) : 3
(1,3,4,0,2) : 13
(1,3,4,2,0) : 18
(1,4) : 16
(1,4,0,2,3) : 7
(1,4,0,3,2) : 6
(1,4,2,0,3) : 4
(1,4,2,3,0) : 4
(1,4,3,0,2) : 10
(1,4,3,2,0) : 18
(2) : 10094
(2,0) : 248
(2,0,1) : 11
(2,0,1,3) : 4
(2,0,1,3,4) : 282
(2,0,1,4) : 1
(2,0,1,4,3) : 104
(2,0,3) : 21
(2,0,3,1) : 3
(2,0,3,1,4) : 135
(2,0,3,4,1) : 120
(2,0,4) : 10
(2,0,4,1,3) : 63
(2,0,4,3,1) : 59
(2,1) : 88
(2,1,0) : 5
(2,1,0,3) : 2
(2,1,0,3,4) : 157
(2,1,0,4) : 1
(2,1,0,4,3) : 55
(2,1,3) : 2
(2,1,3,0,4) : 69
(2,1,3,4) : 3
(2,1,3,4,0) : 118
(2,1,4) : 2
(2,1,4,0) : 1
(2,1,4,0,3) : 63
(2,1,4,3,0) : 100
(2,3) : 83
(2,3,0) : 9
(2,3,0,1) : 2
(2,3,0,1,4) : 86
(2,3,0,4,1) : 26
(2,3,1) : 4
(2,3,1,0) : 3
(2,3,1,0,4) : 57
(2,3,1,4,0) : 61
(2,3,4) : 6
(2,3,4,0,1) : 28
(2,3,4,1) : 2
(2,3,4,1,0) : 74
(2,4) : 247
(2,4,0) : 11
(2,4,0,1) : 1
(2,4,0,1,3) : 115
(2,4,0,3,1) : 63
(2,4,1) : 3
(2,4,1,0) : 3
(2,4,1,0,3) : 144
(2,4,1,3) : 1
(2,4,1,3,0) : 115
(2,4,3) : 6
(2,4,3,0,1) : 56
(2,4,3,1,0) : 101
(3) : 1299
(3,0) : 156
(3,0,1) : 7
(3,0,1,2) : 4
(3,0,1,2,4) : 130
(3,0,1,4,2) : 104
(3,0,2) : 13
(3,0,2,1) : 2
(3,0,2,1,4) : 107
(3,0,2,4,1) : 31
(3,0,4) : 1
(3,0,4,1,2) : 45
(3,0,4,2,1) : 15
(3,1) : 27
(3,1,0) : 2
(3,1,0,2,4) : 34
(3,1,0,4,2) : 16
(3,1,2) : 1
(3,1,2,0,4) : 21
(3,1,2,4,0) : 9
(3,1,4) : 1
(3,1,4,0) : 1
(3,1,4,0,2) : 15
(3,1,4,2,0) : 10
(3,2) : 25
(3,2,0) : 6
(3,2,0,1,4) : 44
(3,2,0,4,1) : 12
(3,2,1) : 1
(3,2,1,0) : 1
(3,2,1,0,4) : 28
(3,2,1,4,0) : 10
(3,2,4,0,1) : 1
(3,2,4,1,0) : 15
(3,4) : 15
(3,4,0) : 1
(3,4,0,1,2) : 21
(3,4,0,2,1) : 12
(3,4,1) : 1
(3,4,1,0) : 1
(3,4,1,0,2) : 15
(3,4,1,2,0) : 12
(3,4,2) : 1
(3,4,2,0,1) : 6
(3,4,2,1) : 1
(3,4,2,1,0) : 20
(4) : 1416
(4,0) : 87
(4,0,1) : 1
(4,0,1,2) : 2
(4,0,1,2,3) : 38
(4,0,1,3) : 1
(4,0,1,3,2) : 26
(4,0,2) : 15
(4,0,2,1,3) : 51
(4,0,2,3,1) : 25
(4,0,3) : 1
(4,0,3,1,2) : 34
(4,0,3,2,1) : 15
(4,1) : 18
(4,1,0,2,3) : 17
(4,1,0,3,2) : 2
(4,1,2) : 3
(4,1,2,0,3) : 20
(4,1,2,3,0) : 12
(4,1,3,0,2) : 13
(4,1,3,2,0) : 8
(4,2) : 160
(4,2,0) : 8
(4,2,0,1) : 1
(4,2,0,1,3) : 116
(4,2,0,3) : 1
(4,2,0,3,1) : 37
(4,2,1) : 6
(4,2,1,0) : 2
(4,2,1,0,3) : 107
(4,2,1,3,0) : 30
(4,2,3,0,1) : 12
(4,2,3,1,0) : 33
(4,3) : 13
(4,3,0,1,2) : 15
(4,3,0,2,1) : 10
(4,3,1,0,2) : 23
(4,3,1,2,0) : 21
(4,3,2) : 1
(4,3,2,0) : 1
(4,3,2,0,1) : 9
(4,3,2,1) : 1
(4,3,2,1,0) : 38
