0, 1, 2, 3, 4
LAB,GRN,NLT,LIB,CDP
-+-+-+-+-
() : 41
(0) : 17380
(0,1) : 981
(0,1,2) : 95
(0,1,2,3) : 26
(0,1,2,3,4) : 1119
(0,1,2,4) : 13
(0,1,2,4,3) : 878
(0,1,3) : 57
(0,1,3,2) : 4
(0,1,3,2,4) : 692
(0,1,3,4) : 2
(0,1,3,4,2) : 144
(0,1,4) : 16
(0,1,4,2) : 4
(0,1,4,2,3) : 267
(0,1,4,3) : 1
(0,1,4,3,2) : 80
(0,2) : 160
(0,2,1) : 24
(0,2,1,3) : 7
(0,2,1,3,4) : 231
(0,2,1,4,3) : 199
(0,2,3) : 11
(0,2,3,1) : 1
(0,2,3,1,4) : 104
(0,2,3,4) : 1
(0,2,3,4,1) : 75
(0,2,4) : 9
(0,2,4,1) : 2
(0,2,4,1,3) : 88
(0,2,4,3,1) : 43
(0,3) : 302
(0,3,1) : 42
(0,3,1,2) : 3
(0,3,1,2,4) : 405
(0,3,1,4) : 1
(0,3,1,4,2) : 120
(0,3,2) : 10
(0,3,2,1) : 3
(0,3,2,1,4) : 167
(0,3,2,4) : 1
(0,3,2,4,1) : 88
(0,3,4) : 11
(0,3,4,1) : 1
(0,3,4,1,2) : 66
(0,3,4,2,1) : 131
(0,4) : 39
(0,4,1) : 4
(0,4,1,2) : 2
(0,4,1,2,3) : 71
(0,4,1,3,2) : 14
(0,4,2) : 3
(0,4,2,1,3) : 47
(0,4,2,3) : 1
(0,4,2,3,1) : 30
(0,4,3) : 5
(0,4,3,1,2) : 33
(0,4,3,2) : 1
(0,4,3,2,1) : 41
(1) : 1979
(1,0) : 473
(1,0,2) : 27
(1,0,2,3) : 2
(1,0,2,3,4) : 427
(1,0,2,4) : 1
(1,0,2,4,3) : 213
(1,0,3) : 42
(1,0,3,2) : 5
(1,0,3,2,4) : 363
(1,0,3,4,2) : 69
(1,0,4) : 1
(1,0,4,2,3) : 52
(1,0,4,3,2) : 27
(1,2) : 34
(1,2,0) : 7
(1,2,0,3) : 2
(1,2,0,3,4) : 76
(1,2,0,4,3) : 26
(1,2,3) : 6
(1,2,3,0) : 1
(1,2,3,0,4) : 20
(1,2,3,4) : 1
(1,2,3,4,0) : 9
(1,2,4,0) : 1
(1,2,4,0,3) : 19
(1,2,4,3,0) : 16
(1,3) : 38
(1,3,0) : 12
(1,3,0,2,4) : 64
(1,3,0,4) : 1
(1,3,0,4,2) : 6
(1,3,2) : 2
(1,3,2,0) : 2
(1,3,2,0,4) : 21
(1,3,2,4,0) : 11
(1,3,4,0,2) : 9
(1,3,4,2,0) : 9
(1,4) : 5
(1,4,0) : 1
(1,4,0,2,3) : 8
(1,4,0,3,2) : 3
(1,4,2) : 1
(1,4,2,0,3) : 6
(1,4,2,3,0) : 5
(1,4,3,0,2) : 2
(1,4,3,2,0) : 1
(2) : 591
(2,0) : 25
(2,0,1,3) : 3
(2,0,1,3,4) : 28
(2,0,1,4) : 1
(2,0,1,4,3) : 12
(2,0,3) : 3
(2,0,3,1,4) : 12
(2,0,3,4,1) : 8
(2,0,4) : 1
(2,0,4,1,3) : 1
(2,0,4,3,1) : 6
(2,1) : 13
(2,1,0) : 1
(2,1,0,3,4) : 33
(2,1,0,4,3) : 11
(2,1,3,0) : 1
(2,1,3,0,4) : 7
(2,1,3,4,0) : 3
(2,1,4,0,3) : 6
(2,1,4,3,0) : 4
(2,3) : 21
(2,3,0) : 4
(2,3,0,1,4) : 23
(2,3,0,4,1) : 13
(2,3,1) : 1
(2,3,1,0) : 1
(2,3,1,0,4) : 14
(2,3,1,4) : 2
(2,3,1,4,0) : 5
(2,3,4,0,1) : 13
(2,3,4,1,0) : 17
(2,4) : 4
(2,4,0,1,3) : 1
(2,4,0,3,1) : 2
(2,4,1,0,3) : 7
(2,4,1,3,0) : 4
(2,4,3,0,1) : 4
(2,4,3,1,0) : 12
(3) : 12816
(3,0) : 294
(3,0,1) : 50
(3,0,1,2) : 2
(3,0,1,2,4) : 339
(3,0,1,4) : 2
(3,0,1,4,2) : 109
(3,0,2) : 5
(3,0,2,1) : 4
(3,0,2,1,4) : 119
(3,0,2,4) : 1
(3,0,2,4,1) : 97
(3,0,4) : 15
(3,0,4,1) : 1
(3,0,4,1,2) : 75
(3,0,4,2,1) : 105
(3,1) : 97
(3,1,0) : 18
(3,1,0,2) : 3
(3,1,0,2,4) : 159
(3,1,0,4) : 3
(3,1,0,4,2) : 45
(3,1,2) : 4
(3,1,2,0) : 2
(3,1,2,0,4) : 70
(3,1,2,4,0) : 74
(3,1,4) : 3
(3,1,4,0) : 2
(3,1,4,0,2) : 12
(3,1,4,2) : 3
(3,1,4,2,0) : 34
(3,2) : 114
(3,2,0) : 7
(3,2,0,1) : 2
(3,2,0,1,4) : 102
(3,2,0,4,1) : 49
(3,2,1) : 4
(3,2,1,0) : 1
(3,2,1,0,4) : 99
(3,2,1,4) : 1
(3,2,1,4,0) : 89
(3,2,4) : 7
(3,2,4,0) : 1
(3,2,4,0,1) : 98
(3,2,4,1) : 2
(3,2,4,1,0) : 161
(3,4) : 455
(3,4,0) : 5
(3,4,0,1) : 3
(3,4,0,1,2) : 91
(3,4,0,2,1) : 101
(3,4,1) : 2
(3,4,1,0,2) : 17
(3,4,1,2) : 1
(3,4,1,2,0) : 38
(3,4,2) : 12
(3,4,2,0) : 1
(3,4,2,0,1) : 191
(3,4,2,1) : 4
(3,4,2,1,0) : 219
(4) : 338
(4,0) : 19
(4,0,1) : 1
(4,0,1,2,3) : 9
(4,0,1,3,2) : 9
(4,0,2) : 1
(4,0,2,1,3) : 3
(4,0,2,3,1) : 7
(4,0,3) : 2
(4,0,3,1,2) : 9
(4,0,3,2,1) : 16
(4,1) : 3
(4,1,0,2,3) : 3
(4,1,0,3,2) : 7
(4,1,2,0,3) : 5
(4,1,2,3,0) : 3
(4,1,3,0) : 1
(4,1,3,0,2) : 4
(4,2) : 9
(4,2,0) : 1
(4,2,0,1,3) : 2
(4,2,0,3,1) : 8
(4,2,1,0,3) : 4
(4,2,1,3,0) : 4
(4,2,3) : 1
(4,2,3,0,1) : 6
(4,2,3,1,0) : 5
(4,3) : 61
(4,3,0) : 7
(4,3,0,1,2) : 26
(4,3,0,2,1) : 29
(4,3,1,0,2) : 3
(4,3,1,2,0) : 3
(4,3,2) : 1
(4,3,2,0,1) : 36
(4,3,2,1,0) : 26
