0, 1, 2, 3, 4
NLT,CDP,LIB,LAB,GRN
-+-+-+-+-
() : 67
(0) : 738
(0,1) : 11
(0,1,2) : 4
(0,1,2,3,4) : 55
(0,1,2,4,3) : 9
(0,1,3) : 2
(0,1,3,2,4) : 3
(0,1,3,4,2) : 3
(0,1,4,2,3) : 6
(0,1,4,3,2) : 11
(0,2) : 46
(0,2,1) : 3
(0,2,1,3,4) : 21
(0,2,1,4,3) : 16
(0,2,3) : 6
(0,2,3,1) : 1
(0,2,3,1,4) : 18
(0,2,3,4,1) : 31
(0,2,4) : 3
(0,2,4,1,3) : 9
(0,2,4,3) : 1
(0,2,4,3,1) : 27
(0,3) : 25
(0,3,1,2,4) : 5
(0,3,1,4,2) : 1
(0,3,2) : 4
(0,3,2,1,4) : 5
(0,3,2,4) : 1
(0,3,2,4,1) : 12
(0,3,4) : 2
(0,3,4,1,2) : 5
(0,3,4,2) : 1
(0,3,4,2,1) : 15
(0,4) : 17
(0,4,1,2,3) : 3
(0,4,1,3,2) : 5
(0,4,2,1,3) : 4
(0,4,2,3,1) : 18
(0,4,3) : 3
(0,4,3,1,2) : 11
(0,4,3,2) : 2
(0,4,3,2,1) : 28
(1) : 684
(1,0) : 9
(1,0,2) : 7
(1,0,2,3,4) : 26
(1,0,2,4,3) : 9
(1,0,3,2,4) : 10
(1,0,3,4,2) : 3
(1,0,4) : 1
(1,0,4,2,3) : 6
(1,0,4,3,2) : 13
(1,2) : 163
(1,2,0) : 6
(1,2,0,3) : 1
(1,2,0,3,4) : 102
(1,2,0,4,3) : 11
(1,2,3) : 13
(1,2,3,0,4) : 87
(1,2,3,4) : 1
(1,2,3,4,0) : 56
(1,2,4) : 2
(1,2,4,0,3) : 13
(1,2,4,3,0) : 24
(1,3) : 13
(1,3,0) : 1
(1,3,0,2,4) : 2
(1,3,0,4,2) : 3
(1,3,2) : 2
(1,3,2,0) : 1
(1,3,2,0,4) : 23
(1,3,2,4,0) : 15
(1,3,4,0,2) : 9
(1,3,4,2,0) : 9
(1,4) : 11
(1,4,0) : 1
(1,4,0,2,3) : 2
(1,4,0,3,2) : 6
(1,4,2) : 4
(1,4,2,0,3) : 1
(1,4,2,3,0) : 5
(1,4,3) : 3
(1,4,3,0) : 1
(1,4,3,0,2) : 6
(1,4,3,2) : 1
(1,4,3,2,0) : 8
(2) : 24772
(2,0) : 151
(2,0,1) : 5
(2,0,1,3) : 2
(2,0,1,3,4) : 223
(2,0,1,4,3) : 192
(2,0,3) : 9
(2,0,3,1,4) : 66
(2,0,3,4,1) : 115
(2,0,4) : 12
(2,0,4,1) : 1
(2,0,4,1,3) : 79
(2,0,4,3,1) : 119
(2,1) : 363
(2,1,0) : 19
(2,1,0,3,4) : 436
(2,1,0,4) : 2
(2,1,0,4,3) : 172
(2,1,3) : 15
(2,1,3,0,4) : 199
(2,1,3,4) : 3
(2,1,3,4,0) : 198
(2,1,4) : 12
(2,1,4,0) : 1
(2,1,4,0,3) : 64
(2,1,4,3) : 2
(2,1,4,3,0) : 89
(2,3) : 317
(2,3,0) : 13
(2,3,0,1) : 2
(2,3,0,1,4) : 95
(2,3,0,4) : 2
(2,3,0,4,1) : 104
(2,3,1) : 4
(2,3,1,0,4) : 90
(2,3,1,4) : 1
(2,3,1,4,0) : 87
(2,3,4) : 83
(2,3,4,0) : 5
(2,3,4,0,1) : 399
(2,3,4,1) : 2
(2,3,4,1,0) : 286
(2,4) : 329
(2,4,0) : 14
(2,4,0,1) : 2
(2,4,0,1,3) : 113
(2,4,0,3) : 2
(2,4,0,3,1) : 160
(2,4,1) : 8
(2,4,1,0) : 1
(2,4,1,0,3) : 67
(2,4,1,3) : 1
(2,4,1,3,0) : 62
(2,4,3) : 66
(2,4,3,0) : 2
(2,4,3,0,1) : 415
(2,4,3,1) : 1
(2,4,3,1,0) : 240
(3) : 4159
(3,0) : 46
(3,0,1) : 1
(3,0,1,2,4) : 22
(3,0,1,4,2) : 33
(3,0,2) : 1
(3,0,2,1) : 1
(3,0,2,1,4) : 17
(3,0,2,4,1) : 30
(3,0,4) : 9
(3,0,4,1,2) : 57
(3,0,4,2,1) : 46
(3,1) : 35
(3,1,0) : 2
(3,1,0,2,4) : 17
(3,1,0,4,2) : 24
(3,1,2) : 1
(3,1,2,0) : 1
(3,1,2,0,4) : 23
(3,1,2,4,0) : 25
(3,1,4) : 2
(3,1,4,0) : 1
(3,1,4,0,2) : 17
(3,1,4,2) : 3
(3,1,4,2,0) : 18
(3,2) : 168
(3,2,0) : 5
(3,2,0,1,4) : 41
(3,2,0,4,1) : 38
(3,2,1,0) : 1
(3,2,1,0,4) : 37
(3,2,1,4,0) : 42
(3,2,4) : 51
(3,2,4,0) : 4
(3,2,4,0,1) : 147
(3,2,4,1) : 3
(3,2,4,1,0) : 90
(3,4) : 851
(3,4,0) : 26
(3,4,0,1) : 6
(3,4,0,1,2) : 421
(3,4,0,2) : 2
(3,4,0,2,1) : 362
(3,4,1) : 5
(3,4,1,0) : 3
(3,4,1,0,2) : 178
(3,4,1,2,0) : 55
(3,4,2) : 65
(3,4,2,0) : 2
(3,4,2,0,1) : 461
(3,4,2,1,0) : 272
(4) : 3129
(4,0) : 37
(4,0,1) : 1
(4,0,1,2) : 1
(4,0,1,2,3) : 21
(4,0,1,3,2) : 40
(4,0,2) : 2
(4,0,2,1,3) : 6
(4,0,2,3) : 1
(4,0,2,3,1) : 53
(4,0,3) : 7
(4,0,3,1,2) : 26
(4,0,3,2) : 1
(4,0,3,2,1) : 95
(4,1) : 11
(4,1,0,2,3) : 4
(4,1,0,3,2) : 24
(4,1,2,0,3) : 2
(4,1,2,3,0) : 16
(4,1,3) : 1
(4,1,3,0,2) : 11
(4,1,3,2) : 2
(4,1,3,2,0) : 25
(4,2) : 130
(4,2,0,1,3) : 29
(4,2,0,3,1) : 54
(4,2,1) : 2
(4,2,1,0,3) : 16
(4,2,1,3,0) : 18
(4,2,3) : 49
(4,2,3,0) : 3
(4,2,3,0,1) : 310
(4,2,3,1,0) : 123
(4,3) : 486
(4,3,0) : 23
(4,3,0,1,2) : 289
(4,3,0,2) : 5
(4,3,0,2,1) : 424
(4,3,1) : 3
(4,3,1,0) : 1
(4,3,1,0,2) : 86
(4,3,1,2,0) : 53
(4,3,2) : 89
(4,3,2,0) : 4
(4,3,2,0,1) : 1582
(4,3,2,1) : 2
(4,3,2,1,0) : 353
