0, 1, 2, 3, 4
LIB,CDP,GRN,LAB,NLT
-+-+-+-+-
() : 88
(0) : 17074
(0,1) : 211
(0,1,2) : 14
(0,1,2,3) : 11
(0,1,2,3,4) : 317
(0,1,2,4) : 1
(0,1,2,4,3) : 121
(0,1,3) : 6
(0,1,3,2) : 1
(0,1,3,2,4) : 154
(0,1,3,4,2) : 110
(0,1,4) : 5
(0,1,4,2,3) : 213
(0,1,4,3,2) : 267
(0,2) : 109
(0,2,1) : 3
(0,2,1,3) : 2
(0,2,1,3,4) : 98
(0,2,1,4) : 1
(0,2,1,4,3) : 101
(0,2,3) : 17
(0,2,3,1,4) : 101
(0,2,3,4) : 2
(0,2,3,4,1) : 206
(0,2,4) : 8
(0,2,4,1) : 1
(0,2,4,1,3) : 129
(0,2,4,3) : 1
(0,2,4,3,1) : 97
(0,3) : 112
(0,3,1) : 2
(0,3,1,2,4) : 94
(0,3,1,4,2) : 60
(0,3,2) : 20
(0,3,2,1) : 2
(0,3,2,1,4) : 175
(0,3,2,4,1) : 221
(0,3,4) : 4
(0,3,4,1) : 1
(0,3,4,1,2) : 82
(0,3,4,2,1) : 121
(0,4) : 67
(0,4,1) : 4
(0,4,1,2) : 2
(0,4,1,2,3) : 232
(0,4,1,3,2) : 124
(0,4,2) : 2
(0,4,2,1,3) : 112
(0,4,2,3) : 1
(0,4,2,3,1) : 79
(0,4,3) : 2
(0,4,3,1,2) : 55
(0,4,3,2,1) : 90
(1) : 620
(1,0) : 145
(1,0,2,3) : 1
(1,0,2,3,4) : 41
(1,0,2,4,3) : 14
(1,0,3) : 5
(1,0,3,2,4) : 42
(1,0,3,4) : 1
(1,0,3,4,2) : 89
(1,0,4) : 2
(1,0,4,2,3) : 19
(1,0,4,3,2) : 112
(1,2) : 2
(1,2,0) : 1
(1,2,0,3,4) : 13
(1,2,0,4,3) : 3
(1,2,3,0,4) : 7
(1,2,3,4,0) : 11
(1,2,4,0,3) : 6
(1,2,4,3,0) : 6
(1,3) : 16
(1,3,0,2,4) : 21
(1,3,0,4,2) : 17
(1,3,2) : 1
(1,3,2,0,4) : 12
(1,3,2,4,0) : 17
(1,3,4) : 1
(1,3,4,0,2) : 13
(1,3,4,2,0) : 11
(1,4) : 8
(1,4,0) : 2
(1,4,0,2,3) : 4
(1,4,0,3,2) : 10
(1,4,2,0,3) : 6
(1,4,2,3,0) : 11
(1,4,3,0,2) : 7
(1,4,3,2,0) : 4
(2) : 2157
(2,0) : 41
(2,0,1) : 2
(2,0,1,3) : 1
(2,0,1,3,4) : 21
(2,0,1,4,3) : 13
(2,0,3) : 8
(2,0,3,1,4) : 38
(2,0,3,4) : 2
(2,0,3,4,1) : 96
(2,0,4) : 2
(2,0,4,1) : 1
(2,0,4,1,3) : 16
(2,0,4,3) : 1
(2,0,4,3,1) : 33
(2,1) : 6
(2,1,0,3,4) : 21
(2,1,0,4,3) : 2
(2,1,3) : 1
(2,1,3,0) : 1
(2,1,3,0,4) : 18
(2,1,3,4) : 1
(2,1,3,4,0) : 16
(2,1,4) : 1
(2,1,4,0,3) : 9
(2,1,4,3,0) : 18
(2,3) : 247
(2,3,0) : 22
(2,3,0,1,4) : 113
(2,3,0,4,1) : 521
(2,3,1) : 1
(2,3,1,0) : 2
(2,3,1,0,4) : 53
(2,3,1,4,0) : 97
(2,3,4) : 17
(2,3,4,0) : 3
(2,3,4,0,1) : 311
(2,3,4,1) : 1
(2,3,4,1,0) : 358
(2,4) : 25
(2,4,0,1,3) : 7
(2,4,0,3,1) : 18
(2,4,1) : 1
(2,4,1,0,3) : 25
(2,4,1,3,0) : 37
(2,4,3) : 4
(2,4,3,0,1) : 67
(2,4,3,1,0) : 36
(3) : 10188
(3,0) : 78
(3,0,1) : 4
(3,0,1,2) : 4
(3,0,1,2,4) : 135
(3,0,1,4) : 2
(3,0,1,4,2) : 51
(3,0,2) : 17
(3,0,2,1) : 1
(3,0,2,1,4) : 142
(3,0,2,4) : 1
(3,0,2,4,1) : 168
(3,0,4) : 2
(3,0,4,1,2) : 42
(3,0,4,2) : 1
(3,0,4,2,1) : 92
(3,1) : 42
(3,1,0) : 1
(3,1,0,2) : 1
(3,1,0,2,4) : 72
(3,1,0,4) : 1
(3,1,0,4,2) : 27
(3,1,2) : 6
(3,1,2,0,4) : 62
(3,1,2,4) : 3
(3,1,2,4,0) : 113
(3,1,4) : 1
(3,1,4,0) : 2
(3,1,4,0,2) : 25
(3,1,4,2,0) : 71
(3,2) : 556
(3,2,0) : 32
(3,2,0,1) : 3
(3,2,0,1,4) : 234
(3,2,0,4) : 3
(3,2,0,4,1) : 342
(3,2,1) : 10
(3,2,1,0) : 31
(3,2,1,0,4) : 4096
(3,2,1,4) : 5
(3,2,1,4,0) : 602
(3,2,4) : 29
(3,2,4,0) : 2
(3,2,4,0,1) : 516
(3,2,4,1) : 8
(3,2,4,1,0) : 1225
(3,4) : 78
(3,4,0) : 1
(3,4,0,1,2) : 51
(3,4,0,2,1) : 42
(3,4,1) : 3
(3,4,1,0) : 2
(3,4,1,0,2) : 47
(3,4,1,2,0) : 145
(3,4,2) : 18
(3,4,2,0) : 1
(3,4,2,0,1) : 131
(3,4,2,1) : 5
(3,4,2,1,0) : 512
(4) : 671
(4,0) : 14
(4,0,1) : 1
(4,0,1,2,3) : 13
(4,0,1,3,2) : 4
(4,0,2,1) : 1
(4,0,2,1,3) : 5
(4,0,2,3,1) : 9
(4,0,3,1,2) : 11
(4,0,3,2,1) : 18
(4,1) : 2
(4,1,0,2,3) : 6
(4,1,0,3,2) : 12
(4,1,2,0,3) : 6
(4,1,2,3,0) : 22
(4,1,3,0,2) : 6
(4,1,3,2,0) : 4
(4,2) : 19
(4,2,0) : 1
(4,2,0,3,1) : 20
(4,2,1,0,3) : 11
(4,2,1,3,0) : 10
(4,2,3) : 2
(4,2,3,0) : 1
(4,2,3,0,1) : 26
(4,2,3,1,0) : 17
(4,3) : 14
(4,3,0) : 1
(4,3,0,1,2) : 12
(4,3,0,2,1) : 12
(4,3,1,0,2) : 5
(4,3,1,2,0) : 12
(4,3,2) : 2
(4,3,2,0,1) : 23
(4,3,2,1) : 1
(4,3,2,1,0) : 36
