0, 1, 2, 3, 4
CDP,CLP,NP,GRN,NLT
-+-+-+-+-
() : 153
(0) : 469
(0,1) : 13
(0,1,2) : 4
(0,1,2,3) : 2
(0,1,2,3,4) : 63
(0,1,2,4,3) : 15
(0,1,3) : 1
(0,1,3,2,4) : 6
(0,1,3,4) : 2
(0,1,3,4,2) : 19
(0,1,4,2,3) : 8
(0,1,4,3,2) : 14
(0,2) : 65
(0,2,1) : 7
(0,2,1,3,4) : 48
(0,2,1,4,3) : 63
(0,2,3,1) : 1
(0,2,3,1,4) : 16
(0,2,3,4,1) : 8
(0,2,4,1,3) : 74
(0,2,4,3,1) : 14
(0,3) : 3
(0,3,1,2,4) : 9
(0,3,1,4,2) : 3
(0,3,2) : 1
(0,3,2,1) : 1
(0,3,2,1,4) : 6
(0,3,2,4,1) : 3
(0,3,4,1,2) : 5
(0,3,4,2,1) : 6
(0,4) : 4
(0,4,1,2,3) : 6
(0,4,1,3,2) : 8
(0,4,2,1,3) : 17
(0,4,2,3,1) : 8
(0,4,3,1,2) : 11
(0,4,3,2) : 1
(0,4,3,2,1) : 6
(1) : 7991
(1,0) : 23
(1,0,2) : 2
(1,0,2,3) : 2
(1,0,2,3,4) : 133
(1,0,2,4,3) : 40
(1,0,3) : 5
(1,0,3,2) : 1
(1,0,3,2,4) : 29
(1,0,3,4) : 1
(1,0,3,4,2) : 123
(1,0,4) : 1
(1,0,4,2,3) : 48
(1,0,4,3) : 1
(1,0,4,3,2) : 92
(1,2) : 230
(1,2,0) : 3
(1,2,0,3,4) : 184
(1,2,0,4) : 3
(1,2,0,4,3) : 113
(1,2,3) : 26
(1,2,3,0) : 3
(1,2,3,0,4) : 208
(1,2,3,4) : 11
(1,2,3,4,0) : 459
(1,2,4) : 4
(1,2,4,0) : 1
(1,2,4,0,3) : 170
(1,2,4,3) : 3
(1,2,4,3,0) : 158
(1,3) : 346
(1,3,0) : 6
(1,3,0,2) : 1
(1,3,0,2,4) : 101
(1,3,0,4,2) : 264
(1,3,2) : 46
(1,3,2,0) : 2
(1,3,2,0,4) : 229
(1,3,2,4) : 4
(1,3,2,4,0) : 387
(1,3,4) : 14
(1,3,4,0) : 5
(1,3,4,0,2) : 935
(1,3,4,2) : 5
(1,3,4,2,0) : 333
(1,4) : 39
(1,4,0) : 4
(1,4,0,2,3) : 76
(1,4,0,3,2) : 118
(1,4,2) : 5
(1,4,2,0) : 1
(1,4,2,0,3) : 56
(1,4,2,3) : 2
(1,4,2,3,0) : 62
(1,4,3) : 7
(1,4,3,0) : 3
(1,4,3,0,2) : 120
(1,4,3,2) : 2
(1,4,3,2,0) : 69
(2) : 18837
(2,0) : 3078
(2,0,1) : 17
(2,0,1,3) : 4
(2,0,1,3,4) : 483
(2,0,1,4) : 2
(2,0,1,4,3) : 291
(2,0,3) : 13
(2,0,3,1) : 3
(2,0,3,1,4) : 172
(2,0,3,4) : 4
(2,0,3,4,1) : 222
(2,0,4) : 20
(2,0,4,1) : 3
(2,0,4,1,3) : 496
(2,0,4,3) : 7
(2,0,4,3,1) : 373
(2,1) : 379
(2,1,0) : 9
(2,1,0,3) : 2
(2,1,0,3,4) : 405
(2,1,0,4) : 3
(2,1,0,4,3) : 222
(2,1,3) : 42
(2,1,3,0) : 7
(2,1,3,0,4) : 308
(2,1,3,4) : 5
(2,1,3,4,0) : 489
(2,1,4) : 10
(2,1,4,0,3) : 267
(2,1,4,3) : 5
(2,1,4,3,0) : 221
(2,3) : 325
(2,3,0) : 10
(2,3,0,1,4) : 113
(2,3,0,4,1) : 72
(2,3,1) : 49
(2,3,1,0) : 1
(2,3,1,0,4) : 313
(2,3,1,4) : 2
(2,3,1,4,0) : 349
(2,3,4) : 8
(2,3,4,0) : 2
(2,3,4,0,1) : 159
(2,3,4,1) : 2
(2,3,4,1,0) : 276
(2,4) : 98
(2,4,0) : 9
(2,4,0,1,3) : 258
(2,4,0,3) : 1
(2,4,0,3,1) : 133
(2,4,1) : 11
(2,4,1,0) : 1
(2,4,1,0,3) : 166
(2,4,1,3) : 1
(2,4,1,3,0) : 86
(2,4,3) : 11
(2,4,3,0,1) : 109
(2,4,3,1) : 1
(2,4,3,1,0) : 162
(3) : 1750
(3,0) : 11
(3,0,1,2,4) : 14
(3,0,1,4,2) : 16
(3,0,2) : 1
(3,0,2,1,4) : 5
(3,0,2,4,1) : 3
(3,0,4,1,2) : 15
(3,0,4,2,1) : 6
(3,1) : 559
(3,1,0) : 4
(3,1,0,2) : 1
(3,1,0,2,4) : 52
(3,1,0,4) : 1
(3,1,0,4,2) : 98
(3,1,2) : 52
(3,1,2,0) : 1
(3,1,2,0,4) : 133
(3,1,2,4,0) : 415
(3,1,4) : 10
(3,1,4,0) : 3
(3,1,4,0,2) : 242
(3,1,4,2) : 1
(3,1,4,2,0) : 295
(3,2) : 100
(3,2,0) : 2
(3,2,0,1,4) : 30
(3,2,0,4,1) : 12
(3,2,1) : 22
(3,2,1,0) : 1
(3,2,1,0,4) : 105
(3,2,1,4) : 2
(3,2,1,4,0) : 187
(3,2,4) : 4
(3,2,4,0,1) : 25
(3,2,4,1) : 1
(3,2,4,1,0) : 52
(3,4) : 15
(3,4,0,1,2) : 39
(3,4,0,2,1) : 12
(3,4,1) : 2
(3,4,1,0,2) : 42
(3,4,1,2) : 1
(3,4,1,2,0) : 49
(3,4,2) : 1
(3,4,2,0,1) : 10
(3,4,2,1,0) : 33
(4) : 438
(4,0) : 3
(4,0,1,2,3) : 7
(4,0,1,3,2) : 14
(4,0,2) : 2
(4,0,2,1,3) : 12
(4,0,2,3,1) : 4
(4,0,3,1,2) : 10
(4,0,3,2,1) : 4
(4,1) : 12
(4,1,0,2,3) : 16
(4,1,0,3,2) : 12
(4,1,2) : 2
(4,1,2,0,3) : 9
(4,1,2,3,0) : 13
(4,1,3) : 1
(4,1,3,0,2) : 12
(4,1,3,2,0) : 7
(4,2) : 18
(4,2,0) : 2
(4,2,0,1,3) : 10
(4,2,0,3,1) : 5
(4,2,1) : 1
(4,2,1,0) : 1
(4,2,1,0,3) : 29
(4,2,1,3) : 1
(4,2,1,3,0) : 15
(4,2,3,0,1) : 3
(4,2,3,1) : 1
(4,2,3,1,0) : 8
(4,3) : 6
(4,3,0,1,2) : 18
(4,3,0,2,1) : 3
(4,3,1) : 2
(4,3,1,0,2) : 8
(4,3,1,2,0) : 13
(4,3,2,0,1) : 4
(4,3,2,1,0) : 24
