0, 1, 2, 3, 4, 5
UP,GRN,LIB,CDP,NLT,LAB
-+-+-+-+-
() : 193
(0) : 2405
(0,1) : 34
(0,1,2) : 8
(0,1,2,3) : 2
(0,1,2,3,4) : 5
(0,1,2,3,4,5) : 102
(0,1,2,3,5,4) : 3
(0,1,2,4,3,5) : 4
(0,1,2,4,5,3) : 3
(0,1,2,5,3,4) : 1
(0,1,2,5,4,3) : 9
(0,1,3) : 2
(0,1,3,2,4,5) : 3
(0,1,3,2,5,4) : 2
(0,1,3,4,2) : 1
(0,1,3,4,2,5) : 2
(0,1,3,4,5,2) : 2
(0,1,3,5,2,4) : 1
(0,1,3,5,4,2) : 1
(0,1,4,2,3,5) : 2
(0,1,4,2,5,3) : 1
(0,1,4,3,2) : 1
(0,1,4,3,2,5) : 2
(0,1,4,3,5,2) : 3
(0,1,4,5,2,3) : 3
(0,1,4,5,3,2) : 1
(0,1,5) : 3
(0,1,5,2) : 1
(0,1,5,2,3,4) : 2
(0,1,5,2,4,3) : 5
(0,1,5,4,2,3) : 3
(0,1,5,4,3,2) : 4
(0,2) : 352
(0,2,1) : 4
(0,2,1,3) : 2
(0,2,1,3,4,5) : 35
(0,2,1,3,5) : 1
(0,2,1,3,5,4) : 10
(0,2,1,4,3,5) : 4
(0,2,1,4,5) : 1
(0,2,1,4,5,3) : 5
(0,2,1,5,3,4) : 5
(0,2,1,5,4,3) : 6
(0,2,3) : 3
(0,2,3,1,4,5) : 3
(0,2,3,4,1,5) : 5
(0,2,3,4,5,1) : 5
(0,2,3,5,1,4) : 2
(0,2,3,5,4,1) : 1
(0,2,4) : 11
(0,2,4,1) : 1
(0,2,4,1,3,5) : 5
(0,2,4,1,5) : 1
(0,2,4,1,5,3) : 3
(0,2,4,3,1,5) : 1
(0,2,4,3,5,1) : 2
(0,2,4,5) : 1
(0,2,4,5,1,3) : 7
(0,2,4,5,3,1) : 4
(0,2,5) : 13
(0,2,5,1,3,4) : 24
(0,2,5,1,4,3) : 8
(0,2,5,3,1,4) : 6
(0,2,5,3,4,1) : 3
(0,2,5,4,1,3) : 8
(0,2,5,4,3,1) : 15
(0,3) : 13
(0,3,1,2,4,5) : 3
(0,3,1,4,2,5) : 2
(0,3,1,5,2) : 2
(0,3,1,5,2,4) : 1
(0,3,1,5,4,2) : 1
(0,3,2,1,4) : 1
(0,3,2,1,4,5) : 2
(0,3,2,4,1,5) : 1
(0,3,2,5,1,4) : 1
(0,3,2,5,4,1) : 1
(0,3,4) : 2
(0,3,4,1,2,5) : 1
(0,3,4,2,5,1) : 2
(0,3,4,5,2,1) : 2
(0,3,5,1,2,4) : 1
(0,3,5,1,4,2) : 1
(0,3,5,2,1,4) : 1
(0,3,5,2,4,1) : 1
(0,3,5,4,2,1) : 1
(0,4) : 43
(0,4,1) : 1
(0,4,1,2,3,5) : 4
(0,4,1,3,2,5) : 1
(0,4,1,3,5,2) : 2
(0,4,1,5,2,3) : 6
(0,4,1,5,3,2) : 3
(0,4,2) : 1
(0,4,2,1,3,5) : 5
(0,4,2,3,1,5) : 1
(0,4,2,3,5,1) : 1
(0,4,2,5,1,3) : 4
(0,4,2,5,3,1) : 2
(0,4,3) : 2
(0,4,3,1,2,5) : 2
(0,4,3,1,5,2) : 2
(0,4,3,2,1,5) : 2
(0,4,3,5,1,2) : 1
(0,4,3,5,2,1) : 1
(0,4,5) : 4
(0,4,5,1,2,3) : 3
(0,4,5,1,3,2) : 1
(0,4,5,2,1,3) : 7
(0,4,5,2,3,1) : 3
(0,4,5,3,1,2) : 1
(0,4,5,3,2,1) : 2
(0,5) : 149
(0,5,1) : 12
(0,5,1,2) : 5
(0,5,1,2,3,4) : 18
(0,5,1,2,4,3) : 18
(0,5,1,3,2,4) : 2
(0,5,1,3,4,2) : 5
(0,5,1,4,2,3) : 8
(0,5,1,4,3,2) : 12
(0,5,2) : 6
(0,5,2,1,3,4) : 13
(0,5,2,1,4) : 2
(0,5,2,1,4,3) : 8
(0,5,2,3,1,4) : 1
(0,5,2,3,4,1) : 6
(0,5,2,4,1,3) : 6
(0,5,2,4,3,1) : 2
(0,5,3) : 1
(0,5,3,1,2,4) : 1
(0,5,3,2) : 1
(0,5,3,2,1,4) : 3
(0,5,3,2,4) : 1
(0,5,3,2,4,1) : 4
(0,5,3,4,1,2) : 2
(0,5,3,4,2,1) : 2
(0,5,4) : 3
(0,5,4,1,2,3) : 2
(0,5,4,1,3,2) : 7
(0,5,4,2,1,3) : 4
(0,5,4,2,3,1) : 4
(0,5,4,3,1,2) : 7
(0,5,4,3,2,1) : 9
(1) : 1544
(1,0) : 21
(1,0,2) : 2
(1,0,2,3) : 1
(1,0,2,3,4,5) : 10
(1,0,2,3,5,4) : 1
(1,0,2,4,3,5) : 4
(1,0,2,4,5,3) : 1
(1,0,2,5) : 2
(1,0,2,5,3,4) : 1
(1,0,2,5,4,3) : 4
(1,0,3) : 2
(1,0,3,2,4,5) : 2
(1,0,3,4,2,5) : 3
(1,0,3,4,5,2) : 5
(1,0,3,5) : 1
(1,0,3,5,2,4) : 1
(1,0,3,5,4,2) : 1
(1,0,4,2,5,3) : 2
(1,0,4,3) : 1
(1,0,4,3,2,5) : 2
(1,0,4,3,5,2) : 5
(1,0,4,5,2,3) : 7
(1,0,4,5,3,2) : 3
(1,0,5) : 8
(1,0,5,2,3,4) : 4
(1,0,5,2,4,3) : 16
(1,0,5,3,2,4) : 1
(1,0,5,3,4,2) : 2
(1,0,5,4,2,3) : 7
(1,0,5,4,3,2) : 7
(1,2) : 42
(1,2,0) : 1
(1,2,0,3) : 1
(1,2,0,3,4,5) : 3
(1,2,0,3,5,4) : 1
(1,2,0,4,5,3) : 3
(1,2,0,5) : 1
(1,2,0,5,3,4) : 1
(1,2,0,5,4,3) : 2
(1,2,3) : 1
(1,2,3,0,4,5) : 2
(1,2,3,4) : 1
(1,2,3,4,0,5) : 2
(1,2,3,4,5) : 1
(1,2,3,4,5,0) : 4
(1,2,3,5) : 1
(1,2,3,5,0,4) : 1
(1,2,3,5,4,0) : 2
(1,2,4) : 3
(1,2,4,0,3,5) : 2
(1,2,4,0,5,3) : 3
(1,2,4,3,0,5) : 2
(1,2,4,3,5,0) : 2
(1,2,4,5,0) : 1
(1,2,4,5,0,3) : 5
(1,2,4,5,3,0) : 7
(1,2,5) : 12
(1,2,5,0,3,4) : 6
(1,2,5,0,4,3) : 14
(1,2,5,3) : 1
(1,2,5,3,4) : 1
(1,2,5,3,4,0) : 1
(1,2,5,4,0,3) : 13
(1,2,5,4,3,0) : 6
(1,3) : 19
(1,3,0) : 1
(1,3,0,2,4,5) : 1
(1,3,0,2,5,4) : 2
(1,3,0,4,2,5) : 1
(1,3,2) : 2
(1,3,2,0) : 1
(1,3,2,0,4,5) : 1
(1,3,2,4,0,5) : 1
(1,3,2,4,5,0) : 1
(1,3,2,5,0,4) : 2
(1,3,2,5,4,0) : 1
(1,3,4) : 1
(1,3,4,0,2,5) : 4
(1,3,4,0,5,2) : 2
(1,3,4,2,0,5) : 1
(1,3,4,5,0,2) : 1
(1,3,4,5,2,0) : 1
(1,3,5) : 3
(1,3,5,0,2,4) : 1
(1,3,5,0,4,2) : 4
(1,3,5,2,0,4) : 1
(1,3,5,4,0,2) : 1
(1,3,5,4,2,0) : 1
(1,4) : 28
(1,4,0) : 2
(1,4,0,2) : 1
(1,4,0,2,3,5) : 2
(1,4,0,2,5,3) : 7
(1,4,0,3,2,5) : 1
(1,4,0,3,5,2) : 7
(1,4,0,5) : 1
(1,4,0,5,2,3) : 7
(1,4,0,5,3,2) : 6
(1,4,2) : 1
(1,4,2,0,3,5) : 3
(1,4,2,0,5,3) : 3
(1,4,2,5,3,0) : 1
(1,4,3) : 2
(1,4,3,0,2,5) : 2
(1,4,3,0,5,2) : 5
(1,4,3,2,0,5) : 1
(1,4,5) : 6
(1,4,5,0,2,3) : 5
(1,4,5,0,3,2) : 9
(1,4,5,2) : 1
(1,4,5,2,0,3) : 4
(1,4,5,2,3,0) : 5
(1,4,5,3,0,2) : 3
(1,4,5,3,2,0) : 5
(1,5) : 404
(1,5,0) : 11
(1,5,0,2) : 2
(1,5,0,2,3,4) : 17
(1,5,0,2,4,3) : 35
(1,5,0,3,2,4) : 3
(1,5,0,3,4,2) : 20
(1,5,0,4) : 3
(1,5,0,4,2,3) : 82
(1,5,0,4,3,2) : 35
(1,5,2) : 28
(1,5,2,0) : 1
(1,5,2,0,3,4) : 23
(1,5,2,0,4,3) : 58
(1,5,2,3,0,4) : 9
(1,5,2,3,4) : 1
(1,5,2,3,4,0) : 8
(1,5,2,4,0,3) : 33
(1,5,2,4,3,0) : 9
(1,5,3) : 5
(1,5,3,0,2,4) : 1
(1,5,3,0,4,2) : 5
(1,5,3,2) : 1
(1,5,3,2,0,4) : 5
(1,5,3,2,4,0) : 3
(1,5,3,4,0,2) : 9
(1,5,3,4,2,0) : 1
(1,5,4) : 13
(1,5,4,0) : 2
(1,5,4,0,2) : 2
(1,5,4,0,2,3) : 82
(1,5,4,0,3,2) : 51
(1,5,4,2) : 2
(1,5,4,2,0,3) : 26
(1,5,4,2,3) : 2
(1,5,4,2,3,0) : 6
(1,5,4,3,0,2) : 16
(1,5,4,3,2,0) : 9
(2) : 12459
(2,0) : 162
(2,0,1) : 12
(2,0,1,3) : 2
(2,0,1,3,4) : 4
(2,0,1,3,4,5) : 63
(2,0,1,3,5,4) : 10
(2,0,1,4,3,5) : 13
(2,0,1,4,5,3) : 9
(2,0,1,5,3,4) : 6
(2,0,1,5,4,3) : 9
(2,0,3) : 239
(2,0,3,1,4,5) : 19
(2,0,3,1,5,4) : 5
(2,0,3,4,1) : 1
(2,0,3,4,1,5) : 25
(2,0,3,4,5,1) : 26
(2,0,3,5) : 1
(2,0,3,5,1,4) : 17
(2,0,3,5,4,1) : 7
(2,0,4) : 6
(2,0,4,1,3,5) : 10
(2,0,4,1,5) : 1
(2,0,4,1,5,3) : 8
(2,0,4,3,1,5) : 6
(2,0,4,3,5,1) : 8
(2,0,4,5) : 1
(2,0,4,5,1,3) : 10
(2,0,4,5,3,1) : 14
(2,0,5) : 12
(2,0,5,1) : 4
(2,0,5,1,3,4) : 18
(2,0,5,1,4,3) : 11
(2,0,5,3,1,4) : 8
(2,0,5,3,4,1) : 8
(2,0,5,4) : 1
(2,0,5,4,1,3) : 4
(2,0,5,4,3,1) : 11
(2,1) : 99
(2,1,0) : 7
(2,1,0,3) : 2
(2,1,0,3,4) : 1
(2,1,0,3,4,5) : 62
(2,1,0,3,5,4) : 5
(2,1,0,4,3,5) : 14
(2,1,0,4,5,3) : 13
(2,1,0,5,3,4) : 7
(2,1,0,5,4,3) : 11
(2,1,3) : 2
(2,1,3,0,4,5) : 10
(2,1,3,0,5,4) : 3
(2,1,3,4) : 1
(2,1,3,4,0) : 1
(2,1,3,4,0,5) : 7
(2,1,3,4,5) : 3
(2,1,3,4,5,0) : 10
(2,1,3,5,0,4) : 4
(2,1,3,5,4,0) : 8
(2,1,4) : 2
(2,1,4,0,3,5) : 9
(2,1,4,0,5) : 1
(2,1,4,0,5,3) : 5
(2,1,4,3,0,5) : 9
(2,1,4,3,5,0) : 6
(2,1,4,5) : 1
(2,1,4,5,0,3) : 10
(2,1,4,5,3,0) : 3
(2,1,5) : 24
(2,1,5,0) : 1
(2,1,5,0,3,4) : 14
(2,1,5,0,4,3) : 22
(2,1,5,3,0,4) : 9
(2,1,5,3,4,0) : 5
(2,1,5,4) : 1
(2,1,5,4,0,3) : 19
(2,1,5,4,3,0) : 18
(2,3) : 226
(2,3,0) : 23
(2,3,0,1,4,5) : 36
(2,3,0,1,5,4) : 9
(2,3,0,4,1,5) : 31
(2,3,0,4,5) : 1
(2,3,0,4,5,1) : 59
(2,3,0,5,1,4) : 15
(2,3,0,5,4,1) : 33
(2,3,1) : 2
(2,3,1,0,4,5) : 16
(2,3,1,0,5,4) : 5
(2,3,1,4) : 1
(2,3,1,4,0) : 1
(2,3,1,4,0,5) : 9
(2,3,1,4,5,0) : 4
(2,3,1,5,0,4) : 8
(2,3,1,5,4,0) : 3
(2,3,4) : 9
(2,3,4,0,1,5) : 41
(2,3,4,0,5) : 1
(2,3,4,0,5,1) : 50
(2,3,4,1) : 1
(2,3,4,1,0) : 1
(2,3,4,1,0,5) : 16
(2,3,4,1,5,0) : 7
(2,3,4,5) : 1
(2,3,4,5,0,1) : 27
(2,3,4,5,1,0) : 31
(2,3,5) : 15
(2,3,5,0,1,4) : 15
(2,3,5,0,4,1) : 23
(2,3,5,1,0,4) : 15
(2,3,5,1,4,0) : 1
(2,3,5,4) : 2
(2,3,5,4,0,1) : 25
(2,3,5,4,1) : 1
(2,3,5,4,1,0) : 10
(2,4) : 108
(2,4,0) : 7
(2,4,0,1,3,5) : 12
(2,4,0,1,5) : 5
(2,4,0,1,5,3) : 8
(2,4,0,3,1,5) : 17
(2,4,0,3,5) : 1
(2,4,0,3,5,1) : 17
(2,4,0,5) : 1
(2,4,0,5,1) : 1
(2,4,0,5,1,3) : 9
(2,4,0,5,3,1) : 9
(2,4,1) : 3
(2,4,1,0,3,5) : 25
(2,4,1,0,5,3) : 5
(2,4,1,3,0,5) : 5
(2,4,1,3,5) : 2
(2,4,1,3,5,0) : 2
(2,4,1,5) : 1
(2,4,1,5,0) : 2
(2,4,1,5,0,3) : 3
(2,4,1,5,3) : 1
(2,4,3) : 3
(2,4,3,0) : 1
(2,4,3,0,1,5) : 23
(2,4,3,0,5,1) : 15
(2,4,3,1,0,5) : 23
(2,4,3,1,5,0) : 4
(2,4,3,5,0) : 1
(2,4,3,5,0,1) : 6
(2,4,3,5,1,0) : 6
(2,4,5) : 8
(2,4,5,0,1) : 1
(2,4,5,0,1,3) : 14
(2,4,5,0,3) : 1
(2,4,5,0,3,1) : 7
(2,4,5,1,0) : 3
(2,4,5,1,0,3) : 20
(2,4,5,1,3,0) : 5
(2,4,5,3,0,1) : 16
(2,4,5,3,1) : 1
(2,4,5,3,1,0) : 13
(2,5) : 341
(2,5,0) : 14
(2,5,0,1) : 2
(2,5,0,1,3) : 1
(2,5,0,1,3,4) : 46
(2,5,0,1,4,3) : 32
(2,5,0,3) : 1
(2,5,0,3,1,4) : 6
(2,5,0,3,4) : 2
(2,5,0,3,4,1) : 13
(2,5,0,4) : 1
(2,5,0,4,1,3) : 9
(2,5,0,4,3,1) : 22
(2,5,1) : 39
(2,5,1,0) : 1
(2,5,1,0,3) : 1
(2,5,1,0,3,4) : 57
(2,5,1,0,4,3) : 48
(2,5,1,3) : 1
(2,5,1,3,0,4) : 18
(2,5,1,3,4,0) : 20
(2,5,1,4) : 4
(2,5,1,4,0,3) : 41
(2,5,1,4,3,0) : 10
(2,5,3) : 11
(2,5,3,0,1,4) : 11
(2,5,3,0,4,1) : 18
(2,5,3,1,0,4) : 16
(2,5,3,1,4,0) : 9
(2,5,3,4,0,1) : 20
(2,5,3,4,1) : 1
(2,5,3,4,1,0) : 12
(2,5,4) : 15
(2,5,4,0) : 1
(2,5,4,0,1) : 1
(2,5,4,0,1,3) : 31
(2,5,4,0,3,1) : 19
(2,5,4,1) : 3
(2,5,4,1,0) : 2
(2,5,4,1,0,3) : 31
(2,5,4,1,3) : 1
(2,5,4,1,3,0) : 14
(2,5,4,3,0) : 1
(2,5,4,3,0,1) : 26
(2,5,4,3,1,0) : 45
(3) : 882
(3,0) : 18
(3,0,1,2,4) : 1
(3,0,1,2,4,5) : 2
(3,0,1,4,2,5) : 1
(3,0,2) : 3
(3,0,2,1,4,5) : 2
(3,0,2,1,5,4) : 2
(3,0,2,4,1,5) : 1
(3,0,2,4,5,1) : 2
(3,0,2,5) : 1
(3,0,2,5,1,4) : 1
(3,0,2,5,4) : 1
(3,0,2,5,4,1) : 6
(3,0,4) : 1
(3,0,4,1,2,5) : 2
(3,0,4,1,5,2) : 2
(3,0,4,2,1,5) : 1
(3,0,4,2,5,1) : 1
(3,0,4,5,2,1) : 1
(3,0,5) : 1
(3,0,5,1,2,4) : 1
(3,0,5,2,4,1) : 1
(3,0,5,4,2,1) : 2
(3,1) : 8
(3,1,0) : 1
(3,1,0,2,4,5) : 1
(3,1,0,4,2,5) : 3
(3,1,0,4,5,2) : 2
(3,1,0,5,2,4) : 1
(3,1,0,5,4,2) : 1
(3,1,2) : 3
(3,1,2,4,0,5) : 1
(3,1,2,4,5,0) : 1
(3,1,4) : 1
(3,1,4,0,2,5) : 1
(3,1,4,0,5,2) : 2
(3,1,4,2,5,0) : 1
(3,1,4,5,0,2) : 1
(3,1,4,5,2,0) : 1
(3,1,5) : 1
(3,1,5,0,2,4) : 1
(3,1,5,2,0,4) : 2
(3,1,5,4,0) : 1
(3,2) : 241
(3,2,0) : 4
(3,2,0,1,4,5) : 2
(3,2,0,1,5,4) : 1
(3,2,0,4,1,5) : 4
(3,2,0,4,5) : 1
(3,2,0,4,5,1) : 27
(3,2,0,5,1,4) : 6
(3,2,0,5,4,1) : 15
(3,2,1) : 1
(3,2,1,0,4) : 1
(3,2,1,0,4,5) : 11
(3,2,1,0,5) : 1
(3,2,1,4,5,0) : 1
(3,2,1,5,0,4) : 3
(3,2,1,5,4,0) : 4
(3,2,4) : 5
(3,2,4,0) : 2
(3,2,4,0,1,5) : 9
(3,2,4,0,5,1) : 21
(3,2,4,1,0,5) : 2
(3,2,4,1,5) : 1
(3,2,4,1,5,0) : 1
(3,2,4,5,0) : 1
(3,2,4,5,0,1) : 3
(3,2,4,5,1,0) : 1
(3,2,5) : 14
(3,2,5,0) : 1
(3,2,5,0,1,4) : 2
(3,2,5,0,4,1) : 25
(3,2,5,1,0,4) : 9
(3,2,5,1,4,0) : 5
(3,2,5,4) : 1
(3,2,5,4,0,1) : 22
(3,2,5,4,1,0) : 7
(3,4) : 18
(3,4,0) : 1
(3,4,0,1,2,5) : 3
(3,4,0,2,5,1) : 1
(3,4,0,5,1,2) : 2
(3,4,0,5,2,1) : 1
(3,4,1) : 1
(3,4,1,0,2,5) : 2
(3,4,1,0,5,2) : 1
(3,4,1,2,0,5) : 1
(3,4,1,2,5,0) : 1
(3,4,1,5,0,2) : 1
(3,4,2) : 2
(3,4,2,0,5,1) : 3
(3,4,2,1,0,5) : 1
(3,4,2,5,0,1) : 7
(3,4,5) : 2
(3,4,5,0,1,2) : 4
(3,4,5,0,2,1) : 2
(3,4,5,1,0) : 1
(3,4,5,1,2,0) : 2
(3,4,5,2,0,1) : 1
(3,4,5,2,1,0) : 2
(3,5) : 50
(3,5,0,1,2,4) : 2
(3,5,0,2,1,4) : 3
(3,5,0,2,4,1) : 1
(3,5,0,4,1,2) : 1
(3,5,0,4,2,1) : 4
(3,5,1) : 1
(3,5,1,0,2,4) : 3
(3,5,1,0,4,2) : 1
(3,5,1,2,0,4) : 2
(3,5,1,2,4) : 1
(3,5,1,2,4,0) : 1
(3,5,1,4,0,2) : 2
(3,5,1,4,2,0) : 3
(3,5,2) : 15
(3,5,2,0,1,4) : 2
(3,5,2,0,4,1) : 11
(3,5,2,1,0,4) : 12
(3,5,2,1,4,0) : 2
(3,5,2,4) : 1
(3,5,2,4,0,1) : 8
(3,5,4) : 4
(3,5,4,0,1,2) : 6
(3,5,4,0,2,1) : 2
(3,5,4,1,0,2) : 2
(3,5,4,1,2,0) : 3
(3,5,4,2) : 1
(3,5,4,2,0,1) : 3
(3,5,4,2,1,0) : 6
(4) : 774
(4,0) : 12
(4,0,1) : 1
(4,0,1,2,3) : 1
(4,0,1,2,3,5) : 10
(4,0,1,2,5,3) : 5
(4,0,1,3,2,5) : 2
(4,0,1,3,5,2) : 3
(4,0,1,5,2) : 1
(4,0,1,5,2,3) : 1
(4,0,1,5,3,2) : 3
(4,0,2) : 1
(4,0,2,1,3,5) : 3
(4,0,2,1,5,3) : 1
(4,0,2,5,1,3) : 1
(4,0,2,5,3,1) : 1
(4,0,3) : 1
(4,0,3,1,2,5) : 4
(4,0,3,2,1,5) : 1
(4,0,3,2,5,1) : 2
(4,0,5,1) : 2
(4,0,5,1,2) : 1
(4,0,5,1,2,3) : 3
(4,0,5,2,1,3) : 6
(4,0,5,2,3,1) : 3
(4,0,5,3,1,2) : 1
(4,0,5,3,2,1) : 1
(4,1) : 21
(4,1,0) : 2
(4,1,0,2,3,5) : 3
(4,1,0,2,5,3) : 3
(4,1,0,3,2,5) : 1
(4,1,0,3,5,2) : 3
(4,1,0,5,2) : 1
(4,1,0,5,2,3) : 3
(4,1,2,0,3,5) : 1
(4,1,2,0,5,3) : 1
(4,1,2,3,5,0) : 2
(4,1,3,0,2,5) : 2
(4,1,3,0,5,2) : 1
(4,1,3,5,2,0) : 1
(4,1,5) : 1
(4,1,5,2,0,3) : 5
(4,1,5,2,3,0) : 2
(4,1,5,3,0,2) : 2
(4,2) : 24
(4,2,0) : 2
(4,2,0,1,5,3) : 6
(4,2,0,3,1,5) : 2
(4,2,0,3,5,1) : 1
(4,2,1,0,3,5) : 2
(4,2,1,0,5) : 1
(4,2,1,0,5,3) : 1
(4,2,1,3,0,5) : 1
(4,2,1,3,5,0) : 1
(4,2,1,5,0,3) : 3
(4,2,3,0,1,5) : 1
(4,2,3,0,5,1) : 2
(4,2,3,1,0,5) : 1
(4,2,3,5,0) : 1
(4,2,3,5,0,1) : 3
(4,2,3,5,1,0) : 2
(4,2,5) : 4
(4,2,5,0,1,3) : 4
(4,2,5,0,3,1) : 6
(4,2,5,1,0,3) : 4
(4,2,5,1,3,0) : 3
(4,2,5,3,0,1) : 1
(4,2,5,3,1,0) : 4
(4,3) : 6
(4,3,0,1,2,5) : 1
(4,3,0,1,5,2) : 2
(4,3,0,2,5,1) : 1
(4,3,0,5,2,1) : 1
(4,3,1) : 2
(4,3,1,0,5,2) : 2
(4,3,1,2,0,5) : 2
(4,3,1,2,5,0) : 1
(4,3,1,5,0,2) : 1
(4,3,1,5,2,0) : 1
(4,3,2,0,5,1) : 3
(4,3,2,1,0) : 1
(4,3,2,1,0,5) : 3
(4,3,2,1,5,0) : 1
(4,3,2,5,0,1) : 2
(4,3,2,5,1,0) : 3
(4,3,5,1,2) : 1
(4,3,5,2,0,1) : 1
(4,3,5,2,1,0) : 5
(4,5) : 47
(4,5,0,1,2) : 1
(4,5,0,1,2,3) : 7
(4,5,0,1,3,2) : 4
(4,5,0,2,1,3) : 5
(4,5,0,2,3,1) : 4
(4,5,1) : 5
(4,5,1,0) : 1
(4,5,1,0,2,3) : 7
(4,5,1,0,3,2) : 2
(4,5,1,2,0,3) : 7
(4,5,1,2,3,0) : 1
(4,5,1,3,0,2) : 2
(4,5,2) : 4
(4,5,2,0) : 1
(4,5,2,0,1,3) : 2
(4,5,2,0,3,1) : 5
(4,5,2,1,0,3) : 9
(4,5,2,1,3,0) : 6
(4,5,2,3,0,1) : 3
(4,5,2,3,1,0) : 4
(4,5,3) : 1
(4,5,3,0,1,2) : 4
(4,5,3,0,2,1) : 1
(4,5,3,1,0,2) : 2
(4,5,3,2) : 2
(4,5,3,2,0,1) : 1
(4,5,3,2,1,0) : 15
(5) : 15847
(5,0) : 182
(5,0,1) : 35
(5,0,1,2) : 5
(5,0,1,2,3) : 3
(5,0,1,2,3,4) : 74
(5,0,1,2,4) : 1
(5,0,1,2,4,3) : 24
(5,0,1,3,2) : 1
(5,0,1,3,2,4) : 13
(5,0,1,3,4,2) : 41
(5,0,1,4,2,3) : 23
(5,0,1,4,3,2) : 43
(5,0,2) : 13
(5,0,2,1,3,4) : 27
(5,0,2,1,4,3) : 13
(5,0,2,3,1,4) : 6
(5,0,2,3,4,1) : 9
(5,0,2,4) : 1
(5,0,2,4,1) : 1
(5,0,2,4,1,3) : 10
(5,0,2,4,3,1) : 10
(5,0,3) : 1
(5,0,3,1,2,4) : 7
(5,0,3,1,4,2) : 2
(5,0,3,2,1) : 1
(5,0,3,2,1,4) : 4
(5,0,3,2,4,1) : 2
(5,0,3,4) : 1
(5,0,3,4,1,2) : 7
(5,0,3,4,2) : 1
(5,0,3,4,2,1) : 4
(5,0,4) : 4
(5,0,4,1) : 1
(5,0,4,1,2) : 1
(5,0,4,1,2,3) : 19
(5,0,4,1,3,2) : 14
(5,0,4,2,1,3) : 5
(5,0,4,2,3,1) : 6
(5,0,4,3) : 1
(5,0,4,3,1,2) : 17
(5,0,4,3,2,1) : 6
(5,1) : 721
(5,1,0) : 35
(5,1,0,2) : 6
(5,1,0,2,3) : 1
(5,1,0,2,3,4) : 68
(5,1,0,2,4,3) : 62
(5,1,0,3,2) : 2
(5,1,0,3,2,4) : 23
(5,1,0,3,4) : 1
(5,1,0,3,4,2) : 88
(5,1,0,4) : 2
(5,1,0,4,2,3) : 96
(5,1,0,4,3,2) : 160
(5,1,2) : 59
(5,1,2,0) : 4
(5,1,2,0,3) : 1
(5,1,2,0,3,4) : 54
(5,1,2,0,4,3) : 81
(5,1,2,3) : 3
(5,1,2,3,0) : 1
(5,1,2,3,0,4) : 20
(5,1,2,3,4,0) : 39
(5,1,2,4) : 1
(5,1,2,4,0) : 1
(5,1,2,4,0,3) : 72
(5,1,2,4,3,0) : 31
(5,1,3) : 18
(5,1,3,0,2) : 1
(5,1,3,0,2,4) : 12
(5,1,3,0,4) : 1
(5,1,3,0,4,2) : 36
(5,1,3,2,0,4) : 10
(5,1,3,2,4,0) : 11
(5,1,3,4,0) : 1
(5,1,3,4,0,2) : 68
(5,1,3,4,2) : 1
(5,1,3,4,2,0) : 14
(5,1,4) : 41
(5,1,4,0) : 2
(5,1,4,0,2) : 4
(5,1,4,0,2,3) : 106
(5,1,4,0,3,2) : 156
(5,1,4,2) : 3
(5,1,4,2,0,3) : 45
(5,1,4,2,3) : 3
(5,1,4,2,3,0) : 15
(5,1,4,3) : 3
(5,1,4,3,0) : 1
(5,1,4,3,0,2) : 85
(5,1,4,3,2) : 1
(5,1,4,3,2,0) : 28
(5,2) : 334
(5,2,0) : 27
(5,2,0,1) : 2
(5,2,0,1,3,4) : 55
(5,2,0,1,4) : 1
(5,2,0,1,4,3) : 21
(5,2,0,3,1,4) : 4
(5,2,0,3,4) : 1
(5,2,0,3,4,1) : 9
(5,2,0,4,1) : 1
(5,2,0,4,1,3) : 14
(5,2,0,4,3,1) : 17
(5,2,1) : 53
(5,2,1,0) : 3
(5,2,1,0,3) : 1
(5,2,1,0,3,4) : 79
(5,2,1,0,4) : 1
(5,2,1,0,4,3) : 54
(5,2,1,3) : 3
(5,2,1,3,0) : 1
(5,2,1,3,0,4) : 17
(5,2,1,3,4,0) : 29
(5,2,1,4) : 2
(5,2,1,4,0,3) : 39
(5,2,1,4,3) : 3
(5,2,1,4,3,0) : 31
(5,2,3) : 9
(5,2,3,0,1) : 1
(5,2,3,0,1,4) : 15
(5,2,3,0,4,1) : 7
(5,2,3,1) : 2
(5,2,3,1,0,4) : 21
(5,2,3,1,4,0) : 6
(5,2,3,4) : 1
(5,2,3,4,0) : 1
(5,2,3,4,0,1) : 17
(5,2,3,4,1,0) : 26
(5,2,4) : 8
(5,2,4,0) : 1
(5,2,4,0,1,3) : 17
(5,2,4,0,3,1) : 11
(5,2,4,1) : 3
(5,2,4,1,0,3) : 12
(5,2,4,1,3) : 2
(5,2,4,1,3,0) : 16
(5,2,4,3,0) : 1
(5,2,4,3,0,1) : 14
(5,2,4,3,1,0) : 22
(5,3) : 83
(5,3,0) : 8
(5,3,0,1) : 1
(5,3,0,1,2,4) : 9
(5,3,0,1,4,2) : 20
(5,3,0,2,1,4) : 5
(5,3,0,2,4,1) : 5
(5,3,0,4,1,2) : 7
(5,3,0,4,2,1) : 6
(5,3,1) : 13
(5,3,1,0,2) : 1
(5,3,1,0,2,4) : 6
(5,3,1,0,4) : 2
(5,3,1,0,4,2) : 23
(5,3,1,2) : 3
(5,3,1,2,0,4) : 4
(5,3,1,2,4,0) : 12
(5,3,1,4,0,2) : 13
(5,3,1,4,2,0) : 4
(5,3,2) : 6
(5,3,2,0,1) : 1
(5,3,2,0,1,4) : 9
(5,3,2,0,4,1) : 7
(5,3,2,1) : 1
(5,3,2,1,0,4) : 16
(5,3,2,1,4) : 1
(5,3,2,1,4,0) : 8
(5,3,2,4,0,1) : 7
(5,3,2,4,1,0) : 9
(5,3,4) : 4
(5,3,4,0,1,2) : 10
(5,3,4,0,2,1) : 4
(5,3,4,1,0,2) : 16
(5,3,4,1,2) : 3
(5,3,4,1,2,0) : 5
(5,3,4,2,0,1) : 10
(5,3,4,2,1,0) : 23
(5,4) : 159
(5,4,0) : 4
(5,4,0,1) : 2
(5,4,0,1,2) : 2
(5,4,0,1,2,3) : 34
(5,4,0,1,3,2) : 42
(5,4,0,2) : 1
(5,4,0,2,1,3) : 9
(5,4,0,2,3,1) : 6
(5,4,0,3,1,2) : 21
(5,4,0,3,2,1) : 9
(5,4,1) : 23
(5,4,1,0) : 1
(5,4,1,0,2) : 3
(5,4,1,0,2,3) : 49
(5,4,1,0,3) : 1
(5,4,1,0,3,2) : 70
(5,4,1,2) : 2
(5,4,1,2,0,3) : 26
(5,4,1,2,3) : 1
(5,4,1,2,3,0) : 24
(5,4,1,3) : 2
(5,4,1,3,0) : 1
(5,4,1,3,0,2) : 29
(5,4,1,3,2) : 2
(5,4,1,3,2,0) : 19
(5,4,2) : 11
(5,4,2,0,1,3) : 12
(5,4,2,0,3,1) : 7
(5,4,2,1,0,3) : 26
(5,4,2,1,3) : 1
(5,4,2,1,3,0) : 5
(5,4,2,3,0,1) : 9
(5,4,2,3,1,0) : 19
(5,4,3) : 4
(5,4,3,0) : 3
(5,4,3,0,1,2) : 28
(5,4,3,0,2,1) : 7
(5,4,3,1,0,2) : 60
(5,4,3,1,2) : 3
(5,4,3,1,2,0) : 14
(5,4,3,2) : 2
(5,4,3,2,0,1) : 11
(5,4,3,2,1) : 7
(5,4,3,2,1,0) : 147
