0, 1, 2, 3, 4
LIB,LAB,GRN,NLT,CDP
-+-+-+-+-
() : 54
(0) : 25832
(0,1) : 178
(0,1,2) : 46
(0,1,2,3) : 15
(0,1,2,3,4) : 592
(0,1,2,4,3) : 132
(0,1,3) : 5
(0,1,3,2) : 1
(0,1,3,2,4) : 165
(0,1,3,4,2) : 74
(0,1,4) : 5
(0,1,4,2,3) : 82
(0,1,4,3,2) : 77
(0,2) : 180
(0,2,1) : 35
(0,2,1,3) : 3
(0,2,1,3,4) : 340
(0,2,1,4) : 1
(0,2,1,4,3) : 84
(0,2,3) : 13
(0,2,3,1) : 1
(0,2,3,1,4) : 140
(0,2,3,4) : 1
(0,2,3,4,1) : 126
(0,2,4) : 7
(0,2,4,1,3) : 53
(0,2,4,3,1) : 71
(0,3) : 151
(0,3,1) : 6
(0,3,1,2) : 2
(0,3,1,2,4) : 115
(0,3,1,4,2) : 65
(0,3,2) : 6
(0,3,2,1) : 3
(0,3,2,1,4) : 135
(0,3,2,4,1) : 95
(0,3,4) : 8
(0,3,4,1) : 1
(0,3,4,1,2) : 189
(0,3,4,2) : 1
(0,3,4,2,1) : 239
(0,4) : 491
(0,4,1) : 20
(0,4,1,2) : 3
(0,4,1,2,3) : 260
(0,4,1,3,2) : 201
(0,4,2) : 5
(0,4,2,1,3) : 106
(0,4,2,3,1) : 106
(0,4,3) : 16
(0,4,3,1) : 2
(0,4,3,1,2) : 356
(0,4,3,2) : 1
(0,4,3,2,1) : 340
(1) : 5179
(1,0) : 83
(1,0,2) : 18
(1,0,2,3) : 3
(1,0,2,3,4) : 254
(1,0,2,4) : 1
(1,0,2,4,3) : 66
(1,0,3) : 5
(1,0,3,2,4) : 61
(1,0,3,4,2) : 29
(1,0,4) : 2
(1,0,4,2,3) : 32
(1,0,4,3,2) : 29
(1,2) : 374
(1,2,0) : 42
(1,2,0,3) : 4
(1,2,0,3,4) : 383
(1,2,0,4,3) : 118
(1,2,3) : 28
(1,2,3,0) : 4
(1,2,3,0,4) : 415
(1,2,3,4) : 24
(1,2,3,4,0) : 2691
(1,2,4) : 12
(1,2,4,0,3) : 85
(1,2,4,3) : 3
(1,2,4,3,0) : 275
(1,3) : 61
(1,3,0) : 2
(1,3,0,2,4) : 46
(1,3,0,4,2) : 12
(1,3,2) : 8
(1,3,2,0) : 2
(1,3,2,0,4) : 61
(1,3,2,4,0) : 114
(1,3,4) : 1
(1,3,4,0,2) : 21
(1,3,4,2,0) : 69
(1,4) : 49
(1,4,0) : 10
(1,4,0,2) : 1
(1,4,0,2,3) : 49
(1,4,0,3) : 1
(1,4,0,3,2) : 25
(1,4,2) : 6
(1,4,2,0) : 1
(1,4,2,0,3) : 45
(1,4,2,3) : 2
(1,4,2,3,0) : 105
(1,4,3,0) : 4
(1,4,3,0,2) : 28
(1,4,3,2,0) : 83
(2) : 2242
(2,0) : 64
(2,0,1) : 14
(2,0,1,3,4) : 144
(2,0,1,4,3) : 29
(2,0,3,1) : 1
(2,0,3,1,4) : 22
(2,0,3,4,1) : 8
(2,0,4) : 1
(2,0,4,1,3) : 10
(2,0,4,3,1) : 8
(2,1) : 581
(2,1,0) : 51
(2,1,0,3) : 2
(2,1,0,3,4) : 365
(2,1,0,4) : 1
(2,1,0,4,3) : 79
(2,1,3) : 6
(2,1,3,0) : 1
(2,1,3,0,4) : 329
(2,1,3,4,0) : 191
(2,1,4) : 3
(2,1,4,0,3) : 44
(2,1,4,3) : 1
(2,1,4,3,0) : 82
(2,3) : 29
(2,3,0) : 1
(2,3,0,1) : 2
(2,3,0,1,4) : 23
(2,3,0,4,1) : 2
(2,3,1) : 3
(2,3,1,0) : 2
(2,3,1,0,4) : 60
(2,3,1,4,0) : 23
(2,3,4) : 2
(2,3,4,0,1) : 14
(2,3,4,1,0) : 40
(2,4) : 13
(2,4,0) : 3
(2,4,0,1,3) : 8
(2,4,0,3,1) : 3
(2,4,1,0) : 1
(2,4,1,0,3) : 19
(2,4,1,3,0) : 26
(2,4,3) : 1
(2,4,3,0,1) : 6
(2,4,3,1,0) : 20
(3) : 674
(3,0) : 24
(3,0,1) : 1
(3,0,1,2,4) : 25
(3,0,1,4,2) : 14
(3,0,2) : 1
(3,0,2,1) : 1
(3,0,2,1,4) : 10
(3,0,2,4,1) : 3
(3,0,4,1,2) : 9
(3,0,4,2,1) : 8
(3,1) : 16
(3,1,0) : 2
(3,1,0,2,4) : 13
(3,1,0,4,2) : 7
(3,1,2,0,4) : 14
(3,1,2,4,0) : 6
(3,1,4,0,2) : 2
(3,1,4,2,0) : 5
(3,2) : 11
(3,2,0) : 3
(3,2,0,1,4) : 16
(3,2,1) : 3
(3,2,1,0,4) : 23
(3,2,1,4) : 2
(3,2,1,4,0) : 8
(3,2,4) : 1
(3,2,4,0,1) : 6
(3,2,4,1,0) : 13
(3,4) : 7
(3,4,0,1) : 1
(3,4,0,1,2) : 13
(3,4,0,2,1) : 3
(3,4,1) : 1
(3,4,1,0,2) : 5
(3,4,1,2,0) : 5
(3,4,2,0,1) : 3
(3,4,2,1,0) : 17
(4) : 1104
(4,0) : 200
(4,0,1) : 336
(4,0,1,2,3) : 145
(4,0,1,3) : 1
(4,0,1,3,2) : 126
(4,0,2) : 8
(4,0,2,1,3) : 38
(4,0,2,3) : 1
(4,0,2,3,1) : 21
(4,0,3) : 4
(4,0,3,1,2) : 103
(4,0,3,2,1) : 36
(4,1) : 20
(4,1,0) : 22
(4,1,0,2,3) : 41
(4,1,0,3,2) : 33
(4,1,2) : 3
(4,1,2,0) : 2
(4,1,2,0,3) : 27
(4,1,2,3) : 1
(4,1,2,3,0) : 46
(4,1,3,0,2) : 10
(4,1,3,2,0) : 20
(4,2) : 16
(4,2,0) : 3
(4,2,0,1) : 1
(4,2,0,1,3) : 16
(4,2,0,3,1) : 3
(4,2,1) : 2
(4,2,1,0) : 1
(4,2,1,0,3) : 26
(4,2,1,3,0) : 9
(4,2,3) : 2
(4,2,3,0,1) : 7
(4,2,3,1,0) : 21
(4,3) : 16
(4,3,0) : 3
(4,3,0,1) : 1
(4,3,0,1,2) : 28
(4,3,0,2,1) : 3
(4,3,1) : 2
(4,3,1,0,2) : 12
(4,3,1,2,0) : 6
(4,3,2) : 1
(4,3,2,0,1) : 11
(4,3,2,1,0) : 31
