0, 1, 2, 3, 4
NLT,LIB,CLP,CDP,GRN
-+-+-+-+-
() : 115
(0) : 583
(0,1) : 16
(0,1,2) : 6
(0,1,2,3) : 3
(0,1,2,3,4) : 92
(0,1,2,4) : 1
(0,1,2,4,3) : 20
(0,1,3,2,4) : 16
(0,1,3,4,2) : 7
(0,1,4) : 2
(0,1,4,2,3) : 12
(0,1,4,3,2) : 6
(0,2) : 11
(0,2,1) : 1
(0,2,1,3) : 2
(0,2,1,3,4) : 31
(0,2,1,4,3) : 21
(0,2,3,1,4) : 12
(0,2,3,4) : 1
(0,2,3,4,1) : 15
(0,2,4,1,3) : 25
(0,2,4,3,1) : 12
(0,3) : 6
(0,3,1,2,4) : 7
(0,3,1,4,2) : 1
(0,3,2,1,4) : 5
(0,3,2,4) : 1
(0,3,2,4,1) : 1
(0,3,4,1,2) : 3
(0,3,4,2,1) : 10
(0,4) : 13
(0,4,1,2,3) : 19
(0,4,1,3,2) : 1
(0,4,2) : 3
(0,4,2,1,3) : 13
(0,4,2,3,1) : 13
(0,4,3,1,2) : 6
(0,4,3,2,1) : 17
(1) : 19198
(1,0) : 84
(1,0,2) : 6
(1,0,2,3) : 4
(1,0,2,3,4) : 367
(1,0,2,4) : 1
(1,0,2,4,3) : 153
(1,0,3) : 5
(1,0,3,2) : 1
(1,0,3,2,4) : 180
(1,0,3,4) : 1
(1,0,3,4,2) : 176
(1,0,4) : 2
(1,0,4,2,3) : 90
(1,0,4,3) : 2
(1,0,4,3,2) : 110
(1,2) : 198
(1,2,0) : 9
(1,2,0,3) : 2
(1,2,0,3,4) : 270
(1,2,0,4) : 1
(1,2,0,4,3) : 176
(1,2,3) : 11
(1,2,3,0) : 2
(1,2,3,0,4) : 153
(1,2,3,4) : 2
(1,2,3,4,0) : 218
(1,2,4) : 31
(1,2,4,0) : 3
(1,2,4,0,3) : 306
(1,2,4,3) : 1
(1,2,4,3,0) : 249
(1,3) : 258
(1,3,0) : 10
(1,3,0,2) : 2
(1,3,0,2,4) : 331
(1,3,0,4) : 1
(1,3,0,4,2) : 187
(1,3,2) : 18
(1,3,2,0) : 1
(1,3,2,0,4) : 243
(1,3,2,4) : 3
(1,3,2,4,0) : 173
(1,3,4) : 9
(1,3,4,0) : 1
(1,3,4,0,2) : 115
(1,3,4,2,0) : 136
(1,4) : 155
(1,4,0) : 4
(1,4,0,2) : 4
(1,4,0,2,3) : 186
(1,4,0,3,2) : 94
(1,4,2) : 28
(1,4,2,0) : 1
(1,4,2,0,3) : 287
(1,4,2,3,0) : 151
(1,4,3) : 5
(1,4,3,0) : 1
(1,4,3,0,2) : 74
(1,4,3,2,0) : 125
(2) : 6833
(2,0) : 46
(2,0,1) : 5
(2,0,1,3) : 1
(2,0,1,3,4) : 136
(2,0,1,4,3) : 72
(2,0,3) : 1
(2,0,3,1) : 2
(2,0,3,1,4) : 59
(2,0,3,4) : 2
(2,0,3,4,1) : 138
(2,0,4) : 6
(2,0,4,1) : 1
(2,0,4,1,3) : 88
(2,0,4,3,1) : 184
(2,1) : 132
(2,1,0) : 3
(2,1,0,3,4) : 209
(2,1,0,4,3) : 109
(2,1,3) : 5
(2,1,3,0) : 1
(2,1,3,0,4) : 58
(2,1,3,4,0) : 95
(2,1,4) : 18
(2,1,4,0) : 1
(2,1,4,0,3) : 214
(2,1,4,3,0) : 141
(2,3) : 36
(2,3,0) : 4
(2,3,0,1) : 3
(2,3,0,1,4) : 46
(2,3,0,4,1) : 57
(2,3,1) : 5
(2,3,1,0) : 2
(2,3,1,0,4) : 55
(2,3,1,4,0) : 36
(2,3,4) : 6
(2,3,4,0) : 3
(2,3,4,0,1) : 157
(2,3,4,1) : 1
(2,3,4,1,0) : 115
(2,4) : 373
(2,4,0) : 23
(2,4,0,1,3) : 472
(2,4,0,3) : 5
(2,4,0,3,1) : 727
(2,4,1) : 25
(2,4,1,0) : 5
(2,4,1,0,3) : 431
(2,4,1,3) : 1
(2,4,1,3,0) : 206
(2,4,3) : 14
(2,4,3,0) : 2
(2,4,3,0,1) : 498
(2,4,3,1) : 8
(2,4,3,1,0) : 3407
(3) : 523
(3,0) : 2
(3,0,1) : 2
(3,0,1,2,4) : 18
(3,0,2) : 1
(3,0,2,1,4) : 9
(3,0,2,4,1) : 5
(3,0,4,1,2) : 1
(3,0,4,2,1) : 6
(3,1) : 118
(3,1,0) : 7
(3,1,0,2) : 1
(3,1,0,2,4) : 106
(3,1,0,4,2) : 18
(3,1,2) : 206
(3,1,2,0) : 1
(3,1,2,0,4) : 167
(3,1,2,4) : 1
(3,1,2,4,0) : 68
(3,1,4) : 1
(3,1,4,0) : 1
(3,1,4,0,2) : 10
(3,1,4,2,0) : 17
(3,2) : 14
(3,2,0) : 1
(3,2,0,1,4) : 16
(3,2,0,4,1) : 9
(3,2,1) : 15
(3,2,1,0,4) : 35
(3,2,1,4,0) : 17
(3,2,4) : 1
(3,2,4,0,1) : 10
(3,2,4,1) : 1
(3,2,4,1,0) : 18
(3,4) : 8
(3,4,0,1,2) : 10
(3,4,0,2,1) : 3
(3,4,1) : 1
(3,4,1,0,2) : 5
(3,4,1,2) : 1
(3,4,1,2,0) : 13
(3,4,2) : 2
(3,4,2,0,1) : 14
(3,4,2,1,0) : 22
(4) : 2026
(4,0) : 14
(4,0,1) : 1
(4,0,1,2,3) : 29
(4,0,1,3,2) : 2
(4,0,2) : 2
(4,0,2,1) : 1
(4,0,2,1,3) : 59
(4,0,2,3,1) : 44
(4,0,3) : 1
(4,0,3,1,2) : 3
(4,0,3,2,1) : 25
(4,1) : 72
(4,1,0) : 1
(4,1,0,2,3) : 60
(4,1,0,3,2) : 18
(4,1,2) : 20
(4,1,2,0) : 1
(4,1,2,0,3) : 154
(4,1,2,3,0) : 79
(4,1,3,0) : 1
(4,1,3,0,2) : 14
(4,1,3,2,0) : 22
(4,2) : 271
(4,2,0) : 11
(4,2,0,1) : 2
(4,2,0,1,3) : 339
(4,2,0,3,1) : 224
(4,2,1) : 47
(4,2,1,0) : 1
(4,2,1,0,3) : 491
(4,2,1,3) : 1
(4,2,1,3,0) : 938
(4,2,3) : 3
(4,2,3,0) : 1
(4,2,3,0,1) : 99
(4,2,3,1,0) : 76
(4,3,0,1,2) : 9
(4,3,0,2,1) : 20
(4,3,1,0,2) : 7
(4,3,1,2) : 1
(4,3,1,2,0) : 11
(4,3,2) : 2
(4,3,2,0,1) : 22
(4,3,2,1,0) : 44
