0, 1, 2, 3, 4, 5, 6
GRN,NLT,LAB,IND,IND,LIB,CDP
-+-+-+-+-
() : 193
(0) : 2537
(0,1) : 26
(0,1,2) : 10
(0,1,2,3) : 3
(0,1,2,3,4) : 3
(0,1,2,3,4,5) : 3
(0,1,2,3,4,5,6) : 110
(0,1,2,3,4,6,5) : 8
(0,1,2,3,5,4,6) : 2
(0,1,2,3,6,4,5) : 1
(0,1,2,4) : 1
(0,1,2,4,3,5,6) : 5
(0,1,2,4,3,6,5) : 2
(0,1,2,4,5,3,6) : 2
(0,1,2,4,5,6,3) : 3
(0,1,2,5,3,4,6) : 3
(0,1,2,5,4,3,6) : 2
(0,1,2,5,6,3,4) : 1
(0,1,2,6,3,4,5) : 2
(0,1,2,6,4,3,5) : 1
(0,1,2,6,4,5,3) : 1
(0,1,3,2,4,5,6) : 6
(0,1,3,2,4,6,5) : 1
(0,1,3,2,5,4,6) : 3
(0,1,3,4) : 1
(0,1,3,4,2) : 1
(0,1,3,4,2,5,6) : 10
(0,1,3,4,2,6,5) : 4
(0,1,3,4,5,2,6) : 4
(0,1,3,4,5,6,2) : 4
(0,1,3,4,6,2,5) : 1
(0,1,3,4,6,5,2) : 11
(0,1,3,5,2,4,6) : 2
(0,1,3,5,4,2,6) : 1
(0,1,3,5,6,4,2) : 2
(0,1,3,6,4,5,2) : 1
(0,1,4) : 1
(0,1,4,3,2,5) : 2
(0,1,4,3,2,5,6) : 2
(0,1,4,3,5,2,6) : 1
(0,1,4,3,6,2,5) : 4
(0,1,4,3,6,5,2) : 2
(0,1,4,5,2,3,6) : 2
(0,1,4,5,6) : 1
(0,1,4,6,2,3,5) : 2
(0,1,5,2) : 1
(0,1,5,2,3,4,6) : 3
(0,1,5,3,4,2,6) : 1
(0,1,5,3,4,6,2) : 1
(0,1,5,3,6,4,2) : 1
(0,1,5,4,3,2,6) : 3
(0,1,5,4,3,6,2) : 2
(0,1,5,6,4,2,3) : 1
(0,1,6,3,4,2,5) : 2
(0,1,6,4,3,2,5) : 2
(0,1,6,5,4,3,2) : 1
(0,2) : 299
(0,2,1) : 5
(0,2,1,3) : 2
(0,2,1,3,4,5,6) : 72
(0,2,1,3,4,6,5) : 28
(0,2,1,3,5,4) : 1
(0,2,1,3,5,4,6) : 10
(0,2,1,3,5,6,4) : 1
(0,2,1,3,6,4,5) : 3
(0,2,1,4,3) : 1
(0,2,1,4,3,5,6) : 13
(0,2,1,4,3,6,5) : 7
(0,2,1,4,5,3,6) : 1
(0,2,1,4,5,6) : 1
(0,2,1,4,5,6,3) : 1
(0,2,1,4,6,3,5) : 2
(0,2,1,4,6,5) : 1
(0,2,1,5,3,4,6) : 5
(0,2,1,5,3,6,4) : 1
(0,2,1,5,4,3,6) : 6
(0,2,1,6) : 1
(0,2,1,6,3,4,5) : 3
(0,2,1,6,3,5,4) : 1
(0,2,1,6,4,3,5) : 1
(0,2,1,6,5,4,3) : 1
(0,2,3) : 18
(0,2,3,1) : 2
(0,2,3,1,4,5,6) : 21
(0,2,3,1,4,6,5) : 14
(0,2,3,1,5,4,6) : 3
(0,2,3,4) : 4
(0,2,3,4,1) : 1
(0,2,3,4,1,5) : 1
(0,2,3,4,1,5,6) : 88
(0,2,3,4,1,6,5) : 50
(0,2,3,4,5,1,6) : 29
(0,2,3,4,5,6) : 2
(0,2,3,4,5,6,1) : 13
(0,2,3,4,6,1,5) : 17
(0,2,3,4,6,5,1) : 6
(0,2,3,5) : 1
(0,2,3,5,1,4,6) : 1
(0,2,3,5,1,6) : 1
(0,2,3,5,4,1,6) : 3
(0,2,3,5,4,6,1) : 1
(0,2,3,5,6,4,1) : 3
(0,2,3,6,1,4,5) : 1
(0,2,3,6,4,1,5) : 1
(0,2,4) : 8
(0,2,4,1) : 1
(0,2,4,1,3,5) : 1
(0,2,4,1,3,5,6) : 10
(0,2,4,1,3,6,5) : 6
(0,2,4,1,5,6) : 1
(0,2,4,1,5,6,3) : 2
(0,2,4,1,6,3,5) : 1
(0,2,4,3) : 2
(0,2,4,3,1,5,6) : 70
(0,2,4,3,1,6,5) : 30
(0,2,4,3,5,1,6) : 16
(0,2,4,3,5,6) : 1
(0,2,4,3,5,6,1) : 8
(0,2,4,3,6,1,5) : 8
(0,2,4,3,6,5,1) : 3
(0,2,4,5,1,3,6) : 4
(0,2,4,5,3,1,6) : 5
(0,2,4,5,3,6,1) : 1
(0,2,4,5,6,1) : 2
(0,2,4,5,6,1,3) : 1
(0,2,4,5,6,3,1) : 4
(0,2,4,6,1,3,5) : 1
(0,2,4,6,1,5) : 1
(0,2,4,6,1,5,3) : 1
(0,2,4,6,3,1,5) : 3
(0,2,4,6,3,5,1) : 2
(0,2,4,6,5,1,3) : 1
(0,2,4,6,5,3,1) : 3
(0,2,5) : 18
(0,2,5,1) : 1
(0,2,5,1,3,4,6) : 13
(0,2,5,1,3,6,4) : 1
(0,2,5,1,6,3,4) : 2
(0,2,5,3) : 1
(0,2,5,3,1,4,6) : 5
(0,2,5,3,4,1,6) : 13
(0,2,5,3,4,6) : 1
(0,2,5,3,4,6,1) : 2
(0,2,5,4,1,3,6) : 2
(0,2,5,4,1,6) : 1
(0,2,5,4,3,1,6) : 17
(0,2,5,4,3,6,1) : 3
(0,2,5,4,6,3,1) : 1
(0,2,5,6) : 1
(0,2,5,6,1,4,3) : 1
(0,2,5,6,3,1,4) : 1
(0,2,5,6,3,4,1) : 2
(0,2,5,6,4,1,3) : 2
(0,2,5,6,4,3,1) : 4
(0,2,6,1,3,4,5) : 4
(0,2,6,1,3,5,4) : 1
(0,2,6,1,4,3,5) : 1
(0,2,6,1,5,4,3) : 1
(0,2,6,3,1,4,5) : 2
(0,2,6,3,4,1,5) : 2
(0,2,6,4,3,1,5) : 4
(0,2,6,4,3,5,1) : 1
(0,2,6,4,5,3,1) : 2
(0,2,6,5) : 1
(0,2,6,5,1,3,4) : 3
(0,2,6,5,4,3,1) : 4
(0,3) : 231
(0,3,1) : 1
(0,3,1,2,4,5,6) : 7
(0,3,1,2,4,6,5) : 2
(0,3,1,2,5,6,4) : 1
(0,3,1,4) : 1
(0,3,1,4,2,5,6) : 3
(0,3,1,4,5,2,6) : 1
(0,3,1,4,5,6,2) : 1
(0,3,1,4,6,2,5) : 1
(0,3,1,4,6,5,2) : 3
(0,3,1,5,6,4,2) : 1
(0,3,2) : 20
(0,3,2,1,4,5) : 1
(0,3,2,1,4,5,6) : 7
(0,3,2,1,4,6,5) : 8
(0,3,2,1,5,4,6) : 1
(0,3,2,4) : 3
(0,3,2,4,1,5,6) : 20
(0,3,2,4,1,6,5) : 8
(0,3,2,4,5,1,6) : 14
(0,3,2,4,5,6,1) : 6
(0,3,2,4,6,1,5) : 6
(0,3,2,4,6,5,1) : 2
(0,3,2,5) : 3
(0,3,2,5,1,4,6) : 1
(0,3,2,5,1,6,4) : 1
(0,3,2,5,4,1,6) : 4
(0,3,2,5,4,6,1) : 3
(0,3,2,5,6,4,1) : 1
(0,3,2,6,4,5,1) : 1
(0,3,2,6,5,1,4) : 1
(0,3,2,6,5,4,1) : 1
(0,3,4) : 7
(0,3,4,1) : 1
(0,3,4,1,2,5,6) : 13
(0,3,4,1,2,6,5) : 4
(0,3,4,1,5,2,6) : 3
(0,3,4,1,5,6,2) : 2
(0,3,4,1,6,2,5) : 6
(0,3,4,1,6,5,2) : 1
(0,3,4,2) : 4
(0,3,4,2,1) : 1
(0,3,4,2,1,5) : 1
(0,3,4,2,1,5,6) : 12
(0,3,4,2,1,6,5) : 11
(0,3,4,2,5,1,6) : 11
(0,3,4,2,5,6,1) : 2
(0,3,4,2,6,1,5) : 3
(0,3,4,5,1,2,6) : 1
(0,3,4,5,2,1,6) : 7
(0,3,4,5,2,6,1) : 1
(0,3,4,5,6) : 1
(0,3,4,5,6,2,1) : 1
(0,3,4,6,1,2,5) : 7
(0,3,4,6,2,1,5) : 1
(0,3,4,6,2,5,1) : 2
(0,3,4,6,5,1,2) : 2
(0,3,4,6,5,2,1) : 4
(0,3,5,1,2,4,6) : 1
(0,3,5,2) : 1
(0,3,5,2,1,4,6) : 1
(0,3,5,2,4,1,6) : 4
(0,3,5,2,4,6,1) : 1
(0,3,5,2,6,1,4) : 1
(0,3,5,4,2,1,6) : 3
(0,3,5,4,6,1,2) : 5
(0,3,5,6,1,2,4) : 1
(0,3,6,1,4,2,5) : 1
(0,3,6,4,1,5,2) : 1
(0,3,6,4,2,1,5) : 2
(0,3,6,4,2,5,1) : 1
(0,4) : 22
(0,4,1) : 1
(0,4,1,2) : 1
(0,4,1,2,3) : 1
(0,4,1,2,3,5,6) : 1
(0,4,1,3,2,5,6) : 2
(0,4,1,3,2,6,5) : 3
(0,4,1,3,6,2,5) : 2
(0,4,1,3,6,5,2) : 2
(0,4,1,6,3,2,5) : 1
(0,4,1,6,3,5,2) : 1
(0,4,2) : 5
(0,4,2,1,3) : 1
(0,4,2,1,3,5) : 1
(0,4,2,1,3,5,6) : 6
(0,4,2,1,3,6,5) : 4
(0,4,2,1,5,6) : 1
(0,4,2,1,5,6,3) : 1
(0,4,2,3,1,5,6) : 2
(0,4,2,3,1,6,5) : 3
(0,4,2,3,5,1,6) : 5
(0,4,2,3,5,6,1) : 2
(0,4,2,3,6,1,5) : 1
(0,4,2,3,6,5,1) : 2
(0,4,2,5,1,3,6) : 2
(0,4,2,5,3,6,1) : 1
(0,4,2,6,3,5,1) : 2
(0,4,2,6,5,1,3) : 1
(0,4,3) : 5
(0,4,3,1,2,5) : 1
(0,4,3,1,2,5,6) : 9
(0,4,3,1,2,6,5) : 3
(0,4,3,1,5,2,6) : 1
(0,4,3,1,6,2,5) : 6
(0,4,3,1,6,5,2) : 4
(0,4,3,2) : 1
(0,4,3,2,1,5,6) : 14
(0,4,3,2,1,6,5) : 4
(0,4,3,2,5,1,6) : 9
(0,4,3,2,5,6,1) : 4
(0,4,3,5,1,2,6) : 3
(0,4,3,5,1,6,2) : 2
(0,4,3,5,2,1,6) : 3
(0,4,3,5,6,1,2) : 3
(0,4,3,6) : 1
(0,4,3,6,1,2,5) : 3
(0,4,3,6,1,5,2) : 2
(0,4,3,6,2,1,5) : 1
(0,4,3,6,2,5,1) : 1
(0,4,3,6,5,1,2) : 1
(0,4,3,6,5,2,1) : 1
(0,4,5) : 1
(0,4,5,1,2,3,6) : 1
(0,4,5,1,3,2,6) : 1
(0,4,5,2) : 1
(0,4,5,2,1,3,6) : 2
(0,4,5,2,3,1,6) : 1
(0,4,5,2,3,6,1) : 1
(0,4,5,3,1,2,6) : 1
(0,4,5,3,1,6,2) : 1
(0,4,5,3,2,1,6) : 4
(0,4,5,6,1,2,3) : 2
(0,4,5,6,1,3,2) : 2
(0,4,5,6,2,3,1) : 2
(0,4,5,6,3,1,2) : 1
(0,4,5,6,3,2,1) : 1
(0,4,6,1,3,2,5) : 1
(0,4,6,3,1,2,5) : 1
(0,4,6,3,2,1,5) : 1
(0,5) : 34
(0,5,1,2,3,4,6) : 4
(0,5,1,2,3,6,4) : 1
(0,5,1,3,2,4,6) : 2
(0,5,1,3,4,2,6) : 3
(0,5,1,3,4,6,2) : 5
(0,5,1,4,2,6,3) : 1
(0,5,1,4,3,6,2) : 3
(0,5,1,6) : 1
(0,5,1,6,4,2,3) : 1
(0,5,1,6,4,3,2) : 1
(0,5,2) : 4
(0,5,2,1,3,4,6) : 12
(0,5,2,1,4,3,6) : 1
(0,5,2,3,1,4,6) : 2
(0,5,2,3,4,1,6) : 7
(0,5,2,3,4,6,1) : 1
(0,5,2,4,1,3,6) : 2
(0,5,2,4,1,6,3) : 1
(0,5,2,4,3,1,6) : 11
(0,5,2,4,3,6,1) : 2
(0,5,2,6,1,3,4) : 1
(0,5,2,6,4,1,3) : 1
(0,5,2,6,4,3,1) : 1
(0,5,3,1,4,2,6) : 1
(0,5,3,1,4,6,2) : 1
(0,5,3,2,1,4,6) : 2
(0,5,3,2,6,1,4) : 1
(0,5,3,4,1,2,6) : 1
(0,5,3,4,1,6,2) : 4
(0,5,3,4,2,6,1) : 1
(0,5,3,4,6,1,2) : 1
(0,5,3,6,4,1,2) : 1
(0,5,4) : 2
(0,5,4,1,3,2,6) : 1
(0,5,4,2,3,1,6) : 2
(0,5,4,3) : 1
(0,5,4,3,1,2,6) : 2
(0,5,4,3,1,6,2) : 7
(0,5,4,3,2,1,6) : 2
(0,5,4,3,2,6,1) : 1
(0,5,4,3,6,1,2) : 3
(0,5,4,3,6,2,1) : 2
(0,5,4,6,3,1,2) : 1
(0,5,4,6,3,2,1) : 4
(0,5,6,1,3,4,2) : 2
(0,5,6,1,4) : 1
(0,5,6,1,4,3,2) : 1
(0,5,6,2,4,1,3) : 1
(0,5,6,3,1,4,2) : 1
(0,5,6,3,4,1,2) : 1
(0,5,6,4,1,2,3) : 2
(0,5,6,4,3,1,2) : 1
(0,5,6,4,3,2,1) : 3
(0,6) : 5
(0,6,1) : 1
(0,6,1,2,4,3,5) : 1
(0,6,1,2,5,4,3) : 1
(0,6,1,3,4,2,5) : 2
(0,6,1,3,4,5,2) : 1
(0,6,1,5,2,3,4) : 1
(0,6,1,5,2,4,3) : 1
(0,6,2) : 1
(0,6,2,1,3,4,5) : 1
(0,6,2,4,3,1,5) : 1
(0,6,3,1,4,5,2) : 1
(0,6,3,4,1,2,5) : 2
(0,6,3,4,2,1,5) : 1
(0,6,3,5,2,1,4) : 1
(0,6,4,1,2,3,5) : 1
(0,6,4,3) : 1
(0,6,4,3,1,2,5) : 2
(0,6,4,3,1,5,2) : 1
(0,6,4,3,2,1,5) : 1
(0,6,4,3,2,5) : 1
(0,6,4,3,2,5,1) : 1
(0,6,4,5,3,2,1) : 1
(0,6,5,2,4,3,1) : 1
(0,6,5,3,4,1,2) : 1
(0,6,5,4,1,3,2) : 1
(0,6,5,4,2,3,1) : 1
(0,6,5,4,3,2,1) : 3
(1) : 590
(1,0) : 7
(1,0,2) : 3
(1,0,2,3,4,5) : 1
(1,0,2,3,4,5,6) : 15
(1,0,2,3,4,6,5) : 5
(1,0,2,3,5,6,4) : 1
(1,0,2,4,3) : 1
(1,0,2,4,3,5,6) : 2
(1,0,2,4,3,6,5) : 1
(1,0,2,4,5,3,6) : 1
(1,0,2,5,3,4,6) : 1
(1,0,2,5,4,3,6) : 1
(1,0,2,6,4,3,5) : 1
(1,0,2,6,5,4,3) : 1
(1,0,3,2,4) : 1
(1,0,3,2,4,5,6) : 4
(1,0,3,2,4,6,5) : 1
(1,0,3,2,5,4,6) : 1
(1,0,3,2,5,6,4) : 1
(1,0,3,4,2,6,5) : 1
(1,0,3,4,5,6,2) : 2
(1,0,3,4,6,2,5) : 1
(1,0,3,4,6,5,2) : 3
(1,0,3,5,6,4,2) : 1
(1,0,3,6,5,4,2) : 1
(1,0,4) : 2
(1,0,4,2,5,3,6) : 1
(1,0,4,3,2,5,6) : 2
(1,0,4,3,5,2,6) : 1
(1,0,4,3,6,5,2) : 2
(1,0,5,3,2,4,6) : 2
(1,0,5,4,3,2,6) : 2
(1,0,5,6,2,3,4) : 1
(1,0,6,4,3,2,5) : 1
(1,0,6,5,4,3,2) : 1
(1,2) : 21
(1,2,0) : 3
(1,2,0,3) : 1
(1,2,0,3,4,5,6) : 11
(1,2,0,3,4,6,5) : 3
(1,2,0,3,5,4,6) : 1
(1,2,0,4,3,5) : 1
(1,2,0,4,3,5,6) : 1
(1,2,0,4,3,6,5) : 1
(1,2,0,5,3,4,6) : 3
(1,2,0,5,6,3,4) : 1
(1,2,0,6,3,4,5) : 1
(1,2,3,0,4,6,5) : 1
(1,2,3,4,0,5) : 1
(1,2,3,4,0,5,6) : 2
(1,2,3,4,5) : 2
(1,2,3,4,5,0,6) : 6
(1,2,3,4,5,6,0) : 10
(1,2,3,4,6,0,5) : 3
(1,2,3,5,6,4,0) : 1
(1,2,3,6,5,4,0) : 1
(1,2,4) : 2
(1,2,4,0,5,6,3) : 1
(1,2,4,0,6,3,5) : 1
(1,2,4,3,0,5,6) : 1
(1,2,4,3,0,6,5) : 1
(1,2,4,3,5,0,6) : 3
(1,2,4,3,6,5,0) : 1
(1,2,4,5,6,0,3) : 1
(1,2,4,6,5,3,0) : 1
(1,2,5,0,3,4,6) : 1
(1,2,5,3,4,6,0) : 2
(1,2,5,4,3,0,6) : 3
(1,2,5,4,3,6,0) : 1
(1,2,5,4,6,3,0) : 1
(1,2,5,6,4,3,0) : 2
(1,2,6) : 1
(1,2,6,0,3,4,5) : 1
(1,2,6,3,4,5,0) : 1
(1,2,6,4,3,0,5) : 1
(1,2,6,5,0,3,4) : 1
(1,3) : 7
(1,3,0,2,4,5,6) : 1
(1,3,0,2,4,6,5) : 1
(1,3,0,2,5,4,6) : 1
(1,3,0,4,5,2,6) : 1
(1,3,0,4,6,2,5) : 2
(1,3,2,0,5,4,6) : 1
(1,3,2,4,5,6,0) : 2
(1,3,2,5,4,6,0) : 1
(1,3,4) : 4
(1,3,4,0,2) : 1
(1,3,4,0,2,5,6) : 1
(1,3,4,0,2,6,5) : 1
(1,3,4,0,6,5,2) : 2
(1,3,4,2) : 1
(1,3,4,2,0) : 1
(1,3,4,2,0,5,6) : 2
(1,3,4,2,5,0,6) : 1
(1,3,4,5,0,2,6) : 1
(1,3,4,5,2,0,6) : 1
(1,3,4,5,2,6,0) : 1
(1,3,4,5,6,0) : 1
(1,3,4,6,0,2,5) : 1
(1,3,4,6,0,5,2) : 2
(1,3,4,6,5,0,2) : 2
(1,3,4,6,5,2,0) : 2
(1,4) : 8
(1,4,0) : 2
(1,4,0,5,2,6,3) : 1
(1,4,2,3,5,6,0) : 2
(1,4,3,0,2,5,6) : 1
(1,4,3,0,5,6,2) : 2
(1,4,3,0,6,5,2) : 1
(1,4,3,2,0,5,6) : 2
(1,4,3,2,0,6,5) : 1
(1,4,3,2,5,6,0) : 1
(1,4,3,2,6,5,0) : 1
(1,4,3,5,2,6,0) : 1
(1,4,3,6,5,2,0) : 1
(1,4,5,2,0,3,6) : 1
(1,4,5,6,0) : 1
(1,4,5,6,3,0,2) : 1
(1,4,6,0,3,5,2) : 1
(1,5) : 10
(1,5,0,3,4,6,2) : 1
(1,5,0,4,2,3,6) : 1
(1,5,2) : 1
(1,5,2,0,3,4,6) : 3
(1,5,2,3,0,4,6) : 2
(1,5,2,4,3,6) : 1
(1,5,3,0,2,4,6) : 1
(1,5,4) : 1
(1,5,4,3) : 1
(1,5,4,3,0,2,6) : 1
(1,5,4,3,2,0,6) : 1
(1,5,4,3,2,6,0) : 2
(1,5,4,3,6,2,0) : 2
(1,5,6,0,3,2) : 1
(1,5,6,0,4,3,2) : 1
(1,5,6,2,3,4,0) : 1
(1,5,6,4,3,2,0) : 3
(1,6) : 2
(1,6,0,3) : 1
(1,6,2,3,4,0,5) : 1
(1,6,2,4,5,3,0) : 1
(1,6,4,5,0,2,3) : 1
(2) : 20863
(2,0) : 599
(2,0,1) : 28
(2,0,1,3) : 3
(2,0,1,3,4) : 3
(2,0,1,3,4,5,6) : 243
(2,0,1,3,4,6,5) : 243
(2,0,1,3,5,4,6) : 16
(2,0,1,3,5,6,4) : 3
(2,0,1,3,6,4,5) : 14
(2,0,1,3,6,5) : 1
(2,0,1,3,6,5,4) : 3
(2,0,1,4,3) : 3
(2,0,1,4,3,5) : 1
(2,0,1,4,3,5,6) : 29
(2,0,1,4,3,6,5) : 58
(2,0,1,4,5,3,6) : 5
(2,0,1,4,5,6,3) : 3
(2,0,1,4,6) : 1
(2,0,1,4,6,3,5) : 1
(2,0,1,4,6,5,3) : 2
(2,0,1,5) : 1
(2,0,1,5,3) : 1
(2,0,1,5,3,4,6) : 10
(2,0,1,5,3,6,4) : 1
(2,0,1,5,4,3,6) : 14
(2,0,1,5,4,6,3) : 2
(2,0,1,5,6,3,4) : 1
(2,0,1,5,6,4,3) : 4
(2,0,1,6) : 2
(2,0,1,6,3,4) : 1
(2,0,1,6,3,4,5) : 30
(2,0,1,6,4,3,5) : 12
(2,0,1,6,4,5) : 1
(2,0,1,6,4,5,3) : 3
(2,0,1,6,5,3,4) : 2
(2,0,1,6,5,4,3) : 8
(2,0,3) : 28
(2,0,3,1) : 2
(2,0,3,1,4,5,6) : 40
(2,0,3,1,4,6,5) : 52
(2,0,3,1,5,4,6) : 6
(2,0,3,1,5,6,4) : 2
(2,0,3,1,6,4,5) : 5
(2,0,3,4) : 9
(2,0,3,4,1) : 4
(2,0,3,4,1,5,6) : 99
(2,0,3,4,1,6) : 1
(2,0,3,4,1,6,5) : 181
(2,0,3,4,5) : 2
(2,0,3,4,5,1) : 1
(2,0,3,4,5,1,6) : 57
(2,0,3,4,5,6,1) : 41
(2,0,3,4,6) : 1
(2,0,3,4,6,1) : 1
(2,0,3,4,6,1,5) : 67
(2,0,3,4,6,5) : 2
(2,0,3,4,6,5,1) : 15
(2,0,3,5,1,4,6) : 2
(2,0,3,5,1,6,4) : 1
(2,0,3,5,4) : 1
(2,0,3,5,4,1,6) : 9
(2,0,3,5,4,6) : 2
(2,0,3,5,4,6,1) : 3
(2,0,3,5,6,4) : 1
(2,0,3,5,6,4,1) : 3
(2,0,3,6) : 1
(2,0,3,6,1,4,5) : 4
(2,0,3,6,4,1,5) : 5
(2,0,3,6,4,5) : 1
(2,0,3,6,4,5,1) : 2
(2,0,4) : 27
(2,0,4,1,3) : 3
(2,0,4,1,3,5) : 1
(2,0,4,1,3,5,6) : 33
(2,0,4,1,3,6,5) : 37
(2,0,4,1,5,3,6) : 2
(2,0,4,1,5,6) : 4
(2,0,4,1,5,6,3) : 1
(2,0,4,1,6,3,5) : 3
(2,0,4,1,6,5) : 1
(2,0,4,1,6,5,3) : 5
(2,0,4,3) : 13
(2,0,4,3,1) : 1
(2,0,4,3,1,5) : 1
(2,0,4,3,1,5,6) : 94
(2,0,4,3,1,6,5) : 124
(2,0,4,3,5,1,6) : 41
(2,0,4,3,5,6) : 4
(2,0,4,3,5,6,1) : 17
(2,0,4,3,6,1,5) : 29
(2,0,4,3,6,5,1) : 5
(2,0,4,5) : 3
(2,0,4,5,1,3,6) : 8
(2,0,4,5,1,6) : 2
(2,0,4,5,1,6,3) : 4
(2,0,4,5,3) : 1
(2,0,4,5,3,1,6) : 16
(2,0,4,5,3,6) : 1
(2,0,4,5,3,6,1) : 5
(2,0,4,5,6) : 1
(2,0,4,5,6,1) : 3
(2,0,4,5,6,1,3) : 3
(2,0,4,5,6,3,1) : 13
(2,0,4,6) : 2
(2,0,4,6,1,3,5) : 12
(2,0,4,6,1,5) : 1
(2,0,4,6,3,1,5) : 7
(2,0,4,6,3,5,1) : 2
(2,0,4,6,5,1) : 1
(2,0,4,6,5,3,1) : 6
(2,0,5) : 21
(2,0,5,1,3,4,6) : 15
(2,0,5,1,3,6,4) : 3
(2,0,5,1,4,3,6) : 5
(2,0,5,1,6,3,4) : 2
(2,0,5,1,6,4,3) : 2
(2,0,5,3,1,4,6) : 5
(2,0,5,3,4) : 1
(2,0,5,3,4,1) : 1
(2,0,5,3,4,1,6) : 19
(2,0,5,3,4,6) : 2
(2,0,5,3,4,6,1) : 7
(2,0,5,3,6,1) : 1
(2,0,5,3,6,4,1) : 1
(2,0,5,4,1,3,6) : 4
(2,0,5,4,1,6) : 1
(2,0,5,4,1,6,3) : 2
(2,0,5,4,3,1,6) : 37
(2,0,5,4,3,6,1) : 11
(2,0,5,4,6,1,3) : 1
(2,0,5,4,6,3,1) : 4
(2,0,5,6) : 1
(2,0,5,6,1,3,4) : 4
(2,0,5,6,3,1,4) : 1
(2,0,5,6,3,4,1) : 3
(2,0,5,6,4,1,3) : 2
(2,0,5,6,4,3,1) : 12
(2,0,6) : 3
(2,0,6,1,3,4,5) : 20
(2,0,6,1,3,5,4) : 2
(2,0,6,1,4,3,5) : 3
(2,0,6,1,5,4,3) : 1
(2,0,6,3,1,4,5) : 4
(2,0,6,3,4) : 2
(2,0,6,3,4,1,5) : 10
(2,0,6,3,4,5) : 1
(2,0,6,3,4,5,1) : 3
(2,0,6,4) : 3
(2,0,6,4,1,3,5) : 8
(2,0,6,4,1,5) : 1
(2,0,6,4,3,1,5) : 16
(2,0,6,4,3,5) : 1
(2,0,6,4,3,5,1) : 4
(2,0,6,4,5,1,3) : 1
(2,0,6,4,5,3,1) : 3
(2,0,6,5) : 1
(2,0,6,5,1,3,4) : 3
(2,0,6,5,1,4,3) : 1
(2,0,6,5,4,3,1) : 9
(2,1) : 79
(2,1,0) : 19
(2,1,0,3) : 4
(2,1,0,3,4) : 3
(2,1,0,3,4,5) : 2
(2,1,0,3,4,5,6) : 129
(2,1,0,3,4,6) : 1
(2,1,0,3,4,6,5) : 98
(2,1,0,3,5,4,6) : 10
(2,1,0,3,5,6) : 1
(2,1,0,3,5,6,4) : 3
(2,1,0,3,6,4,5) : 11
(2,1,0,3,6,5,4) : 4
(2,1,0,4) : 2
(2,1,0,4,3,5,6) : 10
(2,1,0,4,3,6,5) : 20
(2,1,0,4,5,6,3) : 1
(2,1,0,4,6) : 1
(2,1,0,4,6,3,5) : 4
(2,1,0,4,6,5) : 1
(2,1,0,4,6,5,3) : 3
(2,1,0,5,3,4,6) : 8
(2,1,0,5,4,3,6) : 8
(2,1,0,5,4,6) : 1
(2,1,0,6,3,4) : 1
(2,1,0,6,3,4,5) : 6
(2,1,0,6,3,5,4) : 1
(2,1,0,6,4,3,5) : 6
(2,1,0,6,4,5,3) : 1
(2,1,0,6,5,4,3) : 3
(2,1,3) : 7
(2,1,3,0) : 3
(2,1,3,0,4,5) : 1
(2,1,3,0,4,5,6) : 9
(2,1,3,0,4,6,5) : 15
(2,1,3,0,5,4,6) : 1
(2,1,3,0,6,4,5) : 1
(2,1,3,4) : 3
(2,1,3,4,0) : 1
(2,1,3,4,0,5,6) : 20
(2,1,3,4,0,6,5) : 37
(2,1,3,4,5) : 2
(2,1,3,4,5,0,6) : 7
(2,1,3,4,5,6,0) : 17
(2,1,3,4,6,0,5) : 28
(2,1,3,4,6,5) : 2
(2,1,3,4,6,5,0) : 15
(2,1,3,5,0,6,4) : 1
(2,1,3,5,4,0,6) : 3
(2,1,3,5,4,6,0) : 2
(2,1,3,5,6,4,0) : 1
(2,1,3,6,0,4,5) : 3
(2,1,3,6,4,5,0) : 2
(2,1,3,6,5,4,0) : 3
(2,1,4) : 2
(2,1,4,0,3) : 1
(2,1,4,0,3,5,6) : 3
(2,1,4,0,3,6,5) : 1
(2,1,4,0,5,3,6) : 2
(2,1,4,3) : 3
(2,1,4,3,0,5,6) : 14
(2,1,4,3,0,6,5) : 8
(2,1,4,3,5,0,6) : 3
(2,1,4,3,5,6,0) : 7
(2,1,4,3,6,0,5) : 9
(2,1,4,3,6,5,0) : 7
(2,1,4,5,0,3,6) : 1
(2,1,4,5,3,0,6) : 4
(2,1,4,5,3,6,0) : 1
(2,1,4,5,6,3,0) : 4
(2,1,4,6,0,3,5) : 1
(2,1,4,6,3) : 1
(2,1,4,6,3,0,5) : 2
(2,1,4,6,5,0,3) : 1
(2,1,5) : 2
(2,1,5,3,0,4,6) : 1
(2,1,5,3,4,0,6) : 1
(2,1,5,3,4,6,0) : 2
(2,1,5,4) : 1
(2,1,5,4,0,3,6) : 2
(2,1,5,4,3,0,6) : 5
(2,1,5,4,3,6) : 1
(2,1,5,4,3,6,0) : 7
(2,1,5,6,0,3,4) : 2
(2,1,5,6,0,4,3) : 1
(2,1,5,6,4,3,0) : 2
(2,1,6) : 2
(2,1,6,0,3,4,5) : 7
(2,1,6,0,4,3,5) : 1
(2,1,6,3,0,4,5) : 2
(2,1,6,3,4,0,5) : 1
(2,1,6,3,4,5,0) : 1
(2,1,6,4,0,5,3) : 1
(2,1,6,4,3,0,5) : 7
(2,1,6,4,5,0,3) : 1
(2,1,6,5,0,3,4) : 1
(2,1,6,5,3,4,0) : 1
(2,1,6,5,4,0) : 1
(2,1,6,5,4,0,3) : 1
(2,1,6,5,4,3,0) : 2
(2,3) : 75
(2,3,0) : 13
(2,3,0,1) : 1
(2,3,0,1,4,5) : 1
(2,3,0,1,4,5,6) : 9
(2,3,0,1,4,6,5) : 12
(2,3,0,1,5,6) : 1
(2,3,0,1,6,4,5) : 1
(2,3,0,1,6,5,4) : 1
(2,3,0,4) : 1
(2,3,0,4,1) : 1
(2,3,0,4,1,5,6) : 17
(2,3,0,4,1,6,5) : 16
(2,3,0,4,5) : 1
(2,3,0,4,5,1,6) : 6
(2,3,0,4,5,6,1) : 2
(2,3,0,4,6,1) : 1
(2,3,0,4,6,1,5) : 5
(2,3,0,4,6,5,1) : 2
(2,3,0,5,1,4,6) : 1
(2,3,0,5,4,1,6) : 1
(2,3,0,5,4,6,1) : 1
(2,3,0,6,1,4,5) : 1
(2,3,0,6,4,1,5) : 1
(2,3,0,6,4,5,1) : 1
(2,3,1) : 6
(2,3,1,0) : 1
(2,3,1,0,4,5,6) : 21
(2,3,1,0,4,6,5) : 15
(2,3,1,0,5,4,6) : 1
(2,3,1,4) : 1
(2,3,1,4,0) : 1
(2,3,1,4,0,5,6) : 6
(2,3,1,4,0,6,5) : 15
(2,3,1,4,5,0,6) : 5
(2,3,1,4,5,6,0) : 8
(2,3,1,4,6,0,5) : 3
(2,3,1,5,6,4) : 1
(2,3,4) : 31
(2,3,4,0) : 7
(2,3,4,0,1) : 1
(2,3,4,0,1,5,6) : 42
(2,3,4,0,1,6,5) : 49
(2,3,4,0,5,1,6) : 8
(2,3,4,0,5,6) : 1
(2,3,4,0,5,6,1) : 5
(2,3,4,0,6,1,5) : 11
(2,3,4,0,6,5,1) : 3
(2,3,4,1) : 4
(2,3,4,1,0) : 1
(2,3,4,1,0,5,6) : 46
(2,3,4,1,0,6,5) : 51
(2,3,4,1,5,0) : 1
(2,3,4,1,5,0,6) : 6
(2,3,4,1,5,6) : 1
(2,3,4,1,5,6,0) : 7
(2,3,4,1,6) : 1
(2,3,4,1,6,0,5) : 12
(2,3,4,1,6,5,0) : 4
(2,3,4,5) : 1
(2,3,4,5,0,1,6) : 12
(2,3,4,5,0,6) : 1
(2,3,4,5,0,6,1) : 6
(2,3,4,5,1) : 1
(2,3,4,5,1,0) : 1
(2,3,4,5,1,0,6) : 14
(2,3,4,5,1,6,0) : 6
(2,3,4,5,6) : 3
(2,3,4,5,6,0) : 3
(2,3,4,5,6,0,1) : 23
(2,3,4,5,6,1) : 1
(2,3,4,5,6,1,0) : 45
(2,3,4,6) : 1
(2,3,4,6,0,1) : 1
(2,3,4,6,0,1,5) : 11
(2,3,4,6,0,5,1) : 1
(2,3,4,6,1,0,5) : 24
(2,3,4,6,1,5,0) : 9
(2,3,4,6,5) : 2
(2,3,4,6,5,0,1) : 1
(2,3,4,6,5,1,0) : 7
(2,3,5) : 2
(2,3,5,0,1,4,6) : 3
(2,3,5,0,4,1,6) : 3
(2,3,5,0,6,1,4) : 1
(2,3,5,0,6,4,1) : 1
(2,3,5,1,4,6,0) : 1
(2,3,5,4) : 2
(2,3,5,4,0,1,6) : 8
(2,3,5,4,1,0,6) : 2
(2,3,5,4,1,6,0) : 1
(2,3,5,4,6,0,1) : 1
(2,3,5,4,6,1,0) : 1
(2,3,5,6,0,4,1) : 1
(2,3,5,6,1) : 1
(2,3,5,6,1,0,4) : 2
(2,3,5,6,1,4,0) : 1
(2,3,5,6,4,1,0) : 4
(2,3,6) : 1
(2,3,6,0,4,1,5) : 1
(2,3,6,1,0,4,5) : 1
(2,3,6,1,4,0,5) : 1
(2,3,6,4,0,1,5) : 1
(2,3,6,4,0,5,1) : 1
(2,3,6,4,1,0,5) : 7
(2,3,6,4,1,5,0) : 1
(2,3,6,5,4,0,1) : 1
(2,3,6,5,4,1,0) : 1
(2,4) : 127
(2,4,0) : 21
(2,4,0,1,3,5,6) : 22
(2,4,0,1,3,6,5) : 17
(2,4,0,1,5,3,6) : 2
(2,4,0,1,5,6) : 1
(2,4,0,1,5,6,3) : 2
(2,4,0,1,6,3,5) : 4
(2,4,0,1,6,5) : 3
(2,4,0,1,6,5,3) : 4
(2,4,0,3) : 1
(2,4,0,3,1,5) : 1
(2,4,0,3,1,5,6) : 11
(2,4,0,3,1,6,5) : 24
(2,4,0,3,5,1,6) : 11
(2,4,0,3,5,6,1) : 2
(2,4,0,3,6,1,5) : 6
(2,4,0,3,6,5,1) : 3
(2,4,0,5) : 2
(2,4,0,5,1,3,6) : 1
(2,4,0,5,3,1,6) : 3
(2,4,0,5,3,6,1) : 1
(2,4,0,5,6,1) : 4
(2,4,0,5,6,1,3) : 1
(2,4,0,5,6,3,1) : 2
(2,4,0,6,1,5,3) : 1
(2,4,0,6,3,1,5) : 3
(2,4,0,6,5,1,3) : 1
(2,4,0,6,5,3) : 1
(2,4,0,6,5,3,1) : 2
(2,4,1) : 3
(2,4,1,0,3,5,6) : 9
(2,4,1,0,3,6) : 1
(2,4,1,0,3,6,5) : 4
(2,4,1,0,5,3,6) : 2
(2,4,1,0,5,6) : 2
(2,4,1,0,6,5,3) : 1
(2,4,1,3,0,5,6) : 1
(2,4,1,3,0,6,5) : 8
(2,4,1,3,5,0,6) : 2
(2,4,1,3,5,6,0) : 4
(2,4,1,3,6,0,5) : 4
(2,4,1,5,3,0,6) : 1
(2,4,1,5,3,6) : 1
(2,4,1,5,3,6,0) : 1
(2,4,1,5,6,0) : 1
(2,4,1,6,3,0,5) : 1
(2,4,1,6,5,3,0) : 3
(2,4,3) : 20
(2,4,3,0) : 3
(2,4,3,0,1,5,6) : 26
(2,4,3,0,1,6,5) : 46
(2,4,3,0,5,1,6) : 11
(2,4,3,0,5,6,1) : 3
(2,4,3,0,6,1,5) : 7
(2,4,3,0,6,5) : 1
(2,4,3,0,6,5,1) : 5
(2,4,3,1) : 2
(2,4,3,1,0) : 1
(2,4,3,1,0,5,6) : 28
(2,4,3,1,0,6,5) : 32
(2,4,3,1,5) : 1
(2,4,3,1,5,0,6) : 8
(2,4,3,1,5,6) : 1
(2,4,3,1,5,6,0) : 5
(2,4,3,1,6,0,5) : 11
(2,4,3,1,6,5) : 2
(2,4,3,1,6,5,0) : 14
(2,4,3,5) : 2
(2,4,3,5,0,1,6) : 7
(2,4,3,5,0,6,1) : 3
(2,4,3,5,1,0,6) : 10
(2,4,3,5,1,6,0) : 3
(2,4,3,5,6,0,1) : 1
(2,4,3,5,6,1,0) : 19
(2,4,3,6,0,1,5) : 6
(2,4,3,6,0,5,1) : 1
(2,4,3,6,1,0) : 1
(2,4,3,6,1,0,5) : 7
(2,4,3,6,1,5) : 2
(2,4,3,6,1,5,0) : 3
(2,4,3,6,5) : 1
(2,4,3,6,5,0,1) : 2
(2,4,3,6,5,1,0) : 9
(2,4,5) : 6
(2,4,5,0,1,3,6) : 8
(2,4,5,0,1,6) : 1
(2,4,5,0,1,6,3) : 2
(2,4,5,0,3,1,6) : 4
(2,4,5,0,3,6,1) : 1
(2,4,5,0,6,1,3) : 1
(2,4,5,0,6,3,1) : 2
(2,4,5,1,0,3,6) : 4
(2,4,5,1,0,6,3) : 1
(2,4,5,1,6,0) : 1
(2,4,5,3) : 1
(2,4,5,3,0,1,6) : 8
(2,4,5,3,0,6,1) : 1
(2,4,5,3,1,0) : 1
(2,4,5,3,1,0,6) : 5
(2,4,5,3,1,6,0) : 4
(2,4,5,3,6,1,0) : 3
(2,4,5,6,0,1) : 2
(2,4,5,6,0,1,3) : 1
(2,4,5,6,1,0) : 3
(2,4,5,6,3,0,1) : 1
(2,4,5,6,3,1,0) : 13
(2,4,6) : 3
(2,4,6,0,1,3) : 1
(2,4,6,0,1,3,5) : 8
(2,4,6,0,1,5,3) : 1
(2,4,6,0,3,1,5) : 4
(2,4,6,0,3,5,1) : 1
(2,4,6,0,5,1,3) : 1
(2,4,6,0,5,3,1) : 1
(2,4,6,1,0,3) : 1
(2,4,6,1,0,3,5) : 6
(2,4,6,1,3,0,5) : 1
(2,4,6,1,5,0) : 1
(2,4,6,3,0,1) : 1
(2,4,6,3,0,1,5) : 4
(2,4,6,3,1,0,5) : 4
(2,4,6,3,1,5,0) : 2
(2,4,6,3,5,0,1) : 2
(2,4,6,3,5,1,0) : 3
(2,4,6,5,0,1,3) : 3
(2,4,6,5,1,0,3) : 1
(2,4,6,5,3,1,0) : 6
(2,5) : 168
(2,5,0) : 38
(2,5,0,1) : 1
(2,5,0,1,3,4) : 1
(2,5,0,1,3,4,6) : 44
(2,5,0,1,3,6,4) : 5
(2,5,0,1,4,3,6) : 9
(2,5,0,1,4,6,3) : 4
(2,5,0,1,6) : 1
(2,5,0,1,6,3,4) : 1
(2,5,0,1,6,4,3) : 3
(2,5,0,3,1,4) : 1
(2,5,0,3,1,4,6) : 4
(2,5,0,3,4,1,6) : 10
(2,5,0,3,4,6,1) : 16
(2,5,0,3,6,1,4) : 1
(2,5,0,3,6,4,1) : 2
(2,5,0,4) : 1
(2,5,0,4,1,3,6) : 3
(2,5,0,4,1,6) : 1
(2,5,0,4,3,1,6) : 13
(2,5,0,4,3,6,1) : 5
(2,5,0,4,6,1) : 1
(2,5,0,4,6,1,3) : 2
(2,5,0,4,6,3,1) : 1
(2,5,0,6,1) : 1
(2,5,0,6,1,3,4) : 1
(2,5,0,6,1,4,3) : 1
(2,5,0,6,3,1) : 1
(2,5,0,6,3,4,1) : 1
(2,5,0,6,4,3) : 1
(2,5,0,6,4,3,1) : 2
(2,5,1) : 5
(2,5,1,0) : 1
(2,5,1,0,3,4,6) : 16
(2,5,1,0,4,3,6) : 1
(2,5,1,0,6,3,4) : 1
(2,5,1,3,0,4,6) : 3
(2,5,1,3,4,0) : 1
(2,5,1,3,4,0,6) : 8
(2,5,1,3,4,6,0) : 13
(2,5,1,3,6,4,0) : 1
(2,5,1,4,0,3,6) : 1
(2,5,1,4,0,6) : 1
(2,5,1,4,0,6,3) : 1
(2,5,1,4,3,0,6) : 1
(2,5,1,4,3,6,0) : 4
(2,5,1,6,3,4,0) : 1
(2,5,1,6,4,0,3) : 2
(2,5,1,6,4,3,0) : 3
(2,5,3) : 2
(2,5,3,0,1,4) : 1
(2,5,3,0,1,4,6) : 7
(2,5,3,0,4,1,6) : 1
(2,5,3,1,0,4,6) : 4
(2,5,3,1,4,0,6) : 3
(2,5,3,1,4,6,0) : 1
(2,5,3,4) : 2
(2,5,3,4,0,1,6) : 11
(2,5,3,4,0,6) : 2
(2,5,3,4,0,6,1) : 5
(2,5,3,4,1,0) : 1
(2,5,3,4,1,0,6) : 12
(2,5,3,4,1,6,0) : 6
(2,5,3,4,6) : 1
(2,5,3,4,6,1,0) : 8
(2,5,3,6,1,4,0) : 1
(2,5,3,6,4,1,0) : 1
(2,5,4) : 4
(2,5,4,0) : 1
(2,5,4,0,1,3) : 1
(2,5,4,0,1,3,6) : 10
(2,5,4,0,1,6) : 1
(2,5,4,0,1,6,3) : 1
(2,5,4,0,3,1,6) : 3
(2,5,4,0,3,6,1) : 2
(2,5,4,0,6,1,3) : 1
(2,5,4,0,6,3,1) : 1
(2,5,4,1,0,3,6) : 2
(2,5,4,1,0,6) : 2
(2,5,4,1,0,6,3) : 2
(2,5,4,1,3,0,6) : 3
(2,5,4,1,3,6,0) : 1
(2,5,4,3) : 3
(2,5,4,3,0,1) : 1
(2,5,4,3,0,1,6) : 17
(2,5,4,3,0,6,1) : 1
(2,5,4,3,1,0) : 1
(2,5,4,3,1,0,6) : 33
(2,5,4,3,1,6) : 1
(2,5,4,3,1,6,0) : 16
(2,5,4,3,6,0,1) : 3
(2,5,4,3,6,1,0) : 13
(2,5,4,6,0,1,3) : 1
(2,5,4,6,3) : 1
(2,5,4,6,3,1,0) : 14
(2,5,6) : 3
(2,5,6,0,1,3,4) : 4
(2,5,6,0,3,4,1) : 1
(2,5,6,0,4,3,1) : 1
(2,5,6,1,0,3,4) : 1
(2,5,6,1,4,3,0) : 1
(2,5,6,3,4,0,1) : 3
(2,5,6,3,4,1,0) : 6
(2,5,6,4,1,0,3) : 1
(2,5,6,4,3,0,1) : 8
(2,5,6,4,3,1,0) : 31
(2,6) : 66
(2,6,0) : 11
(2,6,0,1,3) : 1
(2,6,0,1,3,4) : 1
(2,6,0,1,3,4,5) : 21
(2,6,0,1,4,3,5) : 7
(2,6,0,1,4,5,3) : 1
(2,6,0,1,5,4,3) : 1
(2,6,0,3,1,4,5) : 3
(2,6,0,3,4,1,5) : 7
(2,6,0,3,4,5,1) : 3
(2,6,0,4,1,3,5) : 3
(2,6,0,4,3,1,5) : 1
(2,6,0,4,3,5,1) : 2
(2,6,0,4,5,3) : 1
(2,6,0,5,1,4,3) : 1
(2,6,0,5,4,1) : 1
(2,6,1) : 1
(2,6,1,0,3,4,5) : 7
(2,6,1,0,3,5,4) : 1
(2,6,1,0,4,3,5) : 2
(2,6,1,0,5,4,3) : 1
(2,6,1,3,4) : 1
(2,6,1,3,4,0,5) : 2
(2,6,1,3,4,5,0) : 5
(2,6,1,4,5,0,3) : 1
(2,6,1,5,3,4,0) : 1
(2,6,3) : 2
(2,6,3,0,1,4,5) : 2
(2,6,3,0,4,1,5) : 1
(2,6,3,0,4,5,1) : 1
(2,6,3,1,4,0,5) : 1
(2,6,3,1,4,5,0) : 2
(2,6,3,4) : 1
(2,6,3,4,0,1) : 1
(2,6,3,4,0,1,5) : 2
(2,6,3,4,1,0,5) : 6
(2,6,3,4,1,5,0) : 1
(2,6,3,4,5,1,0) : 1
(2,6,3,5,1,4,0) : 1
(2,6,4) : 3
(2,6,4,0) : 2
(2,6,4,0,1,3,5) : 1
(2,6,4,0,1,5) : 1
(2,6,4,1,0,3,5) : 4
(2,6,4,1,3,0,5) : 2
(2,6,4,1,3,5,0) : 1
(2,6,4,1,5,3,0) : 1
(2,6,4,3,0,1,5) : 6
(2,6,4,3,0,5,1) : 2
(2,6,4,3,1) : 1
(2,6,4,3,1,0) : 1
(2,6,4,3,1,0,5) : 11
(2,6,4,3,1,5) : 1
(2,6,4,3,1,5,0) : 2
(2,6,4,3,5) : 1
(2,6,4,3,5,0,1) : 1
(2,6,4,3,5,1,0) : 6
(2,6,4,5,0,1,3) : 2
(2,6,4,5,3,1,0) : 1
(2,6,5) : 1
(2,6,5,0) : 1
(2,6,5,0,1,3,4) : 1
(2,6,5,0,3,1,4) : 1
(2,6,5,0,3,4,1) : 2
(2,6,5,1,0) : 1
(2,6,5,1,0,3,4) : 1
(2,6,5,1,3,4,0) : 1
(2,6,5,3,1,0,4) : 1
(2,6,5,4,1,0,3) : 1
(2,6,5,4,3) : 1
(2,6,5,4,3,0,1) : 7
(2,6,5,4,3,1,0) : 9
(3) : 713
(3,0) : 13
(3,0,1,2,4,5,6) : 4
(3,0,1,2,5,6,4) : 1
(3,0,1,2,6,5,4) : 1
(3,0,1,4,5,2,6) : 1
(3,0,1,4,6,2,5) : 2
(3,0,1,5,4,2,6) : 1
(3,0,1,5,4,6) : 1
(3,0,1,6,4,2,5) : 2
(3,0,1,6,4,5,2) : 1
(3,0,2) : 3
(3,0,2,1,4,5,6) : 6
(3,0,2,1,4,6,5) : 2
(3,0,2,1,5,4,6) : 1
(3,0,2,4,1,5,6) : 2
(3,0,2,4,1,6,5) : 1
(3,0,2,4,5,6,1) : 1
(3,0,2,4,6,1,5) : 2
(3,0,2,4,6,5,1) : 1
(3,0,2,5,1,4,6) : 1
(3,0,2,5,6,4,1) : 1
(3,0,4) : 5
(3,0,4,1,2,5,6) : 1
(3,0,4,1,2,6,5) : 2
(3,0,4,2,1,5,6) : 1
(3,0,4,2,5,1,6) : 2
(3,0,4,5,1,2,6) : 2
(3,0,4,5,1,6,2) : 1
(3,0,4,5,2,6,1) : 1
(3,0,4,6,1,5,2) : 2
(3,0,4,6,2,5,1) : 1
(3,0,5) : 3
(3,0,5,2,1,4,6) : 1
(3,0,5,2,4,1,6) : 1
(3,0,5,2,6,4,1) : 1
(3,0,5,4,2,1,6) : 2
(3,0,6,4,1,5,2) : 1
(3,0,6,4,5,1,2) : 1
(3,1) : 6
(3,1,0) : 1
(3,1,0,2,4,5,6) : 1
(3,1,0,2,4,6,5) : 1
(3,1,0,2,6,4,5) : 1
(3,1,0,2,6,5,4) : 1
(3,1,0,4,5,2,6) : 2
(3,1,0,4,6,2,5) : 1
(3,1,2,0,4,5,6) : 1
(3,1,2,0,4,6,5) : 1
(3,1,2,4,6,0,5) : 2
(3,1,2,5,4,0,6) : 1
(3,1,4) : 3
(3,1,4,0,2,5,6) : 1
(3,1,4,0,5,2,6) : 1
(3,1,4,2,0,6,5) : 1
(3,1,4,5,0,2,6) : 1
(3,1,4,5,6,2,0) : 1
(3,1,4,6,5,2,0) : 2
(3,1,5,4,0,6,2) : 1
(3,2) : 31
(3,2,0) : 10
(3,2,0,1,4,5,6) : 4
(3,2,0,1,4,6,5) : 3
(3,2,0,1,5,4,6) : 1
(3,2,0,4,1,5,6) : 3
(3,2,0,4,1,6,5) : 3
(3,2,0,4,5,1,6) : 5
(3,2,0,4,5,6,1) : 4
(3,2,0,4,6,5,1) : 1
(3,2,0,5,4,1,6) : 1
(3,2,0,6,1,4,5) : 2
(3,2,1,0,4,5,6) : 8
(3,2,1,0,4,6,5) : 1
(3,2,1,0,5,4,6) : 1
(3,2,1,0,6,4,5) : 1
(3,2,1,0,6,5,4) : 1
(3,2,1,4,0,5,6) : 1
(3,2,1,4,0,6,5) : 1
(3,2,1,4,6,0,5) : 1
(3,2,4) : 13
(3,2,4,0) : 2
(3,2,4,0,1,5,6) : 7
(3,2,4,0,1,6,5) : 2
(3,2,4,0,5,6,1) : 2
(3,2,4,0,6,1,5) : 1
(3,2,4,0,6,5,1) : 1
(3,2,4,1) : 1
(3,2,4,1,0,5,6) : 1
(3,2,4,1,0,6,5) : 1
(3,2,4,1,5,0,6) : 2
(3,2,4,1,6,0,5) : 1
(3,2,4,1,6,5,0) : 1
(3,2,4,5) : 1
(3,2,4,5,0,6,1) : 1
(3,2,4,5,1,0,6) : 4
(3,2,4,5,1,6,0) : 1
(3,2,4,5,6,1,0) : 5
(3,2,4,6,0,1,5) : 1
(3,2,4,6,1,0,5) : 1
(3,2,5) : 3
(3,2,5,0,1,4,6) : 3
(3,2,5,0,4,1,6) : 1
(3,2,5,1,4,0,6) : 1
(3,2,5,4,0,1,6) : 2
(3,2,5,4,1,0,6) : 2
(3,2,5,4,1,6,0) : 4
(3,2,5,4,6,0,1) : 1
(3,2,5,6,0,1,4) : 1
(3,2,5,6,1,0) : 1
(3,2,5,6,4,1,0) : 1
(3,2,6) : 2
(3,2,6,0,5,1,4) : 1
(3,2,6,4,0,1,5) : 1
(3,2,6,5,4,1,0) : 1
(3,4) : 62
(3,4,0) : 194
(3,4,0,1,2,5,6) : 15
(3,4,0,1,2,6,5) : 1
(3,4,0,1,5,2,6) : 4
(3,4,0,1,5,6,2) : 1
(3,4,0,1,6,2,5) : 3
(3,4,0,1,6,5,2) : 1
(3,4,0,2) : 5
(3,4,0,2,1,5,6) : 8
(3,4,0,2,1,6,5) : 6
(3,4,0,2,5,1,6) : 4
(3,4,0,2,5,6,1) : 4
(3,4,0,2,6,1,5) : 1
(3,4,0,2,6,5,1) : 2
(3,4,0,5) : 1
(3,4,0,5,1,2,6) : 1
(3,4,0,5,1,6,2) : 3
(3,4,0,5,2,1,6) : 3
(3,4,0,5,2,6,1) : 3
(3,4,0,5,6,2,1) : 1
(3,4,0,6,1) : 1
(3,4,0,6,1,2,5) : 2
(3,4,0,6,1,5,2) : 1
(3,4,0,6,2,1,5) : 1
(3,4,0,6,2,5,1) : 1
(3,4,1) : 8
(3,4,1,0,2,5,6) : 3
(3,4,1,0,5,2,6) : 1
(3,4,1,0,5,6,2) : 2
(3,4,1,0,6,2,5) : 1
(3,4,1,0,6,5,2) : 3
(3,4,1,2) : 1
(3,4,1,2,0,5,6) : 1
(3,4,1,2,5,0,6) : 1
(3,4,1,2,5,6,0) : 2
(3,4,1,2,6,5,0) : 1
(3,4,1,5,0,2,6) : 1
(3,4,1,5,0,6,2) : 1
(3,4,1,5,2,0) : 1
(3,4,1,5,2,0,6) : 2
(3,4,1,5,2,6,0) : 3
(3,4,1,5,6,0,2) : 1
(3,4,1,5,6,2,0) : 1
(3,4,1,6,0,2,5) : 2
(3,4,1,6,0,5,2) : 1
(3,4,1,6,2,5,0) : 1
(3,4,1,6,5,2,0) : 2
(3,4,2) : 15
(3,4,2,0) : 2
(3,4,2,0,1,5,6) : 8
(3,4,2,0,1,6,5) : 7
(3,4,2,0,5,1) : 1
(3,4,2,0,5,1,6) : 2
(3,4,2,0,5,6,1) : 1
(3,4,2,0,6,5,1) : 2
(3,4,2,1,0,5,6) : 3
(3,4,2,1,5,0,6) : 2
(3,4,2,1,6,0,5) : 1
(3,4,2,1,6,5,0) : 3
(3,4,2,5,0,1,6) : 5
(3,4,2,5,0,6,1) : 1
(3,4,2,5,1,0,6) : 4
(3,4,2,5,1,6,0) : 2
(3,4,2,5,6,1) : 1
(3,4,2,6,5,0,1) : 1
(3,4,2,6,5,1,0) : 1
(3,4,5) : 14
(3,4,5,0) : 1
(3,4,5,0,1,2,6) : 4
(3,4,5,0,1,6,2) : 3
(3,4,5,0,2,6,1) : 1
(3,4,5,0,6,1,2) : 1
(3,4,5,0,6,2,1) : 2
(3,4,5,1,0,2,6) : 2
(3,4,5,1,0,6,2) : 1
(3,4,5,1,6,0,2) : 1
(3,4,5,2,0,1,6) : 2
(3,4,5,2,0,6,1) : 2
(3,4,5,2,1,0,6) : 1
(3,4,5,2,1,6,0) : 3
(3,4,5,2,6,0,1) : 1
(3,4,5,2,6,1,0) : 2
(3,4,5,6,0,1,2) : 6
(3,4,5,6,1,0,2) : 2
(3,4,5,6,1,2,0) : 3
(3,4,5,6,2,0,1) : 2
(3,4,5,6,2,1,0) : 8
(3,4,6) : 3
(3,4,6,0,1,2,5) : 3
(3,4,6,0,2,1,5) : 1
(3,4,6,0,2,5,1) : 1
(3,4,6,0,5,1,2) : 1
(3,4,6,1,0,2,5) : 4
(3,4,6,1,0,5,2) : 3
(3,4,6,1,2,0) : 1
(3,4,6,1,2,0,5) : 1
(3,4,6,1,2,5,0) : 1
(3,4,6,1,5,2,0) : 1
(3,4,6,2,1,0,5) : 1
(3,4,6,2,5,1,0) : 2
(3,4,6,5,1,2,0) : 1
(3,4,6,5,2,1,0) : 1
(3,5) : 19
(3,5,0) : 2
(3,5,0,1,2,4,6) : 1
(3,5,0,1,4,6,2) : 1
(3,5,0,2,1,4,6) : 3
(3,5,0,2,4,6,1) : 1
(3,5,0,4,1,6,2) : 1
(3,5,1,4,0,2,6) : 1
(3,5,1,4,6,0,2) : 2
(3,5,1,4,6,2,0) : 1
(3,5,1,6,2,0) : 1
(3,5,2) : 3
(3,5,2,0,1,4,6) : 1
(3,5,2,0,4,1,6) : 1
(3,5,2,1,4,6,0) : 1
(3,5,2,4,0,6,1) : 1
(3,5,2,4,1,6,0) : 1
(3,5,2,4,6,1,0) : 1
(3,5,2,6,4,1,0) : 1
(3,5,4) : 6
(3,5,4,0,1,6,2) : 2
(3,5,4,0,2,1,6) : 1
(3,5,4,1,0,2,6) : 3
(3,5,4,1,6,0,2) : 1
(3,5,4,2,0,1,6) : 3
(3,5,4,2,1,0,6) : 1
(3,5,4,2,1,6,0) : 1
(3,5,4,2,6,0,1) : 1
(3,5,4,2,6,1,0) : 1
(3,5,4,6,0,1,2) : 3
(3,5,4,6,0,2,1) : 1
(3,5,4,6,1,0,2) : 1
(3,5,4,6,1,2,0) : 2
(3,5,4,6,2,1,0) : 3
(3,5,6) : 1
(3,5,6,1,4,0,2) : 1
(3,5,6,2,0,1,4) : 1
(3,5,6,2,0,4,1) : 1
(3,5,6,4,0,2,1) : 1
(3,5,6,4,1,0,2) : 1
(3,5,6,4,1,2,0) : 1
(3,6) : 2
(3,6,0) : 2
(3,6,0,2,4,1,5) : 1
(3,6,0,2,4,5,1) : 1
(3,6,1,4,0,2,5) : 1
(3,6,1,4,5,2,0) : 3
(3,6,2,1,0,4,5) : 1
(3,6,2,1,0,5,4) : 1
(3,6,4,0,1,2,5) : 1
(3,6,4,0,1,5,2) : 1
(3,6,4,1,0,5,2) : 1
(3,6,4,2,5,0,1) : 1
(3,6,4,2,5,1,0) : 1
(3,6,4,5,1,2,0) : 1
(3,6,5,4,0,2,1) : 1
(3,6,5,4,1,2,0) : 1
(3,6,5,4,2,1,0) : 2
(4) : 1260
(4,0) : 19
(4,0,1,2,3) : 1
(4,0,1,2,3,5,6) : 4
(4,0,1,2,3,6,5) : 1
(4,0,1,2,5,3,6) : 1
(4,0,1,2,5,6,3) : 1
(4,0,1,3,2,5,6) : 1
(4,0,1,3,5,2,6) : 1
(4,0,1,3,5,6,2) : 2
(4,0,1,5,3,6,2) : 1
(4,0,1,6,3,2,5) : 1
(4,0,1,6,3,5,2) : 1
(4,0,1,6,5,3,2) : 1
(4,0,2) : 8
(4,0,2,1,3,5,6) : 3
(4,0,2,1,3,6,5) : 1
(4,0,2,1,5,3,6) : 3
(4,0,2,3,1,5,6) : 1
(4,0,2,3,1,6,5) : 5
(4,0,2,3,5,1,6) : 5
(4,0,2,3,5,6,1) : 2
(4,0,2,3,6,1,5) : 2
(4,0,2,3,6,5,1) : 3
(4,0,2,5,1,3,6) : 1
(4,0,2,5,3,1,6) : 2
(4,0,2,5,6,3,1) : 2
(4,0,2,6,3,1,5) : 2
(4,0,3) : 3
(4,0,3,1,2,5,6) : 6
(4,0,3,1,6,2,5) : 4
(4,0,3,1,6,5) : 1
(4,0,3,1,6,5,2) : 2
(4,0,3,2,1) : 1
(4,0,3,2,1,6,5) : 1
(4,0,3,2,5,1,6) : 1
(4,0,3,2,5,6,1) : 3
(4,0,3,5,1,2,6) : 1
(4,0,3,5,2,1,6) : 3
(4,0,3,5,2,6,1) : 1
(4,0,3,6) : 1
(4,0,3,6,1,2,5) : 1
(4,0,3,6,1,5,2) : 1
(4,0,5) : 2
(4,0,5,1,2,3,6) : 1
(4,0,5,3,2,1,6) : 1
(4,0,5,3,6,1,2) : 1
(4,0,5,6,1,3,2) : 2
(4,0,5,6,3,2,1) : 1
(4,0,6) : 1
(4,0,6,2,1,3,5) : 1
(4,0,6,2,5,1,3) : 2
(4,0,6,3) : 1
(4,0,6,3,1,5,2) : 1
(4,0,6,3,2,1) : 1
(4,0,6,3,2,5,1) : 1
(4,0,6,3,5,2,1) : 2
(4,0,6,5,3,1,2) : 2
(4,1) : 5
(4,1,0,2) : 1
(4,1,0,2,3,5,6) : 5
(4,1,0,3,6,5,2) : 1
(4,1,2) : 1
(4,1,2,0,3,5,6) : 3
(4,1,2,0,6,5) : 1
(4,1,2,3,0,6,5) : 1
(4,1,2,3,5,6,0) : 1
(4,1,2,6,0,5,3) : 1
(4,1,3,0,2,5,6) : 1
(4,1,3,0,6,2,5) : 1
(4,1,3,2,0,5,6) : 2
(4,1,3,2,5,6,0) : 1
(4,1,3,2,6,5,0) : 1
(4,1,3,5,2,0,6) : 1
(4,1,3,5,6,0,2) : 1
(4,1,3,6,0,2,5) : 1
(4,1,3,6,2,5,0) : 1
(4,1,3,6,5,2,0) : 1
(4,1,5) : 1
(4,1,5,2,3,6,0) : 1
(4,1,5,3,2,0,6) : 1
(4,1,6,5,2,3,0) : 1
(4,2) : 66
(4,2,0) : 2
(4,2,0,1,3,5,6) : 9
(4,2,0,1,3,6,5) : 3
(4,2,0,1,5,3,6) : 2
(4,2,0,1,6,3,5) : 1
(4,2,0,3) : 3
(4,2,0,3,1,5,6) : 3
(4,2,0,3,1,6,5) : 6
(4,2,0,3,5,6,1) : 1
(4,2,0,3,6,1,5) : 3
(4,2,0,3,6,5,1) : 1
(4,2,0,5,3,1,6) : 5
(4,2,0,5,6,1) : 1
(4,2,0,5,6,1,3) : 1
(4,2,0,6,1,3,5) : 1
(4,2,0,6,3,1,5) : 2
(4,2,0,6,5,3,1) : 1
(4,2,1,0,3,5,6) : 1
(4,2,1,0,3,6,5) : 1
(4,2,1,0,5,3,6) : 1
(4,2,1,0,5,6) : 1
(4,2,1,0,5,6,3) : 1
(4,2,1,3,0,5,6) : 1
(4,2,1,3,0,6,5) : 1
(4,2,1,3,5,0,6) : 2
(4,2,1,3,5,6) : 1
(4,2,1,3,5,6,0) : 1
(4,2,1,5,6,3,0) : 1
(4,2,3) : 6
(4,2,3,0) : 2
(4,2,3,0,1,5,6) : 6
(4,2,3,0,1,6,5) : 4
(4,2,3,0,5,1,6) : 2
(4,2,3,0,6,1,5) : 1
(4,2,3,1,0,5,6) : 7
(4,2,3,1,0,6,5) : 1
(4,2,3,1,5,0,6) : 1
(4,2,3,1,5,6,0) : 2
(4,2,3,1,6,0,5) : 1
(4,2,3,1,6,5,0) : 2
(4,2,3,5,0,1,6) : 1
(4,2,3,5,0,6,1) : 1
(4,2,3,5,1,6,0) : 2
(4,2,3,5,6,0) : 1
(4,2,3,5,6,1,0) : 1
(4,2,3,6,0,1,5) : 1
(4,2,3,6,0,5,1) : 2
(4,2,3,6,1,5,0) : 1
(4,2,3,6,5,0,1) : 2
(4,2,5) : 2
(4,2,5,0,1,3,6) : 3
(4,2,5,0,1,6,3) : 1
(4,2,5,0,3,1,6) : 2
(4,2,5,1,0,3,6) : 2
(4,2,5,1,3,0,6) : 1
(4,2,5,1,3,6,0) : 1
(4,2,5,3,0,1,6) : 1
(4,2,5,3,1,0,6) : 4
(4,2,5,3,6,1,0) : 1
(4,2,5,6,3,1,0) : 2
(4,2,6) : 1
(4,2,6,0,1,3,5) : 1
(4,2,6,0,3,1,5) : 2
(4,2,6,3,0,1,5) : 1
(4,2,6,3,1) : 1
(4,2,6,3,5,1,0) : 1
(4,2,6,5,3,1,0) : 1
(4,3) : 158
(4,3,0) : 10
(4,3,0,1) : 1
(4,3,0,1,2,5,6) : 6
(4,3,0,1,2,6,5) : 3
(4,3,0,1,5,6,2) : 1
(4,3,0,1,6,2,5) : 6
(4,3,0,1,6,5) : 1
(4,3,0,1,6,5,2) : 3
(4,3,0,2) : 1
(4,3,0,2,1,5,6) : 3
(4,3,0,2,1,6,5) : 6
(4,3,0,2,5,1,6) : 13
(4,3,0,2,5,6,1) : 1
(4,3,0,2,6,1,5) : 1
(4,3,0,2,6,5,1) : 1
(4,3,0,5,1,2,6) : 3
(4,3,0,5,2,1,6) : 1
(4,3,0,5,2,6,1) : 1
(4,3,0,6) : 1
(4,3,0,6,1,2,5) : 1
(4,3,0,6,1,5,2) : 1
(4,3,0,6,2,1,5) : 1
(4,3,1) : 4
(4,3,1,0,2) : 1
(4,3,1,0,2,5,6) : 15
(4,3,1,0,2,6,5) : 4
(4,3,1,0,5,2,6) : 4
(4,3,1,0,5,6) : 1
(4,3,1,0,5,6,2) : 5
(4,3,1,0,6,2,5) : 7
(4,3,1,0,6,5,2) : 4
(4,3,1,2,0) : 1
(4,3,1,2,0,5,6) : 4
(4,3,1,2,0,6,5) : 1
(4,3,1,2,5,0,6) : 2
(4,3,1,2,5,6) : 1
(4,3,1,2,5,6,0) : 2
(4,3,1,2,6,5,0) : 1
(4,3,1,5) : 1
(4,3,1,5,0,2,6) : 1
(4,3,1,5,2,0,6) : 1
(4,3,1,5,2,6,0) : 2
(4,3,1,5,6,0,2) : 2
(4,3,1,5,6,2,0) : 2
(4,3,1,6,0,2,5) : 4
(4,3,1,6,0,5,2) : 3
(4,3,1,6,2,5,0) : 3
(4,3,1,6,5,0,2) : 1
(4,3,1,6,5,2,0) : 5
(4,3,2) : 5
(4,3,2,0) : 1
(4,3,2,0,1,5,6) : 11
(4,3,2,0,1,6,5) : 9
(4,3,2,0,5,1,6) : 6
(4,3,2,0,5,6,1) : 1
(4,3,2,0,6,1,5) : 2
(4,3,2,0,6,5,1) : 1
(4,3,2,1) : 1
(4,3,2,1,0,5,6) : 10
(4,3,2,1,0,6,5) : 2
(4,3,2,1,5,0,6) : 3
(4,3,2,1,5,6,0) : 5
(4,3,2,1,6,0,5) : 1
(4,3,2,1,6,5,0) : 1
(4,3,2,5) : 3
(4,3,2,5,0,1,6) : 1
(4,3,2,5,0,6,1) : 4
(4,3,2,5,1,0,6) : 5
(4,3,2,5,1,6,0) : 1
(4,3,2,5,6,0,1) : 1
(4,3,2,5,6,1,0) : 5
(4,3,2,6,0,1,5) : 3
(4,3,2,6,1,0,5) : 2
(4,3,5) : 6
(4,3,5,0,1,2,6) : 2
(4,3,5,0,2,1,6) : 3
(4,3,5,0,6,1,2) : 1
(4,3,5,0,6,2,1) : 1
(4,3,5,1,0,6,2) : 1
(4,3,5,1,2,0,6) : 2
(4,3,5,1,2,6,0) : 2
(4,3,5,1,6,0) : 1
(4,3,5,1,6,2,0) : 2
(4,3,5,2,0) : 1
(4,3,5,2,1,0,6) : 1
(4,3,5,2,1,6,0) : 3
(4,3,5,2,6,1,0) : 3
(4,3,5,6,0,1,2) : 1
(4,3,5,6,1,0,2) : 2
(4,3,5,6,1,2,0) : 2
(4,3,5,6,2,1,0) : 6
(4,3,6) : 18
(4,3,6,0,1,2,5) : 3
(4,3,6,0,1,5,2) : 1
(4,3,6,0,2,5,1) : 1
(4,3,6,0,5,1,2) : 1
(4,3,6,1) : 1
(4,3,6,1,0,2,5) : 6
(4,3,6,1,0,5,2) : 1
(4,3,6,1,2,5,0) : 3
(4,3,6,1,5,2,0) : 1
(4,3,6,2,1,0,5) : 1
(4,3,6,2,5,0,1) : 2
(4,3,6,5,1,0,2) : 1
(4,3,6,5,2,0,1) : 1
(4,3,6,5,2,1,0) : 1
(4,5) : 32
(4,5,0) : 3
(4,5,0,1,2,3,6) : 3
(4,5,0,1,3,6,2) : 2
(4,5,0,2,1,3,6) : 1
(4,5,0,2,1,6) : 1
(4,5,0,2,1,6,3) : 2
(4,5,0,2,3,1,6) : 2
(4,5,0,3,2,1,6) : 2
(4,5,0,3,6,1,2) : 1
(4,5,0,6,1,2,3) : 1
(4,5,1,0,2,3,6) : 1
(4,5,1,2,3,6,0) : 2
(4,5,1,3,2,0,6) : 1
(4,5,1,3,2,6,0) : 1
(4,5,1,3,6,0,2) : 1
(4,5,2) : 5
(4,5,2,0,1,3,6) : 4
(4,5,2,0,1,6) : 1
(4,5,2,0,3,1,6) : 4
(4,5,2,1,3,6) : 1
(4,5,2,3,0,1,6) : 5
(4,5,2,3,0,6,1) : 1
(4,5,2,3,1,0,6) : 1
(4,5,2,3,6,1,0) : 1
(4,5,2,6,1,0,3) : 1
(4,5,2,6,3,0) : 1
(4,5,3) : 4
(4,5,3,0,1,6) : 1
(4,5,3,0,1,6,2) : 1
(4,5,3,0,2,1,6) : 3
(4,5,3,0,6,1,2) : 2
(4,5,3,0,6,2,1) : 2
(4,5,3,1,0,2,6) : 1
(4,5,3,1,2,0,6) : 2
(4,5,3,1,2,6,0) : 2
(4,5,3,1,6,0,2) : 3
(4,5,3,1,6,2,0) : 4
(4,5,3,2,0,6,1) : 1
(4,5,3,2,1,0,6) : 3
(4,5,3,2,1,6,0) : 1
(4,5,3,2,6,0,1) : 1
(4,5,3,2,6,1,0) : 2
(4,5,3,6,0,2,1) : 1
(4,5,3,6,1,0) : 1
(4,5,3,6,1,0,2) : 4
(4,5,3,6,1,2,0) : 4
(4,5,3,6,2,0,1) : 1
(4,5,6,0,1,2,3) : 1
(4,5,6,0,1,3,2) : 1
(4,5,6,0,2,1,3) : 1
(4,5,6,0,3,1,2) : 1
(4,5,6,0,3,2,1) : 1
(4,5,6,1,0,2,3) : 1
(4,5,6,1,3,2,0) : 1
(4,5,6,2,1,0,3) : 1
(4,5,6,2,3,0,1) : 1
(4,5,6,3,1,0,2) : 4
(4,5,6,3,1,2,0) : 5
(4,5,6,3,2,1,0) : 5
(4,6) : 4
(4,6,0) : 1
(4,6,0,1,2) : 1
(4,6,0,1,3,5,2) : 1
(4,6,0,5,3,2,1) : 1
(4,6,2) : 2
(4,6,2,1,3,5,0) : 1
(4,6,2,3,5,1,0) : 1
(4,6,3) : 1
(4,6,3,0,1,5,2) : 1
(4,6,3,1,0,2,5) : 2
(4,6,3,5,1,2,0) : 1
(4,6,3,5,2,1,0) : 1
(4,6,5) : 2
(4,6,5,0,3,1,2) : 1
(4,6,5,1,2,3,0) : 1
(4,6,5,3,1,0,2) : 1
(4,6,5,3,1,2,0) : 1
(4,6,5,3,2,1,0) : 3
(5) : 10387
(5,0) : 53
(5,0,1) : 4
(5,0,1,2,3,4) : 1
(5,0,1,2,3,4,6) : 31
(5,0,1,2,3,6) : 1
(5,0,1,2,4,3,6) : 3
(5,0,1,2,6,3,4) : 1
(5,0,1,2,6,4,3) : 1
(5,0,1,3) : 1
(5,0,1,3,2,4,6) : 2
(5,0,1,3,4,2,6) : 4
(5,0,1,3,4,6,2) : 18
(5,0,1,3,6,4,2) : 3
(5,0,1,4,2,3,6) : 2
(5,0,1,4,2,6) : 1
(5,0,1,4,3,2,6) : 5
(5,0,1,4,3,6,2) : 2
(5,0,1,4,6,3,2) : 1
(5,0,1,6,2,3,4) : 2
(5,0,1,6,3,2) : 2
(5,0,1,6,3,4,2) : 1
(5,0,1,6,4,2,3) : 1
(5,0,1,6,4,3,2) : 1
(5,0,2) : 14
(5,0,2,1) : 1
(5,0,2,1,3,4,6) : 19
(5,0,2,1,3,6,4) : 1
(5,0,2,1,4,3,6) : 3
(5,0,2,1,6,3,4) : 1
(5,0,2,1,6,4,3) : 1
(5,0,2,3,1,4,6) : 1
(5,0,2,3,1,6) : 1
(5,0,2,3,4,1,6) : 5
(5,0,2,3,4,6,1) : 6
(5,0,2,3,6,1) : 1
(5,0,2,3,6,1,4) : 1
(5,0,2,4) : 1
(5,0,2,4,1,3,6) : 1
(5,0,2,4,1,6,3) : 1
(5,0,2,4,3) : 1
(5,0,2,4,3,1,6) : 18
(5,0,2,4,3,6,1) : 2
(5,0,2,4,6,3) : 2
(5,0,2,6) : 2
(5,0,2,6,1,3,4) : 1
(5,0,2,6,4,3,1) : 3
(5,0,3) : 4
(5,0,3,1,6,2) : 1
(5,0,3,1,6,2,4) : 1
(5,0,3,1,6,4,2) : 1
(5,0,3,2,1,4,6) : 2
(5,0,3,2,4,6,1) : 1
(5,0,3,2,6,1,4) : 1
(5,0,3,4) : 1
(5,0,3,4,1) : 1
(5,0,3,4,1,2,6) : 11
(5,0,3,4,1,6,2) : 12
(5,0,3,4,2,1,6) : 6
(5,0,3,4,6,1,2) : 9
(5,0,3,4,6,2,1) : 4
(5,0,3,6,1,2,4) : 1
(5,0,3,6,4,1,2) : 2
(5,0,3,6,4,2,1) : 3
(5,0,4) : 2
(5,0,4,1,2,3,6) : 1
(5,0,4,1,3,2,6) : 1
(5,0,4,1,3,6,2) : 2
(5,0,4,1,6,2) : 1
(5,0,4,1,6,3,2) : 1
(5,0,4,2,1,3,6) : 2
(5,0,4,2,3,6,1) : 3
(5,0,4,2,6,1,3) : 1
(5,0,4,2,6,3,1) : 1
(5,0,4,3) : 1
(5,0,4,3,1,2,6) : 5
(5,0,4,3,1,6,2) : 10
(5,0,4,3,2,1,6) : 9
(5,0,4,3,2,6,1) : 1
(5,0,4,3,6,1,2) : 9
(5,0,4,3,6,2,1) : 4
(5,0,4,6,1,2,3) : 1
(5,0,4,6,1,3,2) : 1
(5,0,4,6,3,1,2) : 4
(5,0,6) : 2
(5,0,6,1,2,3) : 1
(5,0,6,1,4,2,3) : 1
(5,0,6,1,4,3,2) : 1
(5,0,6,2,3,4,1) : 1
(5,0,6,3,1,2,4) : 1
(5,0,6,3,1,4,2) : 1
(5,0,6,3,4,1,2) : 1
(5,0,6,3,4,2,1) : 1
(5,0,6,4,1,2,3) : 1
(5,0,6,4,1,3,2) : 2
(5,0,6,4,2,1,3) : 2
(5,0,6,4,2,3,1) : 1
(5,0,6,4,3,1,2) : 7
(5,0,6,4,3,2,1) : 3
(5,1) : 28
(5,1,0) : 2
(5,1,0,2,3,4,6) : 11
(5,1,0,2,4,3,6) : 1
(5,1,0,2,6,4,3) : 1
(5,1,0,3,2,4,6) : 1
(5,1,0,3,2,6,4) : 1
(5,1,0,3,4,2,6) : 6
(5,1,0,3,4,6,2) : 6
(5,1,0,3,6,2) : 1
(5,1,0,3,6,4,2) : 2
(5,1,0,4,2,3,6) : 1
(5,1,0,4,3,2,6) : 1
(5,1,0,4,3,6,2) : 2
(5,1,0,4,6,3,2) : 1
(5,1,0,6,2,3,4) : 1
(5,1,0,6,4,3,2) : 2
(5,1,2) : 2
(5,1,2,0,3,4,6) : 3
(5,1,2,0,3,6,4) : 1
(5,1,2,0,4,3,6) : 1
(5,1,2,3) : 1
(5,1,2,3,0,4,6) : 1
(5,1,2,3,4,0,6) : 2
(5,1,2,3,4,6,0) : 5
(5,1,2,3,6,0,4) : 2
(5,1,2,3,6,4,0) : 1
(5,1,2,4,3,0,6) : 1
(5,1,2,4,3,6,0) : 1
(5,1,2,4,6,3,0) : 1
(5,1,2,6,0,3,4) : 1
(5,1,2,6,3,4,0) : 1
(5,1,2,6,4,3,0) : 1
(5,1,3) : 1
(5,1,3,0,4,6,2) : 1
(5,1,3,4) : 1
(5,1,3,4,0,2,6) : 6
(5,1,3,4,0,6,2) : 5
(5,1,3,4,2,0) : 2
(5,1,3,4,2,0,6) : 5
(5,1,3,4,2,6,0) : 2
(5,1,3,4,6,0,2) : 17
(5,1,3,4,6,2) : 1
(5,1,3,4,6,2,0) : 13
(5,1,3,6,4,0,2) : 3
(5,1,3,6,4,2,0) : 2
(5,1,4) : 1
(5,1,4,0,3,2,6) : 1
(5,1,4,0,6,3,2) : 1
(5,1,4,2,3,6,0) : 1
(5,1,4,3,0,2,6) : 3
(5,1,4,3,0,6,2) : 3
(5,1,4,3,2,0) : 1
(5,1,4,3,2,0,6) : 6
(5,1,4,3,2,6,0) : 5
(5,1,4,3,6,0,2) : 4
(5,1,4,3,6,2,0) : 6
(5,1,4,6,3,0,2) : 3
(5,1,6) : 1
(5,1,6,0,2,3,4) : 2
(5,1,6,2,0,3,4) : 1
(5,1,6,3,2,4,0) : 1
(5,1,6,3,4,0,2) : 1
(5,1,6,3,4,2,0) : 1
(5,1,6,4,3,0,2) : 8
(5,1,6,4,3,2,0) : 8
(5,2) : 150
(5,2,0) : 12
(5,2,0,1,3) : 1
(5,2,0,1,3,4) : 1
(5,2,0,1,3,4,6) : 30
(5,2,0,1,3,6,4) : 5
(5,2,0,1,4,3,6) : 3
(5,2,0,1,4,6) : 1
(5,2,0,1,4,6,3) : 2
(5,2,0,1,6,4,3) : 1
(5,2,0,3,1,4) : 1
(5,2,0,3,1,4,6) : 1
(5,2,0,3,4,1,6) : 19
(5,2,0,3,4,6) : 1
(5,2,0,3,4,6,1) : 7
(5,2,0,4) : 5
(5,2,0,4,1,3,6) : 2
(5,2,0,4,1,6) : 1
(5,2,0,4,3,1,6) : 15
(5,2,0,4,3,6,1) : 3
(5,2,0,4,6,1) : 2
(5,2,0,4,6,1,3) : 1
(5,2,0,4,6,3,1) : 1
(5,2,0,6) : 1
(5,2,0,6,1,3,4) : 1
(5,2,0,6,1,4,3) : 1
(5,2,0,6,3,4,1) : 1
(5,2,0,6,4,1,3) : 1
(5,2,0,6,4,3,1) : 5
(5,2,1,0) : 1
(5,2,1,0,3,4,6) : 16
(5,2,1,0,4,3,6) : 2
(5,2,1,0,6,4,3) : 2
(5,2,1,3) : 1
(5,2,1,3,4,0,6) : 8
(5,2,1,3,4,6,0) : 7
(5,2,1,4,0,3,6) : 1
(5,2,1,4,0,6) : 1
(5,2,1,4,3,0,6) : 3
(5,2,1,4,3,6,0) : 2
(5,2,1,4,6,0,3) : 1
(5,2,1,6,0,3,4) : 1
(5,2,1,6,4,3,0) : 2
(5,2,3) : 5
(5,2,3,0,1) : 1
(5,2,3,0,1,4,6) : 5
(5,2,3,0,4,1,6) : 1
(5,2,3,0,4,6,1) : 1
(5,2,3,1,0,4,6) : 3
(5,2,3,1,4,0,6) : 2
(5,2,3,1,4,6,0) : 3
(5,2,3,1,6,4,0) : 1
(5,2,3,4) : 2
(5,2,3,4,0,1,6) : 6
(5,2,3,4,0,6) : 1
(5,2,3,4,0,6,1) : 4
(5,2,3,4,1,0) : 1
(5,2,3,4,1,0,6) : 14
(5,2,3,4,1,6,0) : 5
(5,2,3,4,6,0,1) : 6
(5,2,3,4,6,1,0) : 19
(5,2,3,6,4,0,1) : 2
(5,2,3,6,4,1,0) : 2
(5,2,4) : 2
(5,2,4,0) : 1
(5,2,4,0,1,3,6) : 6
(5,2,4,0,1,6,3) : 2
(5,2,4,0,3,1,6) : 1
(5,2,4,0,6,3,1) : 1
(5,2,4,1,0) : 1
(5,2,4,1,0,3,6) : 3
(5,2,4,1,3,6,0) : 1
(5,2,4,1,6,0,3) : 1
(5,2,4,3) : 1
(5,2,4,3,0,1,6) : 10
(5,2,4,3,0,6,1) : 8
(5,2,4,3,1,0,6) : 10
(5,2,4,3,1,6) : 1
(5,2,4,3,1,6,0) : 11
(5,2,4,3,6,0,1) : 1
(5,2,4,3,6,1,0) : 7
(5,2,4,6) : 1
(5,2,4,6,1,0) : 2
(5,2,4,6,1,3,0) : 1
(5,2,4,6,3,0,1) : 2
(5,2,4,6,3,1,0) : 4
(5,2,6) : 4
(5,2,6,0) : 1
(5,2,6,0,1,3,4) : 2
(5,2,6,0,1,4,3) : 3
(5,2,6,0,4,1,3) : 1
(5,2,6,0,4,3,1) : 1
(5,2,6,1,4,3,0) : 3
(5,2,6,3,1,4,0) : 1
(5,2,6,3,4,1,0) : 1
(5,2,6,4,0,1) : 1
(5,2,6,4,1,0) : 1
(5,2,6,4,1,3,0) : 1
(5,2,6,4,3,0,1) : 6
(5,2,6,4,3,1,0) : 11
(5,3) : 26
(5,3,0) : 3
(5,3,0,1,2,4,6) : 2
(5,3,0,1,2,6,4) : 1
(5,3,0,1,4,6,2) : 5
(5,3,0,1,6,4,2) : 2
(5,3,0,2,1,6) : 1
(5,3,0,2,4) : 1
(5,3,0,2,6,4,1) : 1
(5,3,0,4,1,2,6) : 1
(5,3,0,4,1,6,2) : 1
(5,3,0,4,2,1,6) : 2
(5,3,0,4,6,1,2) : 1
(5,3,0,4,6,2,1) : 2
(5,3,1) : 3
(5,3,1,0,2,4,6) : 2
(5,3,1,0,2,6,4) : 1
(5,3,1,0,4,2,6) : 1
(5,3,1,0,4,6,2) : 1
(5,3,1,2,0,4,6) : 2
(5,3,1,2,4,0,6) : 1
(5,3,1,2,4,6,0) : 1
(5,3,1,4,2,6,0) : 1
(5,3,1,4,6) : 1
(5,3,1,4,6,0,2) : 1
(5,3,1,4,6,2,0) : 2
(5,3,1,6,4,2,0) : 1
(5,3,2) : 2
(5,3,2,0) : 1
(5,3,2,0,1,4,6) : 3
(5,3,2,0,4,1,6) : 2
(5,3,2,0,4,6,1) : 2
(5,3,2,1,0,4,6) : 3
(5,3,2,1,0,6,4) : 1
(5,3,2,1,4,6,0) : 2
(5,3,2,4,0,1,6) : 1
(5,3,2,4,1,0,6) : 2
(5,3,2,4,1,6,0) : 2
(5,3,2,4,6,0,1) : 2
(5,3,2,6,0,4,1) : 1
(5,3,2,6,4,0,1) : 1
(5,3,4) : 10
(5,3,4,0,1,2,6) : 6
(5,3,4,0,1,6) : 1
(5,3,4,0,1,6,2) : 5
(5,3,4,0,2,1,6) : 5
(5,3,4,0,2,6,1) : 3
(5,3,4,0,6,1,2) : 4
(5,3,4,0,6,2,1) : 2
(5,3,4,1) : 1
(5,3,4,1,0,2,6) : 9
(5,3,4,1,0,6,2) : 7
(5,3,4,1,2,0,6) : 7
(5,3,4,1,2,6) : 1
(5,3,4,1,2,6,0) : 4
(5,3,4,1,6,0) : 1
(5,3,4,1,6,0,2) : 11
(5,3,4,1,6,2) : 1
(5,3,4,1,6,2,0) : 1
(5,3,4,2) : 1
(5,3,4,2,0,1,6) : 5
(5,3,4,2,0,6,1) : 1
(5,3,4,2,1,0,6) : 10
(5,3,4,2,1,6,0) : 5
(5,3,4,2,6,1,0) : 7
(5,3,4,6) : 2
(5,3,4,6,0,1,2) : 8
(5,3,4,6,1,0) : 1
(5,3,4,6,1,0,2) : 15
(5,3,4,6,1,2) : 1
(5,3,4,6,1,2,0) : 11
(5,3,4,6,2) : 1
(5,3,4,6,2,0,1) : 3
(5,3,4,6,2,1,0) : 10
(5,3,6) : 3
(5,3,6,0,2,4,1) : 1
(5,3,6,0,4,1,2) : 2
(5,3,6,1,0,4,2) : 1
(5,3,6,1,2,4,0) : 1
(5,3,6,1,4,0,2) : 2
(5,3,6,2,1,0) : 1
(5,3,6,4) : 1
(5,3,6,4,0,1,2) : 1
(5,3,6,4,1,0,2) : 3
(5,3,6,4,1,2,0) : 3
(5,3,6,4,2,0,1) : 6
(5,4) : 79
(5,4,0) : 5
(5,4,0,1,2,3,6) : 3
(5,4,0,1,3,2,6) : 3
(5,4,0,1,3,6,2) : 5
(5,4,0,1,6,3,2) : 2
(5,4,0,2,1,3,6) : 4
(5,4,0,2,3,1,6) : 4
(5,4,0,2,6,3,1) : 1
(5,4,0,3) : 2
(5,4,0,3,1,2,6) : 1
(5,4,0,3,1,6,2) : 3
(5,4,0,3,2,1,6) : 2
(5,4,0,3,2,6,1) : 2
(5,4,0,3,6,1,2) : 2
(5,4,0,3,6,2) : 1
(5,4,0,3,6,2,1) : 2
(5,4,0,6,1,2) : 1
(5,4,0,6,1,3,2) : 1
(5,4,0,6,2,1,3) : 1
(5,4,0,6,2,3,1) : 1
(5,4,0,6,3,1,2) : 1
(5,4,0,6,3,2,1) : 1
(5,4,1) : 1
(5,4,1,0,2,3,6) : 4
(5,4,1,0,3,6,2) : 3
(5,4,1,2,3,0,6) : 3
(5,4,1,2,6,3,0) : 1
(5,4,1,3) : 1
(5,4,1,3,0,2,6) : 2
(5,4,1,3,0,6,2) : 2
(5,4,1,3,2,0,6) : 1
(5,4,1,3,2,6,0) : 1
(5,4,1,3,6,0,2) : 7
(5,4,1,3,6,2,0) : 4
(5,4,1,6,3,0,2) : 2
(5,4,1,6,3,2,0) : 3
(5,4,2) : 4
(5,4,2,0,1,6,3) : 2
(5,4,2,0,3,6,1) : 1
(5,4,2,0,6,3,1) : 1
(5,4,2,1,0,3,6) : 3
(5,4,2,1,3,0,6) : 1
(5,4,2,1,3,6,0) : 2
(5,4,2,3) : 1
(5,4,2,3,0,1,6) : 2
(5,4,2,3,0,6,1) : 1
(5,4,2,3,1,0,6) : 6
(5,4,2,3,1,6,0) : 3
(5,4,2,3,6,0,1) : 1
(5,4,2,3,6,1,0) : 4
(5,4,2,6,1,0) : 1
(5,4,2,6,1,3,0) : 1
(5,4,2,6,3,0,1) : 2
(5,4,2,6,3,1,0) : 3
(5,4,3) : 31
(5,4,3,0) : 4
(5,4,3,0,1,2,6) : 23
(5,4,3,0,1,6,2) : 20
(5,4,3,0,2) : 1
(5,4,3,0,2,1,6) : 12
(5,4,3,0,2,6,1) : 5
(5,4,3,0,6,1,2) : 14
(5,4,3,0,6,2,1) : 3
(5,4,3,1) : 1
(5,4,3,1,0) : 1
(5,4,3,1,0,2) : 1
(5,4,3,1,0,2,6) : 23
(5,4,3,1,0,6) : 1
(5,4,3,1,0,6,2) : 29
(5,4,3,1,2,0,6) : 18
(5,4,3,1,2,6) : 1
(5,4,3,1,2,6,0) : 9
(5,4,3,1,6,0) : 1
(5,4,3,1,6,0,2) : 42
(5,4,3,1,6,2,0) : 44
(5,4,3,2) : 1
(5,4,3,2,0,1,6) : 8
(5,4,3,2,0,6,1) : 12
(5,4,3,2,1,0) : 3
(5,4,3,2,1,0,6) : 25
(5,4,3,2,1,6,0) : 17
(5,4,3,2,6,0,1) : 5
(5,4,3,2,6,1,0) : 18
(5,4,3,6) : 1
(5,4,3,6,0,1) : 2
(5,4,3,6,0,1,2) : 28
(5,4,3,6,0,2,1) : 3
(5,4,3,6,1) : 2
(5,4,3,6,1,0) : 1
(5,4,3,6,1,0,2) : 38
(5,4,3,6,1,2) : 1
(5,4,3,6,1,2,0) : 27
(5,4,3,6,2) : 1
(5,4,3,6,2,0,1) : 6
(5,4,3,6,2,1) : 1
(5,4,3,6,2,1,0) : 19
(5,4,6) : 10
(5,4,6,0,1,2,3) : 1
(5,4,6,1,0,2,3) : 1
(5,4,6,1,0,3,2) : 1
(5,4,6,1,2,3,0) : 1
(5,4,6,1,3,0,2) : 2
(5,4,6,1,3,2,0) : 2
(5,4,6,2) : 1
(5,4,6,2,1,0,3) : 2
(5,4,6,2,3,1) : 1
(5,4,6,2,3,1,0) : 2
(5,4,6,3,0,1,2) : 6
(5,4,6,3,0,2,1) : 3
(5,4,6,3,1,0,2) : 16
(5,4,6,3,1,2,0) : 15
(5,4,6,3,2,1,0) : 15
(5,6) : 110
(5,6,0) : 4
(5,6,0,1,2,3,4) : 2
(5,6,0,1,3,2,4) : 1
(5,6,0,1,3,4,2) : 2
(5,6,0,2,1,3,4) : 3
(5,6,0,2,3,1,4) : 1
(5,6,0,2,3,4,1) : 2
(5,6,0,2,4,3,1) : 1
(5,6,0,3,1,2) : 1
(5,6,0,3,1,4,2) : 1
(5,6,0,3,2,1) : 1
(5,6,0,3,4,1,2) : 5
(5,6,0,3,4,2,1) : 2
(5,6,0,4,3,1,2) : 8
(5,6,0,4,3,2,1) : 3
(5,6,1) : 7
(5,6,1,0,3,2,4) : 1
(5,6,1,0,3,4,2) : 3
(5,6,1,0,4,3,2) : 1
(5,6,1,3,4,0,2) : 6
(5,6,1,3,4,2,0) : 9
(5,6,1,4,3,0,2) : 5
(5,6,1,4,3,2) : 1
(5,6,1,4,3,2,0) : 13
(5,6,2) : 4
(5,6,2,0,1) : 1
(5,6,2,0,1,3,4) : 2
(5,6,2,0,1,4,3) : 1
(5,6,2,0,4,3,1) : 3
(5,6,2,1,0,4) : 1
(5,6,2,1,4,3,0) : 1
(5,6,2,3,4,0,1) : 4
(5,6,2,3,4,1,0) : 8
(5,6,2,4,0,1,3) : 1
(5,6,2,4,1,3,0) : 1
(5,6,2,4,3,0,1) : 3
(5,6,2,4,3,1,0) : 9
(5,6,3) : 3
(5,6,3,0,4,2,1) : 1
(5,6,3,1,0,2,4) : 1
(5,6,3,1,2) : 1
(5,6,3,1,2,0) : 1
(5,6,3,1,4,0,2) : 1
(5,6,3,1,4,2,0) : 1
(5,6,3,2) : 1
(5,6,3,2,1,0,4) : 1
(5,6,3,2,4,1,0) : 3
(5,6,3,4) : 1
(5,6,3,4,0,1,2) : 5
(5,6,3,4,0,2,1) : 1
(5,6,3,4,1,0,2) : 16
(5,6,3,4,1,2,0) : 12
(5,6,3,4,2,0,1) : 6
(5,6,3,4,2,1,0) : 7
(5,6,4) : 14
(5,6,4,0,1,2,3) : 5
(5,6,4,0,2,1,3) : 1
(5,6,4,0,2,3,1) : 1
(5,6,4,0,3,1,2) : 1
(5,6,4,0,3,2,1) : 1
(5,6,4,1,0,2,3) : 1
(5,6,4,1,0,3,2) : 1
(5,6,4,1,3,0,2) : 3
(5,6,4,1,3,2,0) : 6
(5,6,4,2) : 1
(5,6,4,2,1,0,3) : 1
(5,6,4,2,1,3,0) : 1
(5,6,4,2,3,0,1) : 3
(5,6,4,2,3,1,0) : 7
(5,6,4,3) : 4
(5,6,4,3,0,1,2) : 27
(5,6,4,3,0,2,1) : 2
(5,6,4,3,1,0,2) : 69
(5,6,4,3,1,2) : 1
(5,6,4,3,1,2,0) : 54
(5,6,4,3,2) : 2
(5,6,4,3,2,0,1) : 14
(5,6,4,3,2,1,0) : 57
(6) : 684
(6,0) : 6
(6,0,1,2,3,4,5) : 4
(6,0,1,3,4,2,5) : 1
(6,0,1,3,4,5,2) : 4
(6,0,2) : 3
(6,0,2,3,4,5) : 1
(6,0,2,4,1,3,5) : 1
(6,0,2,4,3,5,1) : 1
(6,0,3,4,1,2,5) : 1
(6,0,3,4,5,2,1) : 2
(6,0,4,3,1,2,5) : 2
(6,0,4,5,3,2,1) : 1
(6,0,5,4,3,1,2) : 1
(6,1) : 4
(6,1,0,3,2,4,5) : 1
(6,1,0,3,4,2,5) : 1
(6,1,0,3,4,5,2) : 1
(6,1,0,4,3,2,5) : 2
(6,1,2,3,4) : 1
(6,1,2,3,4,5,0) : 1
(6,1,3,2,4,5,0) : 1
(6,1,3,4,2,5,0) : 1
(6,1,4,3,5,2,0) : 1
(6,1,5) : 1
(6,1,5,2,0,4,3) : 1
(6,1,5,2,3,4,0) : 2
(6,1,5,3,4,0) : 1
(6,1,5,4,3,2,0) : 1
(6,2) : 36
(6,2,0) : 1
(6,2,0,1,3,4,5) : 9
(6,2,0,3,4,1,5) : 1
(6,2,0,3,5,4,1) : 2
(6,2,0,4,3,1,5) : 1
(6,2,0,4,3,5,1) : 2
(6,2,0,5) : 1
(6,2,0,5,4,3,1) : 1
(6,2,1) : 1
(6,2,1,0,3,4,5) : 2
(6,2,1,0,3,5,4) : 1
(6,2,1,0,4,3,5) : 1
(6,2,1,3,4,5,0) : 3
(6,2,1,4,3,5,0) : 1
(6,2,1,4,5,0) : 1
(6,2,3,1,4) : 1
(6,2,3,4,1,5,0) : 1
(6,2,3,4,5,0,1) : 1
(6,2,3,4,5,1,0) : 3
(6,2,3,5,0,4,1) : 1
(6,2,4,1,5,0,3) : 1
(6,2,4,3,0,5,1) : 2
(6,2,4,3,1,0,5) : 1
(6,2,4,3,1,5,0) : 1
(6,2,4,3,5,0,1) : 2
(6,2,4,5,0,1,3) : 1
(6,2,4,5,1,3,0) : 1
(6,2,4,5,3,0,1) : 3
(6,2,5) : 3
(6,2,5,0,4,3,1) : 1
(6,2,5,1,4,3,0) : 1
(6,2,5,3,0,1,4) : 1
(6,2,5,3,4,1,0) : 3
(6,2,5,4,3,1,0) : 8
(6,3) : 5
(6,3,0) : 1
(6,3,1,2,0,4,5) : 1
(6,3,1,2,4,0,5) : 1
(6,3,1,4,2,5,0) : 1
(6,3,1,4,5,2,0) : 1
(6,3,2,1,0,4,5) : 1
(6,3,2,1,0,5,4) : 1
(6,3,2,4,0,5,1) : 1
(6,3,2,5,0,1,4) : 1
(6,3,2,5,4,1,0) : 2
(6,3,4) : 1
(6,3,4,0,1,2,5) : 2
(6,3,4,0,1,5,2) : 1
(6,3,4,1,0,2,5) : 1
(6,3,4,1,2,0,5) : 1
(6,3,4,1,2,5,0) : 2
(6,3,4,5,0,1,2) : 3
(6,3,4,5,1,2,0) : 1
(6,3,4,5,2,0,1) : 1
(6,3,4,5,2,1,0) : 3
(6,3,5) : 2
(6,3,5,0,4,1,2) : 1
(6,3,5,4,0,1,2) : 1
(6,3,5,4,2,1,0) : 1
(6,4) : 6
(6,4,0,5) : 1
(6,4,1,2,0,3,5) : 1
(6,4,2,0,5,1,3) : 1
(6,4,2,1,0,3,5) : 1
(6,4,2,1,3,0,5) : 1
(6,4,2,3,0,1,5) : 2
(6,4,2,3,5,1,0) : 1
(6,4,2,5,0,1,3) : 1
(6,4,2,5,1,0,3) : 1
(6,4,3) : 3
(6,4,3,0,1,2,5) : 3
(6,4,3,0,1,5,2) : 1
(6,4,3,1) : 1
(6,4,3,1,0,2,5) : 1
(6,4,3,1,0,5,2) : 3
(6,4,3,1,2,0,5) : 1
(6,4,3,1,2,5,0) : 2
(6,4,3,1,5,0,2) : 2
(6,4,3,1,5,2,0) : 4
(6,4,3,2) : 1
(6,4,3,2,0,1,5) : 1
(6,4,3,2,1,5,0) : 2
(6,4,3,5) : 2
(6,4,3,5,0,2,1) : 2
(6,4,3,5,1,0,2) : 1
(6,4,3,5,1,2,0) : 2
(6,4,3,5,2,0,1) : 5
(6,4,3,5,2,1,0) : 7
(6,4,5) : 5
(6,4,5,2) : 1
(6,4,5,2,3,0,1) : 3
(6,4,5,2,3,1,0) : 3
(6,4,5,3) : 1
(6,4,5,3,1,0,2) : 1
(6,4,5,3,1,2,0) : 3
(6,4,5,3,2,0,1) : 1
(6,4,5,3,2,1,0) : 3
(6,5) : 242
(6,5,0) : 4
(6,5,0,1,2,3,4) : 1
(6,5,0,1,3,4) : 1
(6,5,0,1,3,4,2) : 1
(6,5,0,2,3,4,1) : 1
(6,5,0,4,2,3,1) : 1
(6,5,0,4,3,1,2) : 1
(6,5,0,4,3,2,1) : 2
(6,5,1) : 1
(6,5,1,0,2,3,4) : 1
(6,5,1,2,3,4,0) : 3
(6,5,1,2,4,3,0) : 1
(6,5,1,3,4,2,0) : 3
(6,5,1,4,3,0,2) : 2
(6,5,1,4,3,2,0) : 3
(6,5,2) : 14
(6,5,2,0) : 1
(6,5,2,0,1,3,4) : 4
(6,5,2,0,1,4,3) : 1
(6,5,2,0,3,1,4) : 1
(6,5,2,0,4,3,1) : 1
(6,5,2,1,0,3,4) : 1
(6,5,2,1,3,0,4) : 1
(6,5,2,1,3,4,0) : 1
(6,5,2,1,4,3,0) : 2
(6,5,2,3,0,4,1) : 1
(6,5,2,3,4,1,0) : 17
(6,5,2,4,0,3,1) : 1
(6,5,2,4,3,0,1) : 4
(6,5,2,4,3,1,0) : 18
(6,5,3) : 1
(6,5,3,1,0,2,4) : 1
(6,5,3,1,2,0) : 1
(6,5,3,1,4,2,0) : 1
(6,5,3,2,1,0,4) : 1
(6,5,3,2,1,4,0) : 1
(6,5,3,2,4,1,0) : 1
(6,5,3,4,0,1,2) : 1
(6,5,3,4,1,0,2) : 3
(6,5,3,4,1,2,0) : 7
(6,5,3,4,2,0,1) : 3
(6,5,3,4,2,1,0) : 8
(6,5,4) : 4
(6,5,4,0,3,1,2) : 1
(6,5,4,0,3,2,1) : 1
(6,5,4,1,0,2,3) : 1
(6,5,4,1,2,3,0) : 1
(6,5,4,1,3,0,2) : 1
(6,5,4,1,3,2,0) : 6
(6,5,4,2,0,1,3) : 2
(6,5,4,2,1,0) : 1
(6,5,4,2,1,0,3) : 1
(6,5,4,2,1,3,0) : 1
(6,5,4,2,3,0,1) : 3
(6,5,4,2,3,1,0) : 7
(6,5,4,3) : 4
(6,5,4,3,0,1,2) : 3
(6,5,4,3,0,2,1) : 4
(6,5,4,3,1,0,2) : 13
(6,5,4,3,1,2,0) : 56
(6,5,4,3,2,0,1) : 5
(6,5,4,3,2,1,0) : 58
