0, 1, 2, 3, 4
NLT,LIB,GRN,CDP,LAB
-+-+-+-+-
() : 46
(0) : 828
(0,1) : 59
(0,1,2) : 3
(0,1,2,3) : 1
(0,1,2,3,4) : 72
(0,1,2,4) : 3
(0,1,2,4,3) : 27
(0,1,3) : 3
(0,1,3,2) : 1
(0,1,3,2,4) : 22
(0,1,3,4,2) : 26
(0,1,4) : 2
(0,1,4,2) : 1
(0,1,4,2,3) : 24
(0,1,4,3,2) : 21
(0,2) : 28
(0,2,1) : 3
(0,2,1,3,4) : 16
(0,2,1,4,3) : 24
(0,2,3) : 4
(0,2,3,1,4) : 8
(0,2,3,4,1) : 18
(0,2,4) : 2
(0,2,4,1,3) : 22
(0,2,4,3,1) : 12
(0,3) : 8
(0,3,1,2,4) : 4
(0,3,1,4,2) : 11
(0,3,2,1,4) : 10
(0,3,2,4,1) : 4
(0,3,4,1,2) : 4
(0,3,4,2,1) : 6
(0,4) : 18
(0,4,1) : 4
(0,4,1,2) : 1
(0,4,1,2,3) : 22
(0,4,1,3,2) : 9
(0,4,2) : 3
(0,4,2,1,3) : 19
(0,4,2,3,1) : 11
(0,4,3,1,2) : 7
(0,4,3,2,1) : 10
(1) : 27758
(1,0) : 232
(1,0,2) : 17
(1,0,2,3) : 3
(1,0,2,3,4) : 285
(1,0,2,4) : 2
(1,0,2,4,3) : 186
(1,0,3) : 30
(1,0,3,2) : 1
(1,0,3,2,4) : 244
(1,0,3,4,2) : 215
(1,0,4) : 3
(1,0,4,2,3) : 154
(1,0,4,3,2) : 115
(1,2) : 221
(1,2,0) : 12
(1,2,0,3) : 2
(1,2,0,3,4) : 145
(1,2,0,4) : 2
(1,2,0,4,3) : 132
(1,2,3) : 9
(1,2,3,0) : 1
(1,2,3,0,4) : 94
(1,2,3,4) : 1
(1,2,3,4,0) : 84
(1,2,4) : 29
(1,2,4,0) : 3
(1,2,4,0,3) : 260
(1,2,4,3,0) : 131
(1,3) : 987
(1,3,0) : 25
(1,3,0,2) : 2
(1,3,0,2,4) : 338
(1,3,0,4) : 4
(1,3,0,4,2) : 362
(1,3,2) : 13
(1,3,2,0) : 3
(1,3,2,0,4) : 133
(1,3,2,4) : 2
(1,3,2,4,0) : 97
(1,3,4) : 19
(1,3,4,0,2) : 197
(1,3,4,2) : 4
(1,3,4,2,0) : 216
(1,4) : 291
(1,4,0) : 18
(1,4,0,2) : 3
(1,4,0,2,3) : 176
(1,4,0,3,2) : 89
(1,4,2) : 66
(1,4,2,0) : 5
(1,4,2,0,3) : 298
(1,4,2,3,0) : 165
(1,4,3) : 9
(1,4,3,0,2) : 104
(1,4,3,2) : 2
(1,4,3,2,0) : 138
(2) : 1649
(2,0) : 25
(2,0,1) : 1
(2,0,1,3,4) : 19
(2,0,1,4) : 1
(2,0,1,4,3) : 32
(2,0,3) : 3
(2,0,3,1,4) : 7
(2,0,3,4,1) : 17
(2,0,4) : 4
(2,0,4,1) : 1
(2,0,4,1,3) : 64
(2,0,4,3,1) : 17
(2,1) : 77
(2,1,0) : 3
(2,1,0,3,4) : 27
(2,1,0,4) : 2
(2,1,0,4,3) : 23
(2,1,3) : 1
(2,1,3,0) : 1
(2,1,3,0,4) : 14
(2,1,3,4) : 1
(2,1,3,4,0) : 18
(2,1,4) : 19
(2,1,4,0) : 2
(2,1,4,0,3) : 113
(2,1,4,3,0) : 43
(2,3) : 9
(2,3,0,1,4) : 7
(2,3,0,4,1) : 6
(2,3,1) : 2
(2,3,1,0,4) : 6
(2,3,1,4,0) : 8
(2,3,4,0,1) : 9
(2,3,4,1,0) : 11
(2,4) : 200
(2,4,0) : 10
(2,4,0,1) : 1
(2,4,0,1,3) : 204
(2,4,0,3,1) : 118
(2,4,1) : 21
(2,4,1,0) : 2
(2,4,1,0,3) : 434
(2,4,1,3,0) : 59
(2,4,3) : 2
(2,4,3,0,1) : 37
(2,4,3,1,0) : 23
(3) : 751
(3,0) : 14
(3,0,1) : 1
(3,0,1,2,4) : 4
(3,0,1,4,2) : 18
(3,0,2,1,4) : 7
(3,0,2,4,1) : 4
(3,0,4,1,2) : 7
(3,0,4,2,1) : 8
(3,1) : 244
(3,1,0) : 4
(3,1,0,2,4) : 36
(3,1,0,4,2) : 117
(3,1,2) : 2
(3,1,2,0,4) : 11
(3,1,2,4) : 2
(3,1,2,4,0) : 13
(3,1,4) : 10
(3,1,4,0,2) : 109
(3,1,4,2,0) : 39
(3,2) : 5
(3,2,0,1,4) : 5
(3,2,0,4,1) : 5
(3,2,1) : 3
(3,2,1,0,4) : 5
(3,2,1,4,0) : 9
(3,2,4) : 1
(3,2,4,0,1) : 2
(3,2,4,1,0) : 10
(3,4) : 10
(3,4,0) : 1
(3,4,0,1,2) : 10
(3,4,0,2,1) : 11
(3,4,1) : 3
(3,4,1,0,2) : 22
(3,4,1,2) : 1
(3,4,1,2,0) : 13
(3,4,2) : 1
(3,4,2,0) : 1
(3,4,2,0,1) : 5
(3,4,2,1,0) : 11
(4) : 4124
(4,0) : 56
(4,0,1) : 2
(4,0,1,2) : 1
(4,0,1,2,3) : 49
(4,0,1,3,2) : 33
(4,0,2) : 6
(4,0,2,1) : 1
(4,0,2,1,3) : 69
(4,0,2,3,1) : 90
(4,0,3) : 1
(4,0,3,1,2) : 28
(4,0,3,2) : 1
(4,0,3,2,1) : 45
(4,1) : 137
(4,1,0) : 2
(4,1,0,2,3) : 93
(4,1,0,3,2) : 45
(4,1,2) : 20
(4,1,2,0,3) : 143
(4,1,2,3,0) : 91
(4,1,3) : 4
(4,1,3,0,2) : 25
(4,1,3,2,0) : 37
(4,2) : 308
(4,2,0) : 28
(4,2,0,1) : 1
(4,2,0,1,3) : 248
(4,2,0,3) : 4
(4,2,0,3,1) : 1120
(4,2,1) : 37
(4,2,1,0) : 4
(4,2,1,0,3) : 243
(4,2,1,3) : 3
(4,2,1,3,0) : 101
(4,2,3) : 2
(4,2,3,0) : 2
(4,2,3,0,1) : 139
(4,2,3,1) : 3
(4,2,3,1,0) : 48
(4,3) : 20
(4,3,0) : 1
(4,3,0,1) : 1
(4,3,0,1,2) : 25
(4,3,0,2) : 1
(4,3,0,2,1) : 39
(4,3,1,0,2) : 30
(4,3,1,2,0) : 28
(4,3,2) : 4
(4,3,2,0,1) : 84
(4,3,2,1,0) : 59
