0, 1, 2, 3, 4, 5, 6
GRN,ACP,AJP,LIB,NLT,CDP,LAB
-+-+-+-+-
() : 105
(0) : 6359
(0,1) : 111
(0,1,2) : 190
(0,1,2,3) : 9
(0,1,2,3,4) : 1
(0,1,2,3,4,5,6) : 97
(0,1,2,3,4,6,5) : 9
(0,1,2,3,5,4,6) : 3
(0,1,2,3,6) : 1
(0,1,2,3,6,4,5) : 20
(0,1,2,4) : 9
(0,1,2,4,3) : 1
(0,1,2,4,3,5,6) : 8
(0,1,2,4,3,6) : 1
(0,1,2,4,3,6,5) : 11
(0,1,2,4,5,3,6) : 5
(0,1,2,4,5,6,3) : 18
(0,1,2,4,6) : 1
(0,1,2,4,6,3,5) : 60
(0,1,2,4,6,5,3) : 28
(0,1,2,5) : 1
(0,1,2,5,4) : 1
(0,1,2,5,4,3,6) : 1
(0,1,2,5,4,6,3) : 4
(0,1,2,5,6,3,4) : 1
(0,1,2,5,6,4,3) : 3
(0,1,2,6) : 2523
(0,1,2,6,3) : 4
(0,1,2,6,3,4) : 1
(0,1,2,6,3,4,5) : 270
(0,1,2,6,3,5,4) : 31
(0,1,2,6,4) : 6
(0,1,2,6,4,3,5) : 385
(0,1,2,6,4,5) : 1
(0,1,2,6,4,5,3) : 158
(0,1,2,6,5) : 1
(0,1,2,6,5,3) : 2
(0,1,2,6,5,3,4) : 11
(0,1,2,6,5,4) : 1
(0,1,2,6,5,4,3) : 54
(0,1,3) : 9
(0,1,3,2) : 3
(0,1,3,2,4,5,6) : 1
(0,1,3,2,4,6,5) : 1
(0,1,3,2,5,6,4) : 1
(0,1,3,2,6) : 1
(0,1,3,2,6,4,5) : 5
(0,1,3,2,6,5,4) : 2
(0,1,3,4,2,5,6) : 1
(0,1,3,4,2,6,5) : 3
(0,1,3,4,6,2,5) : 1
(0,1,3,5,2,4,6) : 1
(0,1,3,6) : 3
(0,1,3,6,2) : 1
(0,1,3,6,2,4,5) : 17
(0,1,3,6,4,2,5) : 5
(0,1,3,6,4,5,2) : 2
(0,1,3,6,5,2,4) : 1
(0,1,4) : 2
(0,1,4,2) : 1
(0,1,4,2,3,6,5) : 1
(0,1,4,2,5,6,3) : 2
(0,1,4,2,6,3,5) : 7
(0,1,4,2,6,5,3) : 2
(0,1,4,3) : 1
(0,1,4,3,2,5,6) : 3
(0,1,4,3,2,6,5) : 1
(0,1,4,3,6,2,5) : 1
(0,1,4,3,6,5,2) : 1
(0,1,4,5,2,6,3) : 1
(0,1,4,5,6) : 1
(0,1,4,5,6,2,3) : 1
(0,1,4,5,6,3,2) : 1
(0,1,4,6) : 3
(0,1,4,6,2,3,5) : 10
(0,1,4,6,2,5,3) : 4
(0,1,4,6,3,2,5) : 3
(0,1,4,6,5,2,3) : 1
(0,1,5,2,6,4,3) : 1
(0,1,5,4,3,2,6) : 1
(0,1,5,6) : 1
(0,1,5,6,2,4,3) : 1
(0,1,5,6,3,4,2) : 1
(0,1,5,6,4,3,2) : 1
(0,1,6) : 204
(0,1,6,2) : 106
(0,1,6,2,3) : 2
(0,1,6,2,3,4) : 1
(0,1,6,2,3,4,5) : 140
(0,1,6,2,3,5,4) : 15
(0,1,6,2,4) : 1
(0,1,6,2,4,3) : 1
(0,1,6,2,4,3,5) : 173
(0,1,6,2,4,5,3) : 44
(0,1,6,2,5,3,4) : 3
(0,1,6,2,5,4,3) : 11
(0,1,6,3) : 14
(0,1,6,3,2,4,5) : 52
(0,1,6,3,2,5) : 1
(0,1,6,3,2,5,4) : 6
(0,1,6,3,4,2,5) : 13
(0,1,6,3,5,2,4) : 2
(0,1,6,4) : 3
(0,1,6,4,2) : 1
(0,1,6,4,2,3,5) : 28
(0,1,6,4,2,5,3) : 8
(0,1,6,4,3,2,5) : 6
(0,1,6,4,3,5,2) : 1
(0,1,6,4,5,3,2) : 1
(0,1,6,5,2,3,4) : 1
(0,1,6,5,2,4,3) : 3
(0,1,6,5,3,2,4) : 3
(0,1,6,5,3,4,2) : 1
(0,1,6,5,4,2,3) : 2
(0,1,6,5,4,3,2) : 1
(0,2) : 195
(0,2,1) : 51
(0,2,1,3) : 4
(0,2,1,3,4,5) : 1
(0,2,1,3,4,5,6) : 11
(0,2,1,3,4,6,5) : 6
(0,2,1,3,5,4,6) : 2
(0,2,1,3,5,6,4) : 2
(0,2,1,3,6,4,5) : 13
(0,2,1,3,6,5,4) : 1
(0,2,1,4) : 6
(0,2,1,4,3,5,6) : 6
(0,2,1,4,3,6,5) : 12
(0,2,1,4,5,3,6) : 2
(0,2,1,4,5,6,3) : 11
(0,2,1,4,6) : 3
(0,2,1,4,6,3,5) : 54
(0,2,1,4,6,5,3) : 26
(0,2,1,5,4,3,6) : 5
(0,2,1,5,4,6,3) : 2
(0,2,1,5,6,4,3) : 1
(0,2,1,6) : 186
(0,2,1,6,3) : 1
(0,2,1,6,3,4,5) : 79
(0,2,1,6,3,5,4) : 7
(0,2,1,6,4) : 5
(0,2,1,6,4,3,5) : 136
(0,2,1,6,4,5,3) : 58
(0,2,1,6,5,3,4) : 1
(0,2,1,6,5,4,3) : 6
(0,2,3) : 6
(0,2,3,1) : 1
(0,2,3,1,4) : 1
(0,2,3,1,4,5,6) : 2
(0,2,3,1,4,6,5) : 3
(0,2,3,1,5,4,6) : 1
(0,2,3,1,6,4,5) : 1
(0,2,3,4) : 1
(0,2,3,4,1,5,6) : 2
(0,2,3,4,1,6,5) : 4
(0,2,3,4,5,1,6) : 1
(0,2,3,4,5,6,1) : 3
(0,2,3,4,6,5,1) : 1
(0,2,3,6) : 4
(0,2,3,6,1,4,5) : 12
(0,2,3,6,4,1,5) : 9
(0,2,4) : 21
(0,2,4,1) : 4
(0,2,4,1,3,5,6) : 3
(0,2,4,1,3,6,5) : 13
(0,2,4,1,5,3,6) : 2
(0,2,4,1,5,6) : 1
(0,2,4,1,5,6,3) : 5
(0,2,4,1,6) : 1
(0,2,4,1,6,3) : 1
(0,2,4,1,6,3,5) : 13
(0,2,4,1,6,5,3) : 12
(0,2,4,3,1,5) : 1
(0,2,4,3,1,5,6) : 1
(0,2,4,3,5,1,6) : 1
(0,2,4,3,6,1,5) : 2
(0,2,4,3,6,5,1) : 2
(0,2,4,5) : 1
(0,2,4,5,1,3,6) : 4
(0,2,4,5,3,1,6) : 1
(0,2,4,5,6,1,3) : 7
(0,2,4,5,6,3,1) : 1
(0,2,4,6) : 9
(0,2,4,6,1) : 1
(0,2,4,6,1,3,5) : 8
(0,2,4,6,1,5,3) : 5
(0,2,4,6,3) : 2
(0,2,4,6,3,1,5) : 5
(0,2,4,6,3,5,1) : 2
(0,2,4,6,5,1,3) : 3
(0,2,5,1,3,4,6) : 1
(0,2,5,3,6,1,4) : 1
(0,2,5,4,1,6,3) : 1
(0,2,5,6,4,1,3) : 1
(0,2,5,6,4,3,1) : 1
(0,2,6) : 136
(0,2,6,1) : 58
(0,2,6,1,3,4,5) : 44
(0,2,6,1,3,5,4) : 4
(0,2,6,1,4) : 3
(0,2,6,1,4,3,5) : 117
(0,2,6,1,4,5,3) : 55
(0,2,6,1,5,3) : 1
(0,2,6,1,5,4,3) : 6
(0,2,6,3) : 3
(0,2,6,3,1) : 1
(0,2,6,3,1,4,5) : 14
(0,2,6,3,1,5,4) : 1
(0,2,6,3,4,1,5) : 17
(0,2,6,3,4,5,1) : 6
(0,2,6,3,5,1,4) : 2
(0,2,6,3,5,4,1) : 1
(0,2,6,4) : 3
(0,2,6,4,1,3) : 1
(0,2,6,4,1,3,5) : 48
(0,2,6,4,1,5) : 3
(0,2,6,4,1,5,3) : 12
(0,2,6,4,3,1,5) : 13
(0,2,6,4,3,5,1) : 6
(0,2,6,4,5,1,3) : 3
(0,2,6,4,5,3,1) : 2
(0,2,6,5) : 1
(0,2,6,5,1,3,4) : 1
(0,2,6,5,1,4,3) : 2
(0,2,6,5,3,4,1) : 1
(0,2,6,5,4,1,3) : 4
(0,2,6,5,4,3,1) : 3
(0,3) : 108
(0,3,1) : 7
(0,3,1,2) : 1
(0,3,1,2,4,5,6) : 15
(0,3,1,2,4,6,5) : 5
(0,3,1,2,5,6,4) : 2
(0,3,1,2,6,4,5) : 4
(0,3,1,2,6,5,4) : 1
(0,3,1,4,2,5,6) : 4
(0,3,1,4,2,6,5) : 1
(0,3,1,4,5,6,2) : 2
(0,3,1,4,6,2,5) : 1
(0,3,1,4,6,5) : 1
(0,3,1,5,6,4,2) : 1
(0,3,1,6) : 1
(0,3,1,6,2,4) : 1
(0,3,1,6,2,4,5) : 11
(0,3,1,6,2,5,4) : 1
(0,3,1,6,4,2,5) : 2
(0,3,1,6,5,4,2) : 2
(0,3,2) : 6
(0,3,2,1,4,5,6) : 7
(0,3,2,1,4,6,5) : 6
(0,3,2,1,5,4,6) : 1
(0,3,2,1,5,6,4) : 1
(0,3,2,1,6,4,5) : 5
(0,3,2,1,6,5,4) : 3
(0,3,2,4,1,5,6) : 1
(0,3,2,4,1,6,5) : 5
(0,3,2,4,5,1,6) : 2
(0,3,2,4,5,6,1) : 1
(0,3,2,4,6) : 1
(0,3,2,4,6,1,5) : 3
(0,3,2,4,6,5,1) : 2
(0,3,2,5,4,1,6) : 2
(0,3,2,6) : 2
(0,3,2,6,1,4,5) : 5
(0,3,2,6,1,5,4) : 1
(0,3,2,6,4,1,5) : 8
(0,3,2,6,4,5,1) : 1
(0,3,2,6,5,4,1) : 2
(0,3,4) : 4
(0,3,4,1) : 2
(0,3,4,1,2,6,5) : 4
(0,3,4,1,6,2,5) : 2
(0,3,4,2,1,5,6) : 1
(0,3,4,2,1,6,5) : 1
(0,3,4,2,5,1,6) : 1
(0,3,4,2,6,1,5) : 1
(0,3,4,2,6,5,1) : 1
(0,3,4,5,1,2,6) : 2
(0,3,4,5,2,1,6) : 1
(0,3,4,5,6,1,2) : 1
(0,3,4,5,6,2,1) : 3
(0,3,4,6) : 2
(0,3,4,6,2,1,5) : 2
(0,3,4,6,5,2,1) : 1
(0,3,5) : 1
(0,3,5,2,1,4,6) : 1
(0,3,5,2,1,6,4) : 1
(0,3,5,4,1,6,2) : 1
(0,3,5,4,2,1,6) : 2
(0,3,5,6) : 1
(0,3,5,6,1,2,4) : 1
(0,3,6) : 56
(0,3,6,1) : 7
(0,3,6,1,2) : 1
(0,3,6,1,2,4,5) : 41
(0,3,6,1,2,5,4) : 3
(0,3,6,1,4,2,5) : 14
(0,3,6,1,4,5,2) : 2
(0,3,6,1,5,2,4) : 3
(0,3,6,1,5,4,2) : 1
(0,3,6,2) : 2
(0,3,6,2,1,4,5) : 30
(0,3,6,2,1,5,4) : 2
(0,3,6,2,4,1,5) : 20
(0,3,6,2,4,5,1) : 3
(0,3,6,2,5,1,4) : 1
(0,3,6,2,5,4,1) : 1
(0,3,6,4,1,2,5) : 4
(0,3,6,4,1,5,2) : 1
(0,3,6,4,2) : 1
(0,3,6,4,2,1,5) : 11
(0,3,6,4,2,5,1) : 5
(0,3,6,4,5,1,2) : 1
(0,3,6,4,5,2,1) : 4
(0,3,6,5) : 1
(0,3,6,5,1,2,4) : 6
(0,3,6,5,2,4,1) : 2
(0,3,6,5,4,1,2) : 1
(0,3,6,5,4,2,1) : 7
(0,4) : 31
(0,4,1) : 1
(0,4,1,2) : 1
(0,4,1,2,3,5,6) : 2
(0,4,1,2,3,6,5) : 3
(0,4,1,2,5,6,3) : 3
(0,4,1,2,6,3,5) : 3
(0,4,1,2,6,5,3) : 1
(0,4,1,3,2,5,6) : 2
(0,4,1,3,2,6,5) : 1
(0,4,1,3,6,2,5) : 1
(0,4,1,6) : 1
(0,4,1,6,2,3,5) : 1
(0,4,1,6,2,5,3) : 1
(0,4,2) : 4
(0,4,2,1) : 1
(0,4,2,1,3,5,6) : 1
(0,4,2,1,3,6,5) : 6
(0,4,2,1,5,3,6) : 1
(0,4,2,1,5,6,3) : 5
(0,4,2,1,6,3,5) : 6
(0,4,2,1,6,5) : 1
(0,4,2,1,6,5,3) : 1
(0,4,2,3,1,5,6) : 1
(0,4,2,3,1,6,5) : 1
(0,4,2,3,6,1,5) : 3
(0,4,2,5,1,6,3) : 1
(0,4,2,5,6,1,3) : 1
(0,4,2,5,6,3,1) : 1
(0,4,2,6,1) : 1
(0,4,2,6,1,3) : 1
(0,4,2,6,1,5,3) : 1
(0,4,2,6,3,1,5) : 3
(0,4,2,6,3,5,1) : 1
(0,4,3,1,2,5,6) : 1
(0,4,3,2,1,5,6) : 2
(0,4,3,2,6,1,5) : 5
(0,4,3,6) : 1
(0,4,3,6,2,1,5) : 2
(0,4,5,2,1,3,6) : 1
(0,4,5,2,6,1,3) : 1
(0,4,5,6,3,2,1) : 1
(0,4,6) : 5
(0,4,6,1,2,3) : 1
(0,4,6,1,2,3,5) : 3
(0,4,6,1,2,5,3) : 1
(0,4,6,1,3,2,5) : 1
(0,4,6,1,5,2,3) : 2
(0,4,6,2) : 1
(0,4,6,2,1,3,5) : 7
(0,4,6,2,1,5,3) : 1
(0,4,6,2,3,1,5) : 4
(0,4,6,2,3,5,1) : 2
(0,4,6,3) : 1
(0,4,6,3,1,2,5) : 5
(0,4,6,3,2,1,5) : 2
(0,4,6,3,5,2,1) : 1
(0,4,6,5,2,1,3) : 1
(0,4,6,5,3,2,1) : 1
(0,5) : 12
(0,5,1,2,3,4,6) : 1
(0,5,1,2,4,3,6) : 2
(0,5,1,2,4,6,3) : 4
(0,5,1,3,2,4,6) : 1
(0,5,1,4,2,6,3) : 1
(0,5,1,6,2,3,4) : 1
(0,5,2,1,6,4,3) : 1
(0,5,2,4,1,3,6) : 1
(0,5,2,6) : 1
(0,5,2,6,1,4,3) : 1
(0,5,2,6,4,1,3) : 1
(0,5,3) : 2
(0,5,3,1,2,4,6) : 2
(0,5,3,6) : 1
(0,5,3,6,1,2,4) : 1
(0,5,4) : 1
(0,5,4,6) : 1
(0,5,6) : 3
(0,5,6,1) : 1
(0,5,6,1,2,3,4) : 1
(0,5,6,1,3,2,4) : 1
(0,5,6,3,1,2,4) : 1
(0,5,6,4,2,1,3) : 1
(0,5,6,4,3) : 1
(0,6) : 1888
(0,6,1) : 210
(0,6,1,2) : 284
(0,6,1,2,3) : 7
(0,6,1,2,3,4) : 1
(0,6,1,2,3,4,5) : 406
(0,6,1,2,3,5,4) : 27
(0,6,1,2,4) : 7
(0,6,1,2,4,3) : 3
(0,6,1,2,4,3,5) : 599
(0,6,1,2,4,5) : 1
(0,6,1,2,4,5,3) : 225
(0,6,1,2,5,3,4) : 7
(0,6,1,2,5,4,3) : 44
(0,6,1,3) : 6
(0,6,1,3,2) : 4
(0,6,1,3,2,4,5) : 122
(0,6,1,3,2,5,4) : 7
(0,6,1,3,4,2) : 1
(0,6,1,3,4,2,5) : 42
(0,6,1,3,4,5,2) : 4
(0,6,1,3,5,2,4) : 2
(0,6,1,3,5,4,2) : 2
(0,6,1,4) : 3
(0,6,1,4,2,3,5) : 82
(0,6,1,4,2,5,3) : 29
(0,6,1,4,3,2,5) : 17
(0,6,1,4,3,5,2) : 3
(0,6,1,4,5,2,3) : 3
(0,6,1,5,2,3,4) : 2
(0,6,1,5,2,4,3) : 10
(0,6,1,5,3) : 1
(0,6,1,5,3,2,4) : 1
(0,6,1,5,3,4,2) : 1
(0,6,1,5,4,2,3) : 3
(0,6,1,5,4,3,2) : 2
(0,6,2) : 234
(0,6,2,1) : 165
(0,6,2,1,3) : 2
(0,6,2,1,3,4,5) : 257
(0,6,2,1,3,5,4) : 18
(0,6,2,1,4) : 8
(0,6,2,1,4,3,5) : 578
(0,6,2,1,4,5) : 1
(0,6,2,1,4,5,3) : 232
(0,6,2,1,5) : 2
(0,6,2,1,5,3,4) : 4
(0,6,2,1,5,4,3) : 38
(0,6,2,3) : 6
(0,6,2,3,1) : 1
(0,6,2,3,1,4,5) : 62
(0,6,2,3,1,5,4) : 4
(0,6,2,3,4,1,5) : 43
(0,6,2,3,4,5,1) : 12
(0,6,2,3,5,1,4) : 2
(0,6,2,3,5,4,1) : 1
(0,6,2,4) : 3
(0,6,2,4,1) : 4
(0,6,2,4,1,3,5) : 167
(0,6,2,4,1,5) : 3
(0,6,2,4,1,5,3) : 82
(0,6,2,4,3,1,5) : 20
(0,6,2,4,3,5,1) : 7
(0,6,2,4,5,1,3) : 10
(0,6,2,4,5,3,1) : 4
(0,6,2,5,1,3,4) : 2
(0,6,2,5,1,4,3) : 5
(0,6,2,5,3,1,4) : 3
(0,6,2,5,3,4,1) : 1
(0,6,2,5,4,1,3) : 4
(0,6,2,5,4,3,1) : 2
(0,6,3) : 113
(0,6,3,1) : 10
(0,6,3,1,2) : 1
(0,6,3,1,2,4,5) : 156
(0,6,3,1,2,5) : 1
(0,6,3,1,2,5,4) : 14
(0,6,3,1,4,2,5) : 34
(0,6,3,1,4,5) : 2
(0,6,3,1,4,5,2) : 2
(0,6,3,1,5,2,4) : 3
(0,6,3,1,5,4,2) : 1
(0,6,3,2) : 4
(0,6,3,2,1) : 3
(0,6,3,2,1,4,5) : 120
(0,6,3,2,1,5,4) : 6
(0,6,3,2,4) : 1
(0,6,3,2,4,1,5) : 33
(0,6,3,2,4,5,1) : 9
(0,6,3,2,5,1,4) : 1
(0,6,3,2,5,4,1) : 3
(0,6,3,4) : 4
(0,6,3,4,1) : 1
(0,6,3,4,1,2,5) : 23
(0,6,3,4,1,5,2) : 2
(0,6,3,4,2,1) : 1
(0,6,3,4,2,1,5) : 26
(0,6,3,4,2,5,1) : 1
(0,6,3,4,5,1,2) : 5
(0,6,3,4,5,2,1) : 8
(0,6,3,5) : 2
(0,6,3,5,1) : 1
(0,6,3,5,1,2,4) : 3
(0,6,3,5,1,4,2) : 3
(0,6,3,5,2) : 1
(0,6,3,5,2,1,4) : 3
(0,6,3,5,2,4,1) : 7
(0,6,3,5,4,1,2) : 4
(0,6,3,5,4,2,1) : 7
(0,6,4) : 10
(0,6,4,1) : 4
(0,6,4,1,2,3,5) : 42
(0,6,4,1,2,5,3) : 16
(0,6,4,1,3,2,5) : 10
(0,6,4,1,5,2,3) : 1
(0,6,4,2) : 3
(0,6,4,2,1) : 2
(0,6,4,2,1,3,5) : 74
(0,6,4,2,1,5) : 1
(0,6,4,2,1,5,3) : 35
(0,6,4,2,3,1,5) : 7
(0,6,4,2,3,5,1) : 5
(0,6,4,2,5,1) : 1
(0,6,4,2,5,1,3) : 2
(0,6,4,2,5,3,1) : 3
(0,6,4,3,1) : 2
(0,6,4,3,1,2,5) : 5
(0,6,4,3,2) : 1
(0,6,4,3,2,1) : 1
(0,6,4,3,2,1,5) : 16
(0,6,4,3,2,5) : 1
(0,6,4,3,2,5,1) : 1
(0,6,4,3,5,1,2) : 1
(0,6,4,5,1,2,3) : 4
(0,6,4,5,2,1,3) : 3
(0,6,4,5,3,2,1) : 2
(0,6,5) : 6
(0,6,5,1,2) : 1
(0,6,5,1,2,4,3) : 7
(0,6,5,1,4,2,3) : 1
(0,6,5,2) : 1
(0,6,5,2,1,3,4) : 2
(0,6,5,2,1,4,3) : 3
(0,6,5,2,4,1,3) : 6
(0,6,5,2,4,3,1) : 1
(0,6,5,3,1,2,4) : 3
(0,6,5,3,1,4,2) : 2
(0,6,5,3,2,1,4) : 4
(0,6,5,3,2,4,1) : 2
(0,6,5,3,4) : 1
(0,6,5,3,4,1,2) : 2
(0,6,5,3,4,2,1) : 3
(0,6,5,4,1,2,3) : 5
(0,6,5,4,1,3,2) : 1
(0,6,5,4,2,1,3) : 3
(0,6,5,4,2,3,1) : 4
(0,6,5,4,3,2,1) : 6
(1) : 276
(1,0) : 29
(1,0,2) : 8
(1,0,2,3,4,5,6) : 3
(1,0,2,3,5,4,6) : 2
(1,0,2,3,5,6,4) : 1
(1,0,2,3,6,4,5) : 3
(1,0,2,4) : 1
(1,0,2,4,5,3,6) : 2
(1,0,2,4,5,6,3) : 1
(1,0,2,4,6,3,5) : 8
(1,0,2,4,6,5,3) : 1
(1,0,2,5,6,4,3) : 1
(1,0,2,6) : 20
(1,0,2,6,3,4,5) : 19
(1,0,2,6,3,5,4) : 4
(1,0,2,6,4,3,5) : 10
(1,0,2,6,4,5,3) : 5
(1,0,2,6,5,4,3) : 4
(1,0,3) : 4
(1,0,3,2,4,5,6) : 2
(1,0,3,2,4,6,5) : 2
(1,0,3,2,5,4,6) : 1
(1,0,3,2,6,4,5) : 2
(1,0,3,4,6,2,5) : 1
(1,0,3,5,4,2,6) : 1
(1,0,3,6) : 2
(1,0,3,6,2,4,5) : 4
(1,0,3,6,2,5,4) : 1
(1,0,3,6,4,2,5) : 4
(1,0,4) : 1
(1,0,4,2,6,3,5) : 1
(1,0,4,3,6,2,5) : 2
(1,0,4,5,3,2) : 1
(1,0,4,5,3,2,6) : 1
(1,0,4,6,2,3,5) : 1
(1,0,4,6,3,2) : 1
(1,0,5,3,6,2,4) : 1
(1,0,5,3,6,4,2) : 1
(1,0,6) : 41
(1,0,6,2) : 11
(1,0,6,2,3) : 1
(1,0,6,2,3,4,5) : 29
(1,0,6,2,3,5,4) : 5
(1,0,6,2,4) : 1
(1,0,6,2,4,3,5) : 25
(1,0,6,2,4,5,3) : 6
(1,0,6,2,5,3,4) : 1
(1,0,6,2,5,4,3) : 1
(1,0,6,3) : 3
(1,0,6,3,2,4,5) : 11
(1,0,6,3,2,5,4) : 1
(1,0,6,3,4) : 1
(1,0,6,3,4,2,5) : 3
(1,0,6,3,4,5,2) : 1
(1,0,6,4,2) : 1
(1,0,6,4,2,3,5) : 6
(1,0,6,4,2,5,3) : 2
(1,0,6,4,3,2,5) : 1
(1,0,6,5,2,4,3) : 1
(1,0,6,5,4) : 1
(1,0,6,5,4,3,2) : 1
(1,2) : 9
(1,2,0) : 8
(1,2,0,3,4,5,6) : 1
(1,2,0,3,4,6,5) : 1
(1,2,0,3,5,6,4) : 1
(1,2,0,3,6,4,5) : 1
(1,2,0,3,6,5,4) : 1
(1,2,0,4,6) : 1
(1,2,0,4,6,3,5) : 1
(1,2,0,4,6,5,3) : 1
(1,2,0,6) : 4
(1,2,0,6,3,4,5) : 5
(1,2,0,6,3,5,4) : 1
(1,2,0,6,4,3,5) : 5
(1,2,0,6,4,5,3) : 2
(1,2,0,6,5,3,4) : 1
(1,2,0,6,5,4,3) : 1
(1,2,3) : 1
(1,2,3,0,4,6,5) : 1
(1,2,3,0,6,4,5) : 1
(1,2,3,4,0,5,6) : 1
(1,2,3,4,5,6) : 2
(1,2,3,4,5,6,0) : 1
(1,2,3,4,6,0,5) : 2
(1,2,3,5) : 1
(1,2,3,5,4,0,6) : 1
(1,2,3,6,4,0,5) : 1
(1,2,4) : 1
(1,2,4,0,5,6,3) : 2
(1,2,4,0,6,3,5) : 3
(1,2,4,5,3,6,0) : 1
(1,2,4,5,6,3,0) : 1
(1,2,5,3,0,4,6) : 1
(1,2,5,3,6,0,4) : 1
(1,2,6,0) : 1
(1,2,6,3,4,5,0) : 1
(1,2,6,4,0,5,3) : 1
(1,3) : 7
(1,3,0) : 3
(1,3,0,2,4,5,6) : 1
(1,3,0,4,6,2,5) : 1
(1,3,0,4,6,5,2) : 1
(1,3,0,5,4,2,6) : 1
(1,3,0,6) : 1
(1,3,0,6,2,4,5) : 3
(1,3,0,6,2,5,4) : 1
(1,3,0,6,4,2,5) : 1
(1,3,2,0,4,5,6) : 2
(1,3,2,0,6,4,5) : 1
(1,3,2,4,0,6,5) : 1
(1,3,2,4,6,0,5) : 1
(1,3,2,6,0) : 1
(1,3,4) : 1
(1,3,4,2,0,5,6) : 1
(1,3,4,2,5,0,6) : 1
(1,3,4,5,0,6,2) : 1
(1,3,4,5,2,6,0) : 2
(1,3,5,0,2,4,6) : 1
(1,3,5,2,4,0,6) : 1
(1,3,5,4,2,0,6) : 1
(1,3,5,6,4,2,0) : 1
(1,3,6) : 4
(1,3,6,0) : 2
(1,3,6,0,2,4,5) : 7
(1,3,6,0,4,2,5) : 1
(1,3,6,2,0,4,5) : 1
(1,3,6,2,4,0,5) : 1
(1,3,6,2,4,5,0) : 1
(1,3,6,4,0,2,5) : 1
(1,3,6,4,5,0,2) : 1
(1,3,6,5,4,2) : 1
(1,4) : 5
(1,4,0,2,5,6,3) : 1
(1,4,0,6,3,2,5) : 1
(1,4,2,0,3,5,6) : 1
(1,4,2,0,3,6,5) : 1
(1,4,2,0,5,3,6) : 1
(1,4,2,0,6,3,5) : 2
(1,4,2,3,0,5,6) : 1
(1,4,2,3,6,0,5) : 1
(1,4,2,5,3,0,6) : 1
(1,4,2,5,6,3,0) : 1
(1,4,2,6,0,3,5) : 1
(1,4,3,6) : 1
(1,4,5,0,2) : 1
(1,4,5,2,3,6,0) : 1
(1,4,6,0,3,2,5) : 1
(1,4,6,2,3,0,5) : 1
(1,5) : 1
(1,5,0,2,4,3,6) : 1
(1,5,0,2,4,6,3) : 1
(1,5,0,6,2,4,3) : 1
(1,5,2,0,4,3,6) : 1
(1,5,2,4,3,6,0) : 1
(1,5,3) : 1
(1,5,3,2) : 1
(1,5,3,2,6,0) : 1
(1,5,4,2,3,6,0) : 1
(1,5,4,3,2,0,6) : 1
(1,5,6,0) : 1
(1,5,6,0,3,2,4) : 1
(1,5,6,3,4,0,2) : 1
(1,5,6,4,2,0,3) : 1
(1,6) : 16
(1,6,0) : 11
(1,6,0,2,3,4,5) : 13
(1,6,0,2,3,5,4) : 1
(1,6,0,2,4) : 1
(1,6,0,2,4,3,5) : 3
(1,6,0,2,5,4,3) : 1
(1,6,0,3) : 2
(1,6,0,3,2,4,5) : 15
(1,6,0,4,2,5,3) : 2
(1,6,0,4,3,2,5) : 1
(1,6,2,0,3,4,5) : 1
(1,6,2,4,3,5,0) : 1
(1,6,3) : 3
(1,6,3,0) : 1
(1,6,3,0,2,4,5) : 2
(1,6,3,0,4,2,5) : 1
(1,6,3,0,4,5,2) : 1
(1,6,3,2,4,0,5) : 2
(1,6,3,4,0,2,5) : 1
(1,6,3,4,5,0,2) : 1
(2) : 494
(2,0) : 56
(2,0,1) : 8
(2,0,1,3,5,4,6) : 1
(2,0,1,3,6,4,5) : 2
(2,0,1,3,6,5,4) : 1
(2,0,1,4,3,6,5) : 1
(2,0,1,4,5,6,3) : 1
(2,0,1,4,6) : 1
(2,0,1,4,6,3,5) : 9
(2,0,1,6) : 12
(2,0,1,6,3) : 1
(2,0,1,6,3,4,5) : 7
(2,0,1,6,3,5,4) : 1
(2,0,1,6,4,3,5) : 5
(2,0,1,6,4,5,3) : 6
(2,0,1,6,5,3,4) : 1
(2,0,1,6,5,4,3) : 1
(2,0,3) : 1
(2,0,3,1,4,6,5) : 1
(2,0,3,1,6,4,5) : 1
(2,0,3,4,1,5,6) : 1
(2,0,3,4,1,6,5) : 2
(2,0,3,4,5,6,1) : 2
(2,0,3,5,6,4,1) : 2
(2,0,3,6) : 1
(2,0,3,6,1,4,5) : 1
(2,0,3,6,4,5,1) : 1
(2,0,4) : 4
(2,0,4,1) : 1
(2,0,4,1,3,6,5) : 1
(2,0,4,1,6,3,5) : 3
(2,0,4,1,6,5,3) : 1
(2,0,4,3) : 1
(2,0,4,3,1,5,6) : 1
(2,0,4,5,6,3,1) : 2
(2,0,4,6,1,3,5) : 1
(2,0,4,6,1,5,3) : 1
(2,0,4,6,3,1,5) : 1
(2,0,4,6,3,5,1) : 1
(2,0,5) : 1
(2,0,5,6,3,4,1) : 1
(2,0,6) : 32
(2,0,6,1) : 8
(2,0,6,1,3,4,5) : 11
(2,0,6,1,4) : 1
(2,0,6,1,4,3,5) : 17
(2,0,6,1,4,5,3) : 7
(2,0,6,1,5,3,4) : 1
(2,0,6,1,5,4,3) : 3
(2,0,6,3,1,4) : 1
(2,0,6,3,1,4,5) : 4
(2,0,6,3,4) : 1
(2,0,6,3,4,1,5) : 4
(2,0,6,3,4,5,1) : 2
(2,0,6,4,1,3,5) : 9
(2,0,6,4,1,5,3) : 3
(2,0,6,4,3,1,5) : 4
(2,0,6,4,5,1,3) : 1
(2,0,6,4,5,3,1) : 1
(2,0,6,5,1,3,4) : 1
(2,0,6,5,1,4,3) : 1
(2,0,6,5,3,1,4) : 2
(2,0,6,5,3,4,1) : 1
(2,0,6,5,4,1,3) : 1
(2,0,6,5,4,3,1) : 1
(2,1) : 5
(2,1,0) : 3
(2,1,0,3,4,5,6) : 4
(2,1,0,3,6,5,4) : 1
(2,1,0,4,3,6,5) : 1
(2,1,0,4,5,3,6) : 2
(2,1,0,4,6) : 1
(2,1,0,4,6,5,3) : 2
(2,1,0,6) : 3
(2,1,0,6,3) : 1
(2,1,0,6,3,4,5) : 8
(2,1,0,6,4,3,5) : 6
(2,1,0,6,5,3,4) : 1
(2,1,0,6,5,4,3) : 2
(2,1,3) : 1
(2,1,3,0,4,6,5) : 1
(2,1,3,0,5,4,6) : 1
(2,1,3,0,6,4,5) : 1
(2,1,3,4,0,6,5) : 1
(2,1,3,4,5,6,0) : 2
(2,1,3,6,5,4,0) : 1
(2,1,4,0) : 1
(2,1,4,0,6,3,5) : 1
(2,1,4,0,6,5) : 1
(2,1,4,5,0,3,6) : 1
(2,1,4,5,3,6,0) : 1
(2,1,4,6,0,3,5) : 1
(2,1,4,6,0,5,3) : 1
(2,1,5,4,6,3,0) : 1
(2,1,6,0,3,4,5) : 2
(2,1,6,3,4,5) : 1
(2,1,6,4) : 1
(2,1,6,4,5,3,0) : 1
(2,3) : 11
(2,3,0) : 1
(2,3,0,1,4,6,5) : 2
(2,3,0,1,6,4,5) : 1
(2,3,0,4,6,1,5) : 2
(2,3,0,6,1,4,5) : 1
(2,3,0,6,4,1,5) : 1
(2,3,0,6,4,5,1) : 1
(2,3,0,6,5,1,4) : 1
(2,3,1,0,4,5,6) : 1
(2,3,1,0,6,4,5) : 1
(2,3,1,4,6,0,5) : 1
(2,3,4,0,1,5,6) : 2
(2,3,4,0,5,6,1) : 1
(2,3,4,1,0,5,6) : 1
(2,3,4,1,0,6,5) : 2
(2,3,4,5,0,6,1) : 1
(2,3,4,5,6,1,0) : 1
(2,3,4,6,0,1,5) : 1
(2,3,4,6,0,5,1) : 1
(2,3,4,6,5,0,1) : 1
(2,3,5,1,4,0,6) : 1
(2,3,5,6,4,0,1) : 1
(2,3,6) : 1
(2,3,6,0,1,4,5) : 1
(2,3,6,0,4,1,5) : 4
(2,3,6,1,0,4,5) : 1
(2,3,6,5,0,4,1) : 1
(2,3,6,5,1) : 1
(2,4) : 5
(2,4,0) : 2
(2,4,0,1,3,6,5) : 1
(2,4,0,1,6,3,5) : 1
(2,4,0,6,1,3,5) : 2
(2,4,0,6,1,5,3) : 2
(2,4,0,6,3,1,5) : 1
(2,4,0,6,5,3,1) : 1
(2,4,1,0,3,5,6) : 1
(2,4,1,3,5,0,6) : 1
(2,4,1,3,5,6,0) : 1
(2,4,1,5) : 1
(2,4,1,5,3,6,0) : 1
(2,4,3) : 1
(2,4,3,0,1,5,6) : 1
(2,4,3,0,6,1,5) : 1
(2,4,3,1,0,5,6) : 1
(2,4,3,6) : 1
(2,4,3,6,0,1,5) : 1
(2,4,5) : 1
(2,4,5,0,1,6,3) : 1
(2,4,5,1,0,6,3) : 1
(2,4,5,3,6,1,0) : 1
(2,4,5,6,0) : 1
(2,4,5,6,3,1,0) : 2
(2,4,6,0,1,3,5) : 1
(2,4,6,0,1,5,3) : 1
(2,4,6,1,0,3,5) : 1
(2,4,6,1,5,0,3) : 1
(2,4,6,3,0,1,5) : 1
(2,4,6,3,1,5) : 1
(2,4,6,3,1,5,0) : 1
(2,4,6,5,0,1) : 1
(2,5) : 2
(2,5,0,6,1,4,3) : 1
(2,5,3,6,4,0,1) : 1
(2,5,4,0,6,3,1) : 1
(2,5,4,3,0,1,6) : 1
(2,5,6,1,0,3,4) : 1
(2,5,6,1,4,0,3) : 1
(2,6) : 7
(2,6,0) : 11
(2,6,0,1,3,4,5) : 3
(2,6,0,1,4,3,5) : 5
(2,6,0,1,5,4,3) : 1
(2,6,0,3) : 2
(2,6,0,3,1,4,5) : 5
(2,6,0,3,1,5,4) : 1
(2,6,0,3,4,1,5) : 2
(2,6,0,4,1,3,5) : 5
(2,6,0,4,3,1,5) : 1
(2,6,0,4,3,5) : 1
(2,6,0,5,4,3,1) : 1
(2,6,1,0) : 1
(2,6,1,0,4,3,5) : 2
(2,6,1,3,0,4,5) : 1
(2,6,1,4,5,0,3) : 1
(2,6,3,0,1) : 1
(2,6,3,0,1,4,5) : 1
(2,6,3,0,4,5,1) : 1
(2,6,3,4,0,1,5) : 1
(2,6,3,4,1,0,5) : 1
(2,6,3,4,5,0,1) : 1
(2,6,4,0) : 2
(2,6,4,0,1,3,5) : 2
(2,6,4,0,3,1,5) : 2
(2,6,4,0,5,1,3) : 1
(2,6,4,0,5,3,1) : 1
(2,6,4,3,1,0,5) : 1
(2,6,4,3,5,1,0) : 1
(2,6,4,5,1,0,3) : 1
(2,6,5) : 1
(2,6,5,0,1,4,3) : 2
(2,6,5,0,4,1,3) : 1
(2,6,5,0,4,3,1) : 1
(2,6,5,3,1,0,4) : 1
(2,6,5,4,3,1,0) : 1
(3) : 5645
(3,0) : 153
(3,0,1) : 4
(3,0,1,2) : 2
(3,0,1,2,4,5,6) : 34
(3,0,1,2,4,6,5) : 16
(3,0,1,2,5,4,6) : 1
(3,0,1,2,6) : 1
(3,0,1,2,6,4,5) : 5
(3,0,1,2,6,5,4) : 3
(3,0,1,4) : 2
(3,0,1,4,2,5,6) : 2
(3,0,1,4,2,6,5) : 1
(3,0,1,4,5,2,6) : 2
(3,0,1,4,5,6) : 1
(3,0,1,4,5,6,2) : 1
(3,0,1,4,6,2,5) : 5
(3,0,1,5,4,6,2) : 2
(3,0,1,5,6,2,4) : 1
(3,0,1,5,6,4,2) : 1
(3,0,1,6) : 2
(3,0,1,6,2,4,5) : 6
(3,0,1,6,2,5,4) : 1
(3,0,1,6,4) : 1
(3,0,1,6,4,2,5) : 4
(3,0,1,6,5,2,4) : 1
(3,0,1,6,5,4,2) : 2
(3,0,2) : 7
(3,0,2,1,4) : 1
(3,0,2,1,4,5,6) : 7
(3,0,2,1,4,6,5) : 8
(3,0,2,1,5,4,6) : 3
(3,0,2,1,6,4,5) : 7
(3,0,2,4,1,5,6) : 6
(3,0,2,4,1,6,5) : 5
(3,0,2,4,5,1,6) : 1
(3,0,2,4,5,6,1) : 1
(3,0,2,4,6,1,5) : 7
(3,0,2,4,6,5,1) : 2
(3,0,2,5,1,4,6) : 1
(3,0,2,6) : 3
(3,0,2,6,1,4,5) : 2
(3,0,2,6,4,1,5) : 5
(3,0,2,6,4,5,1) : 2
(3,0,2,6,5,1,4) : 1
(3,0,4) : 8
(3,0,4,1) : 1
(3,0,4,1,2,5,6) : 2
(3,0,4,1,2,6,5) : 3
(3,0,4,1,5) : 1
(3,0,4,1,5,2,6) : 1
(3,0,4,1,5,6,2) : 1
(3,0,4,2,1) : 1
(3,0,4,2,1,5,6) : 4
(3,0,4,2,1,6,5) : 4
(3,0,4,2,6,1,5) : 1
(3,0,4,5,1,6,2) : 1
(3,0,4,5,2,6,1) : 1
(3,0,4,5,6,2,1) : 2
(3,0,4,6,1,2,5) : 3
(3,0,4,6,2,1,5) : 5
(3,0,4,6,2,5,1) : 1
(3,0,4,6,5,1,2) : 2
(3,0,5) : 2
(3,0,5,2,1,4,6) : 2
(3,0,5,2,4,1,6) : 1
(3,0,5,2,6,4,1) : 1
(3,0,5,4,1,2,6) : 1
(3,0,5,4,2,1,6) : 1
(3,0,5,4,2,6,1) : 1
(3,0,5,6) : 1
(3,0,5,6,1,4,2) : 1
(3,0,5,6,2,1,4) : 1
(3,0,5,6,4,2,1) : 3
(3,0,6) : 46
(3,0,6,1) : 1
(3,0,6,1,2) : 1
(3,0,6,1,2,4,5) : 50
(3,0,6,1,2,5,4) : 4
(3,0,6,1,4,2,5) : 4
(3,0,6,1,4,5) : 1
(3,0,6,1,4,5,2) : 3
(3,0,6,1,5,2,4) : 1
(3,0,6,1,5,4,2) : 1
(3,0,6,2) : 2
(3,0,6,2,1,4,5) : 24
(3,0,6,2,1,5,4) : 4
(3,0,6,2,4,1,5) : 18
(3,0,6,2,4,5,1) : 2
(3,0,6,2,5,1,4) : 1
(3,0,6,2,5,4,1) : 4
(3,0,6,4,1,2,5) : 7
(3,0,6,4,1,5,2) : 3
(3,0,6,4,2,1,5) : 21
(3,0,6,4,2,5,1) : 2
(3,0,6,4,5,1,2) : 3
(3,0,6,4,5,2,1) : 10
(3,0,6,5,1,2,4) : 3
(3,0,6,5,2,1,4) : 5
(3,0,6,5,2,4,1) : 3
(3,0,6,5,4,1,2) : 3
(3,0,6,5,4,2,1) : 10
(3,1) : 34
(3,1,0) : 5
(3,1,0,2) : 1
(3,1,0,2,4,5,6) : 7
(3,1,0,2,4,6,5) : 8
(3,1,0,2,6,4,5) : 2
(3,1,0,4,2,5,6) : 2
(3,1,0,4,2,6,5) : 1
(3,1,0,4,5,6,2) : 2
(3,1,0,5,2,6,4) : 1
(3,1,0,6) : 3
(3,1,0,6,2) : 1
(3,1,0,6,2,4,5) : 9
(3,1,0,6,4,2,5) : 4
(3,1,0,6,4,5,2) : 2
(3,1,0,6,5,4,2) : 1
(3,1,2,0) : 1
(3,1,2,0,4,5,6) : 2
(3,1,2,0,4,6,5) : 2
(3,1,2,0,5,4,6) : 2
(3,1,2,0,5,6,4) : 1
(3,1,2,0,6,5,4) : 2
(3,1,2,4) : 1
(3,1,2,4,0,5,6) : 3
(3,1,2,4,0,6,5) : 6
(3,1,2,4,5,0,6) : 17
(3,1,2,4,5,6,0) : 20
(3,1,2,4,6,5,0) : 3
(3,1,2,5,0,4,6) : 1
(3,1,2,5,4,0,6) : 8
(3,1,2,5,4,6,0) : 2
(3,1,2,6,0,4,5) : 1
(3,1,2,6,4,0,5) : 1
(3,1,2,6,4,5,0) : 1
(3,1,2,6,5,4,0) : 2
(3,1,4) : 2
(3,1,4,0,2,5,6) : 2
(3,1,4,0,6,2,5) : 1
(3,1,4,2) : 1
(3,1,4,2,0,5,6) : 2
(3,1,4,2,0,6,5) : 5
(3,1,4,2,5,0,6) : 6
(3,1,4,2,5,6,0) : 6
(3,1,4,2,6,0,5) : 3
(3,1,4,2,6,5,0) : 2
(3,1,4,5,2,0,6) : 5
(3,1,4,5,2,6,0) : 2
(3,1,4,5,6,0,2) : 2
(3,1,4,6,0,2,5) : 5
(3,1,4,6,0,5,2) : 1
(3,1,4,6,2,0,5) : 2
(3,1,4,6,5,2,0) : 1
(3,1,5,0,6,2) : 1
(3,1,5,0,6,2,4) : 1
(3,1,5,2,4,6,0) : 2
(3,1,5,2,6,0,4) : 1
(3,1,5,4,2,0,6) : 3
(3,1,5,4,6,2,0) : 1
(3,1,5,6,4,0,2) : 1
(3,1,5,6,4,2,0) : 2
(3,1,6) : 3
(3,1,6,0) : 4
(3,1,6,0,2,4,5) : 6
(3,1,6,0,4,2,5) : 2
(3,1,6,0,4,5,2) : 1
(3,1,6,2,0,4,5) : 4
(3,1,6,2,4,5,0) : 1
(3,1,6,4,0,2,5) : 1
(3,1,6,4,0,5) : 1
(3,1,6,4,2,0,5) : 2
(3,1,6,4,2,5,0) : 1
(3,1,6,4,5,2,0) : 1
(3,1,6,5,4,2,0) : 3
(3,2) : 46
(3,2,0) : 10
(3,2,0,1,4) : 1
(3,2,0,1,4,5,6) : 3
(3,2,0,1,4,6,5) : 5
(3,2,0,1,5,4,6) : 1
(3,2,0,1,6,5,4) : 1
(3,2,0,4,1,5,6) : 2
(3,2,0,4,5,1,6) : 2
(3,2,0,4,5,6,1) : 1
(3,2,0,4,6,1,5) : 4
(3,2,0,5,4,1,6) : 1
(3,2,0,5,6,4,1) : 1
(3,2,0,6) : 1
(3,2,0,6,1) : 1
(3,2,0,6,1,4,5) : 3
(3,2,0,6,4,1,5) : 7
(3,2,0,6,4,5,1) : 2
(3,2,0,6,5,4,1) : 2
(3,2,1) : 3
(3,2,1,0,4,5,6) : 12
(3,2,1,0,4,6,5) : 1
(3,2,1,0,5,4,6) : 1
(3,2,1,0,6,4,5) : 1
(3,2,1,4) : 4
(3,2,1,4,0,5,6) : 1
(3,2,1,4,0,6,5) : 6
(3,2,1,4,5,0,6) : 14
(3,2,1,4,5,6,0) : 7
(3,2,1,4,6,0,5) : 6
(3,2,1,4,6,5,0) : 4
(3,2,1,5,4,0) : 1
(3,2,1,5,4,0,6) : 2
(3,2,1,5,6) : 1
(3,2,1,5,6,4,0) : 1
(3,2,1,6) : 1
(3,2,1,6,0,4,5) : 3
(3,2,1,6,4,0,5) : 1
(3,2,1,6,4,5,0) : 2
(3,2,1,6,5,0,4) : 1
(3,2,1,6,5,4,0) : 2
(3,2,4) : 2
(3,2,4,0,1,5,6) : 2
(3,2,4,0,1,6) : 2
(3,2,4,0,1,6,5) : 2
(3,2,4,0,5,1,6) : 1
(3,2,4,0,5,6,1) : 1
(3,2,4,0,6,1,5) : 2
(3,2,4,0,6,5,1) : 5
(3,2,4,1,0,5,6) : 7
(3,2,4,1,0,6,5) : 6
(3,2,4,1,5,0,6) : 7
(3,2,4,1,5,6,0) : 6
(3,2,4,1,6,0,5) : 4
(3,2,4,1,6,5,0) : 2
(3,2,4,5,1,0,6) : 6
(3,2,4,5,1,6,0) : 4
(3,2,4,5,6,0) : 1
(3,2,4,5,6,0,1) : 3
(3,2,4,5,6,1,0) : 4
(3,2,4,6) : 1
(3,2,4,6,0) : 1
(3,2,4,6,0,1,5) : 5
(3,2,4,6,0,5,1) : 1
(3,2,4,6,1,0,5) : 1
(3,2,4,6,1,5,0) : 1
(3,2,4,6,5,1,0) : 5
(3,2,5) : 1
(3,2,5,0,6,4,1) : 1
(3,2,5,1,4,0,6) : 1
(3,2,5,1,4,6,0) : 3
(3,2,5,1,6,0,4) : 1
(3,2,5,4,1,0,6) : 3
(3,2,5,4,1,6,0) : 2
(3,2,5,4,6,0,1) : 1
(3,2,5,4,6,1,0) : 2
(3,2,5,6,0,1,4) : 2
(3,2,5,6,0,4,1) : 1
(3,2,5,6,4,0,1) : 1
(3,2,6) : 2
(3,2,6,0) : 1
(3,2,6,0,1,4,5) : 3
(3,2,6,0,4,1,5) : 1
(3,2,6,0,4,5,1) : 2
(3,2,6,0,5,4,1) : 2
(3,2,6,1,4,5,0) : 1
(3,2,6,4,0,1,5) : 1
(3,2,6,4,1,0,5) : 1
(3,2,6,4,5,0) : 1
(3,2,6,4,5,1,0) : 1
(3,2,6,5,1,0,4) : 1
(3,2,6,5,4,0,1) : 1
(3,2,6,5,4,1,0) : 1
(3,4) : 57
(3,4,0) : 1
(3,4,0,1,2,5,6) : 2
(3,4,0,1,5,2,6) : 1
(3,4,0,2,1,5,6) : 1
(3,4,0,2,1,6,5) : 2
(3,4,0,2,5,1,6) : 1
(3,4,0,2,6,5,1) : 3
(3,4,0,5,1,2,6) : 1
(3,4,0,5,6,1,2) : 1
(3,4,0,5,6,2,1) : 1
(3,4,0,6) : 1
(3,4,0,6,1,2,5) : 1
(3,4,0,6,1,5,2) : 1
(3,4,0,6,2,1,5) : 5
(3,4,0,6,5,2,1) : 3
(3,4,1) : 3
(3,4,1,0,2,5,6) : 3
(3,4,1,0,2,6,5) : 3
(3,4,1,0,6,5,2) : 1
(3,4,1,2) : 2
(3,4,1,2,0,5,6) : 4
(3,4,1,2,0,6,5) : 3
(3,4,1,2,5,0,6) : 6
(3,4,1,2,5,6) : 1
(3,4,1,2,5,6,0) : 4
(3,4,1,2,6,0,5) : 3
(3,4,1,5) : 1
(3,4,1,5,2) : 1
(3,4,1,5,2,0,6) : 1
(3,4,1,5,2,6,0) : 3
(3,4,1,5,6,2,0) : 1
(3,4,1,6,0,2,5) : 3
(3,4,1,6,5,2,0) : 1
(3,4,2) : 1
(3,4,2,0,1,5,6) : 3
(3,4,2,0,1,6,5) : 2
(3,4,2,0,6,5,1) : 1
(3,4,2,1,0,5,6) : 6
(3,4,2,1,0,6,5) : 7
(3,4,2,1,5,0,6) : 10
(3,4,2,1,5,6,0) : 11
(3,4,2,1,6,0,5) : 5
(3,4,2,5,0,1,6) : 1
(3,4,2,5,1,0,6) : 5
(3,4,2,5,1,6,0) : 5
(3,4,2,5,6) : 1
(3,4,2,5,6,0,1) : 3
(3,4,2,5,6,1,0) : 2
(3,4,2,6,0,1,5) : 1
(3,4,2,6,0,5,1) : 1
(3,4,2,6,1,0,5) : 2
(3,4,2,6,1,5) : 1
(3,4,2,6,1,5,0) : 2
(3,4,2,6,5,0,1) : 2
(3,4,2,6,5,1,0) : 1
(3,4,5) : 4
(3,4,5,0,1,2,6) : 1
(3,4,5,0,2,1,6) : 3
(3,4,5,0,2,6,1) : 1
(3,4,5,1,2,0,6) : 7
(3,4,5,1,2,6,0) : 4
(3,4,5,1,6,2,0) : 2
(3,4,5,2,0,6,1) : 2
(3,4,5,2,1,0,6) : 3
(3,4,5,2,1,6,0) : 4
(3,4,5,2,6,1,0) : 2
(3,4,5,6) : 1
(3,4,5,6,0,1,2) : 1
(3,4,5,6,1,0) : 1
(3,4,5,6,1,0,2) : 2
(3,4,5,6,1,2,0) : 4
(3,4,5,6,2,0,1) : 1
(3,4,5,6,2,1,0) : 7
(3,4,6) : 2
(3,4,6,0,1,5,2) : 1
(3,4,6,0,2) : 1
(3,4,6,0,2,1,5) : 2
(3,4,6,0,5,1,2) : 2
(3,4,6,0,5,2,1) : 1
(3,4,6,1,0,2,5) : 2
(3,4,6,1,2,5,0) : 2
(3,4,6,1,5,0,2) : 1
(3,4,6,1,5,2,0) : 1
(3,4,6,2,0,1,5) : 3
(3,4,6,2,1,0,5) : 2
(3,4,6,2,5,1,0) : 1
(3,4,6,5) : 2
(3,4,6,5,0,1,2) : 2
(3,4,6,5,2,0,1) : 1
(3,4,6,5,2,1,0) : 4
(3,5) : 75
(3,5,0) : 6
(3,5,0,1,2,4) : 1
(3,5,0,1,2,4,6) : 4
(3,5,0,1,2,6) : 1
(3,5,0,1,4,2,6) : 1
(3,5,0,1,6,2,4) : 1
(3,5,0,2) : 1
(3,5,0,2,1,4,6) : 2
(3,5,0,2,4,1,6) : 1
(3,5,0,4,1,2,6) : 1
(3,5,0,4,2,1,6) : 2
(3,5,0,6) : 1
(3,5,0,6,1,2,4) : 1
(3,5,0,6,2,1,4) : 4
(3,5,0,6,4,1,2) : 2
(3,5,0,6,4,2,1) : 2
(3,5,1) : 1
(3,5,1,0,2,4,6) : 1
(3,5,1,0,4,2,6) : 1
(3,5,1,0,6,2,4) : 1
(3,5,1,0,6,4,2) : 1
(3,5,1,2,0,4,6) : 1
(3,5,1,2,4) : 1
(3,5,1,2,4,0,6) : 7
(3,5,1,2,4,6,0) : 6
(3,5,1,2,6,0) : 1
(3,5,1,2,6,0,4) : 1
(3,5,1,2,6,4) : 1
(3,5,1,4,0,2,6) : 1
(3,5,1,4,2,0,6) : 3
(3,5,1,4,2,6,0) : 6
(3,5,1,4,6,0) : 2
(3,5,1,4,6,0,2) : 1
(3,5,1,4,6,2,0) : 4
(3,5,1,6) : 1
(3,5,1,6,0,2) : 1
(3,5,1,6,0,2,4) : 2
(3,5,1,6,0,4,2) : 2
(3,5,1,6,2,0) : 1
(3,5,1,6,2,4,0) : 1
(3,5,1,6,4,2,0) : 4
(3,5,2) : 4
(3,5,2,0) : 1
(3,5,2,0,4,1,6) : 1
(3,5,2,0,4,6,1) : 1
(3,5,2,0,6) : 1
(3,5,2,1,0,4,6) : 1
(3,5,2,1,4,0,6) : 2
(3,5,2,1,4,6,0) : 6
(3,5,2,1,6,0,4) : 3
(3,5,2,1,6,4,0) : 4
(3,5,2,4,0,1,6) : 2
(3,5,2,4,1,0,6) : 4
(3,5,2,4,1,6,0) : 3
(3,5,2,4,6,0,1) : 3
(3,5,2,4,6,1,0) : 2
(3,5,2,6,1,4,0) : 1
(3,5,2,6,4,1,0) : 1
(3,5,4) : 1
(3,5,4,0,1,2,6) : 1
(3,5,4,0,1,6,2) : 2
(3,5,4,0,2,1,6) : 1
(3,5,4,1,0,2,6) : 2
(3,5,4,1,0,6,2) : 2
(3,5,4,1,2,0,6) : 6
(3,5,4,1,2,6,0) : 15
(3,5,4,1,6,0) : 1
(3,5,4,1,6,0,2) : 1
(3,5,4,1,6,2,0) : 3
(3,5,4,2,0,6,1) : 1
(3,5,4,2,1,0) : 1
(3,5,4,2,1,0,6) : 14
(3,5,4,2,1,6,0) : 13
(3,5,4,2,6,0,1) : 1
(3,5,4,2,6,1,0) : 3
(3,5,4,6,0,1,2) : 1
(3,5,4,6,0,2,1) : 1
(3,5,4,6,1,2,0) : 2
(3,5,4,6,2,0,1) : 1
(3,5,4,6,2,1,0) : 6
(3,5,6) : 8
(3,5,6,0) : 2
(3,5,6,0,1,2) : 1
(3,5,6,0,1,2,4) : 6
(3,5,6,0,1,4,2) : 6
(3,5,6,0,2,1,4) : 5
(3,5,6,0,2,4,1) : 2
(3,5,6,0,4,2,1) : 1
(3,5,6,1) : 1
(3,5,6,1,0,2,4) : 4
(3,5,6,1,0,4,2) : 4
(3,5,6,1,2,0) : 1
(3,5,6,1,2,0,4) : 1
(3,5,6,1,2,4,0) : 7
(3,5,6,1,4,2,0) : 6
(3,5,6,2,0,1) : 1
(3,5,6,2,1,0,4) : 1
(3,5,6,2,1,4,0) : 4
(3,5,6,2,4,1,0) : 2
(3,5,6,4,0,1,2) : 2
(3,5,6,4,0,2,1) : 1
(3,5,6,4,1,0,2) : 1
(3,5,6,4,1,2,0) : 2
(3,5,6,4,2,1,0) : 5
(3,6) : 137
(3,6,0) : 65
(3,6,0,1) : 2
(3,6,0,1,2,4,5) : 64
(3,6,0,1,2,5,4) : 6
(3,6,0,1,4,2,5) : 18
(3,6,0,1,4,5,2) : 4
(3,6,0,1,5,2,4) : 1
(3,6,0,1,5,4,2) : 1
(3,6,0,2) : 4
(3,6,0,2,1,4,5) : 31
(3,6,0,2,1,5,4) : 2
(3,6,0,2,4,1,5) : 21
(3,6,0,2,4,5,1) : 3
(3,6,0,2,5,1,4) : 1
(3,6,0,2,5,4,1) : 5
(3,6,0,4) : 2
(3,6,0,4,1,2,5) : 11
(3,6,0,4,1,5) : 1
(3,6,0,4,1,5,2) : 2
(3,6,0,4,2,1) : 1
(3,6,0,4,2,1,5) : 10
(3,6,0,4,2,5,1) : 1
(3,6,0,4,5,1) : 1
(3,6,0,4,5,1,2) : 2
(3,6,0,4,5,2,1) : 8
(3,6,0,5) : 1
(3,6,0,5,1,2,4) : 10
(3,6,0,5,1,4,2) : 2
(3,6,0,5,2,1,4) : 2
(3,6,0,5,2,4,1) : 1
(3,6,0,5,4,1,2) : 5
(3,6,0,5,4,2,1) : 7
(3,6,1) : 5
(3,6,1,0,2,4,5) : 8
(3,6,1,0,2,5,4) : 2
(3,6,1,0,4,5,2) : 2
(3,6,1,0,5,4,2) : 3
(3,6,1,2) : 1
(3,6,1,2,0,4,5) : 11
(3,6,1,2,4,0,5) : 5
(3,6,1,2,4,5,0) : 8
(3,6,1,2,5,4,0) : 1
(3,6,1,4,0,2,5) : 1
(3,6,1,4,0,5,2) : 4
(3,6,1,4,2,0,5) : 2
(3,6,1,4,2,5,0) : 5
(3,6,1,4,5,0,2) : 1
(3,6,1,4,5,2,0) : 1
(3,6,1,5,0,2,4) : 1
(3,6,1,5,0,4,2) : 1
(3,6,1,5,4,2,0) : 1
(3,6,2) : 3
(3,6,2,0,1,4,5) : 5
(3,6,2,0,1,5,4) : 1
(3,6,2,0,4,1,5) : 2
(3,6,2,0,4,5,1) : 1
(3,6,2,0,5,1,4) : 1
(3,6,2,0,5,4,1) : 1
(3,6,2,1,0,4,5) : 3
(3,6,2,1,4,0,5) : 3
(3,6,2,1,4,5,0) : 3
(3,6,2,4) : 1
(3,6,2,4,1,0,5) : 3
(3,6,2,4,1,5,0) : 2
(3,6,2,4,5,1,0) : 4
(3,6,2,5,4,0,1) : 1
(3,6,2,5,4,1,0) : 2
(3,6,4) : 2
(3,6,4,0,1,2,5) : 3
(3,6,4,0,2,1,5) : 1
(3,6,4,0,2,5,1) : 1
(3,6,4,0,5,2,1) : 2
(3,6,4,1,0,2) : 1
(3,6,4,1,0,2,5) : 3
(3,6,4,1,0,5,2) : 1
(3,6,4,1,5,2,0) : 1
(3,6,4,2) : 1
(3,6,4,2,0,1,5) : 5
(3,6,4,2,1,0,5) : 4
(3,6,4,2,1,5,0) : 3
(3,6,4,2,5) : 1
(3,6,4,2,5,1,0) : 4
(3,6,4,5) : 1
(3,6,4,5,0,2) : 1
(3,6,4,5,0,2,1) : 1
(3,6,4,5,1,0,2) : 1
(3,6,4,5,1,2,0) : 2
(3,6,4,5,2) : 1
(3,6,4,5,2,0,1) : 1
(3,6,4,5,2,1,0) : 8
(3,6,5) : 6
(3,6,5,0,1,2,4) : 6
(3,6,5,0,2,4,1) : 1
(3,6,5,0,4,1,2) : 1
(3,6,5,1,0,4,2) : 1
(3,6,5,1,2,4,0) : 2
(3,6,5,1,4,0) : 1
(3,6,5,1,4,0,2) : 1
(3,6,5,1,4,2,0) : 1
(3,6,5,2,1,0,4) : 1
(3,6,5,2,1,4,0) : 4
(3,6,5,2,4,0,1) : 1
(3,6,5,2,4,1,0) : 2
(3,6,5,4,0,1,2) : 7
(3,6,5,4,0,2,1) : 1
(3,6,5,4,1,2,0) : 1
(3,6,5,4,2,0,1) : 4
(3,6,5,4,2,1,0) : 23
(4) : 226
(4,0) : 3
(4,0,1,2,3,6,5) : 1
(4,0,1,2,5,6,3) : 1
(4,0,1,5,6,3,2) : 2
(4,0,1,6) : 1
(4,0,2,1,3,6,5) : 1
(4,0,2,3,6,5,1) : 1
(4,0,2,6,1,3,5) : 1
(4,0,3) : 1
(4,0,5) : 1
(4,0,5,6,3) : 1
(4,0,5,6,3,1,2) : 1
(4,0,5,6,3,2,1) : 1
(4,0,6) : 1
(4,0,6,1,3) : 1
(4,0,6,3,1,2,5) : 1
(4,1) : 2
(4,1,0,6,2,3,5) : 1
(4,1,0,6,5,2) : 1
(4,1,2,0,6,3) : 1
(4,1,2,0,6,3,5) : 2
(4,1,2,3,0,5,6) : 1
(4,1,2,3,0,6,5) : 1
(4,1,2,3,6,5,0) : 1
(4,1,2,5,0,6,3) : 1
(4,1,2,5,3,6,0) : 1
(4,1,2,6,0,3,5) : 1
(4,1,6,0,2,3,5) : 1
(4,2) : 10
(4,2,0) : 2
(4,2,0,1,3,5,6) : 1
(4,2,0,3,6) : 1
(4,2,0,3,6,1) : 1
(4,2,0,6,1,3,5) : 1
(4,2,0,6,3,1,5) : 1
(4,2,1) : 2
(4,2,1,0,3,5,6) : 2
(4,2,1,0,6,3,5) : 2
(4,2,1,0,6,5,3) : 1
(4,2,1,3,0,5,6) : 1
(4,2,3,6,5,1,0) : 3
(4,2,5,0) : 1
(4,2,5,0,6,3,1) : 1
(4,2,6,0,1,3,5) : 1
(4,2,6,3,0,5,1) : 1
(4,2,6,5,3,1,0) : 1
(4,3) : 19
(4,3,0,1,2,5,6) : 3
(4,3,0,6) : 1
(4,3,0,6,1,2,5) : 1
(4,3,0,6,2,1,5) : 3
(4,3,1,0) : 1
(4,3,1,0,2,5,6) : 1
(4,3,1,2,0,5,6) : 3
(4,3,1,2,5,0,6) : 1
(4,3,1,6,0,2,5) : 1
(4,3,2) : 1
(4,3,2,1,0,6,5) : 2
(4,3,2,1,5,0,6) : 1
(4,3,5) : 1
(4,3,5,2,1,6,0) : 1
(4,3,5,2,6,0,1) : 1
(4,3,5,6,0,2,1) : 1
(4,3,5,6,2,1,0) : 1
(4,3,6) : 1
(4,3,6,2,1,0,5) : 1
(4,5) : 2
(4,5,0) : 1
(4,5,0,6,1,2,3) : 1
(4,5,0,6,1,3,2) : 1
(4,5,2) : 1
(4,5,2,0,1,3,6) : 1
(4,5,2,1,0,6,3) : 1
(4,5,3) : 1
(4,5,3,2,1,0,6) : 1
(4,5,3,6,2,0,1) : 1
(4,5,6) : 1
(4,5,6,0,2,3,1) : 1
(4,5,6,0,3,1,2) : 1
(4,5,6,2,1,0) : 1
(4,5,6,3,2,1,0) : 1
(4,6) : 11
(4,6,0) : 3
(4,6,0,1,2,3,5) : 2
(4,6,0,1,2,5,3) : 1
(4,6,0,2,1,3,5) : 2
(4,6,0,2,3,1,5) : 1
(4,6,0,2,3,5,1) : 1
(4,6,0,3,2,5,1) : 1
(4,6,0,3,5,2,1) : 2
(4,6,0,5,1,2,3) : 1
(4,6,0,5,3,2,1) : 1
(4,6,1,3,5,2,0) : 1
(4,6,2,0,3,1,5) : 1
(4,6,3) : 1
(4,6,3,2,5,0,1) : 1
(4,6,3,5,2,1,0) : 1
(4,6,5,1,0,2,3) : 1
(4,6,5,2,1,3) : 1
(5) : 217
(5,0) : 3
(5,0,1,2,3,4,6) : 1
(5,0,1,2,6,4,3) : 1
(5,0,1,6,3,4,2) : 1
(5,0,2,1,4,6,3) : 1
(5,0,2,4,1,6,3) : 1
(5,0,3,6) : 1
(5,0,3,6,4,2,1) : 1
(5,0,4) : 1
(5,0,4,2,1,3,6) : 1
(5,0,4,2,1,6,3) : 1
(5,0,4,6,3,2,1) : 1
(5,0,6) : 2
(5,0,6,1,2,4,3) : 1
(5,0,6,2,1,4,3) : 1
(5,0,6,3) : 2
(5,0,6,3,2,1,4) : 1
(5,0,6,3,2,4,1) : 1
(5,0,6,3,4,2,1) : 1
(5,0,6,4,3,2,1) : 1
(5,1) : 1
(5,1,0,2,6,3,4) : 1
(5,1,0,3) : 1
(5,1,2,3,6,0,4) : 1
(5,1,2,4,0,3,6) : 1
(5,1,2,4,6,3,0) : 1
(5,1,3) : 2
(5,1,3,2,4,6,0) : 1
(5,1,4,3,0,6,2) : 1
(5,1,4,3,2,6,0) : 1
(5,2) : 2
(5,2,0) : 1
(5,2,0,1,3,6,4) : 1
(5,2,0,3,4,1,6) : 1
(5,2,3,4,1,6,0) : 1
(5,2,3,6,4,1,0) : 1
(5,2,6,0,1,4,3) : 1
(5,3) : 46
(5,3,0,1,2,4,6) : 1
(5,3,0,1,4,6,2) : 1
(5,3,0,2,1,4,6) : 1
(5,3,0,2,4,1,6) : 1
(5,3,0,6,1) : 1
(5,3,0,6,1,2) : 1
(5,3,0,6,1,4,2) : 1
(5,3,1) : 3
(5,3,1,0) : 1
(5,3,1,0,2,4,6) : 1
(5,3,1,0,2,6,4) : 1
(5,3,1,0,6,4,2) : 1
(5,3,1,2,4,0,6) : 1
(5,3,1,2,4,6,0) : 1
(5,3,1,2,6,4,0) : 1
(5,3,1,4,2,0,6) : 1
(5,3,1,4,2,6,0) : 4
(5,3,1,4,6,2,0) : 1
(5,3,1,6,0,2,4) : 1
(5,3,1,6,4,2,0) : 1
(5,3,2) : 3
(5,3,2,1,4,6,0) : 2
(5,3,2,4,1,0,6) : 1
(5,3,2,4,1,6,0) : 2
(5,3,2,4,6,1,0) : 1
(5,3,2,6,1,0,4) : 2
(5,3,2,6,4,1,0) : 1
(5,3,4) : 1
(5,3,4,1,0,2,6) : 1
(5,3,4,1,2,0,6) : 2
(5,3,4,1,2,6,0) : 6
(5,3,4,1,6,2,0) : 2
(5,3,4,2,1,0,6) : 3
(5,3,4,2,1,6,0) : 2
(5,3,4,6,0,1,2) : 1
(5,3,4,6,1,2,0) : 2
(5,3,4,6,2,1,0) : 1
(5,3,6) : 3
(5,3,6,0,1,4,2) : 2
(5,3,6,0,2,4,1) : 4
(5,3,6,0,4,2,1) : 1
(5,3,6,1,0,4,2) : 1
(5,3,6,1,2,4,0) : 2
(5,3,6,1,4,2,0) : 3
(5,3,6,2,1,0,4) : 1
(5,3,6,2,1,4,0) : 1
(5,3,6,2,4,1,0) : 1
(5,3,6,4,0,1,2) : 1
(5,3,6,4,1,0,2) : 3
(5,3,6,4,1,2,0) : 2
(5,3,6,4,2,1,0) : 5
(5,4) : 1
(5,4,2) : 2
(5,4,2,1,0,3,6) : 1
(5,4,2,1,3,6,0) : 1
(5,4,2,1,6,3,0) : 1
(5,4,3,1,2,0,6) : 1
(5,4,3,1,2,6,0) : 1
(5,4,3,1,6,2,0) : 1
(5,4,3,2,1,6,0) : 1
(5,4,3,2,6,0,1) : 1
(5,4,6,0,1,2,3) : 1
(5,4,6,3,2,1,0) : 1
(5,6) : 9
(5,6,0,1,4,2,3) : 2
(5,6,0,3) : 1
(5,6,0,3,2,4,1) : 1
(5,6,0,3,4,1,2) : 1
(5,6,0,3,4,2,1) : 2
(5,6,0,4,2,3,1) : 1
(5,6,1,2,3,0,4) : 1
(5,6,2,1,4,0,3) : 1
(5,6,2,4) : 2
(5,6,2,4,3,0,1) : 1
(5,6,2,4,3,1,0) : 3
(5,6,3) : 4
(5,6,3,0) : 1
(5,6,3,0,1,2,4) : 2
(5,6,3,1,2,4,0) : 1
(5,6,3,2,1,4,0) : 1
(5,6,3,2,4,1,0) : 2
(5,6,3,4,1,2,0) : 1
(5,6,3,4,2,0,1) : 1
(5,6,3,4,2,1) : 1
(5,6,4,0,1,2,3) : 1
(5,6,4,1,2,3,0) : 1
(5,6,4,2,3,0,1) : 1
(5,6,4,2,3,1,0) : 1
(5,6,4,3,2,0,1) : 1
(5,6,4,3,2,1,0) : 1
(6) : 5845
(6,0) : 3038
(6,0,1) : 134
(6,0,1,2) : 64
(6,0,1,2,3) : 3
(6,0,1,2,3,4,5) : 332
(6,0,1,2,3,5) : 2
(6,0,1,2,3,5,4) : 15
(6,0,1,2,4) : 5
(6,0,1,2,4,3) : 3
(6,0,1,2,4,3,5) : 368
(6,0,1,2,4,5) : 1
(6,0,1,2,4,5,3) : 209
(6,0,1,2,5,3,4) : 11
(6,0,1,2,5,4,3) : 38
(6,0,1,3) : 6
(6,0,1,3,2,4) : 1
(6,0,1,3,2,4,5) : 89
(6,0,1,3,2,5,4) : 11
(6,0,1,3,4,2,5) : 26
(6,0,1,3,4,5,2) : 1
(6,0,1,3,5,4,2) : 2
(6,0,1,4) : 2
(6,0,1,4,2,3) : 1
(6,0,1,4,2,3,5) : 69
(6,0,1,4,2,5,3) : 30
(6,0,1,4,3,2) : 1
(6,0,1,4,3,2,5) : 8
(6,0,1,4,3,5,2) : 5
(6,0,1,4,5,2,3) : 11
(6,0,1,4,5,3,2) : 5
(6,0,1,5,2,4,3) : 6
(6,0,1,5,3,2,4) : 1
(6,0,1,5,4,2,3) : 9
(6,0,1,5,4,3,2) : 1
(6,0,2) : 132
(6,0,2,1) : 68
(6,0,2,1,3) : 1
(6,0,2,1,3,4) : 3
(6,0,2,1,3,4,5) : 141
(6,0,2,1,3,5,4) : 18
(6,0,2,1,4) : 7
(6,0,2,1,4,3) : 3
(6,0,2,1,4,3,5) : 268
(6,0,2,1,4,5) : 1
(6,0,2,1,4,5,3) : 152
(6,0,2,1,5,3,4) : 7
(6,0,2,1,5,4) : 1
(6,0,2,1,5,4,3) : 41
(6,0,2,3) : 4
(6,0,2,3,1,4,5) : 51
(6,0,2,3,1,5,4) : 3
(6,0,2,3,4,1) : 1
(6,0,2,3,4,1,5) : 29
(6,0,2,3,4,5,1) : 13
(6,0,2,3,5,1,4) : 1
(6,0,2,3,5,4,1) : 6
(6,0,2,4) : 8
(6,0,2,4,1) : 3
(6,0,2,4,1,3) : 3
(6,0,2,4,1,3,5) : 126
(6,0,2,4,1,5) : 2
(6,0,2,4,1,5,3) : 85
(6,0,2,4,3,1,5) : 27
(6,0,2,4,3,5) : 1
(6,0,2,4,3,5,1) : 12
(6,0,2,4,5,1) : 2
(6,0,2,4,5,1,3) : 31
(6,0,2,4,5,3) : 1
(6,0,2,4,5,3,1) : 8
(6,0,2,5) : 2
(6,0,2,5,1,3) : 1
(6,0,2,5,1,3,4) : 3
(6,0,2,5,1,4,3) : 5
(6,0,2,5,3,1,4) : 1
(6,0,2,5,3,4,1) : 3
(6,0,2,5,4) : 1
(6,0,2,5,4,1,3) : 10
(6,0,2,5,4,3) : 1
(6,0,2,5,4,3,1) : 4
(6,0,3) : 84
(6,0,3,1) : 5
(6,0,3,1,2,4) : 2
(6,0,3,1,2,4,5) : 103
(6,0,3,1,2,5,4) : 7
(6,0,3,1,4,2,5) : 33
(6,0,3,1,4,5,2) : 6
(6,0,3,1,5,2,4) : 2
(6,0,3,1,5,4,2) : 5
(6,0,3,2) : 5
(6,0,3,2,1,4,5) : 79
(6,0,3,2,1,5,4) : 8
(6,0,3,2,4,1,5) : 36
(6,0,3,2,4,5,1) : 10
(6,0,3,2,5,1,4) : 4
(6,0,3,2,5,4,1) : 1
(6,0,3,4) : 4
(6,0,3,4,1,2,5) : 28
(6,0,3,4,1,5) : 1
(6,0,3,4,1,5,2) : 3
(6,0,3,4,2,1) : 1
(6,0,3,4,2,1,5) : 42
(6,0,3,4,2,5,1) : 4
(6,0,3,4,5,1,2) : 4
(6,0,3,4,5,2,1) : 18
(6,0,3,5) : 1
(6,0,3,5,1,2,4) : 7
(6,0,3,5,1,4,2) : 4
(6,0,3,5,2) : 1
(6,0,3,5,2,1,4) : 6
(6,0,3,5,2,4,1) : 4
(6,0,3,5,4,1,2) : 3
(6,0,3,5,4,2,1) : 19
(6,0,4) : 20
(6,0,4,1) : 1
(6,0,4,1,2,3) : 1
(6,0,4,1,2,3,5) : 43
(6,0,4,1,2,5) : 1
(6,0,4,1,2,5,3) : 22
(6,0,4,1,3,2,5) : 6
(6,0,4,1,3,5,2) : 1
(6,0,4,1,5,2,3) : 5
(6,0,4,1,5,3,2) : 1
(6,0,4,2) : 5
(6,0,4,2,1,3,5) : 47
(6,0,4,2,1,5) : 1
(6,0,4,2,1,5,3) : 56
(6,0,4,2,3) : 1
(6,0,4,2,3,1) : 1
(6,0,4,2,3,1,5) : 6
(6,0,4,2,3,5,1) : 4
(6,0,4,2,5,1) : 1
(6,0,4,2,5,1,3) : 12
(6,0,4,2,5,3,1) : 4
(6,0,4,3) : 4
(6,0,4,3,1,2,5) : 13
(6,0,4,3,2,1,5) : 20
(6,0,4,3,2,5,1) : 1
(6,0,4,3,5,1,2) : 1
(6,0,4,3,5,2,1) : 3
(6,0,4,5) : 4
(6,0,4,5,1,2,3) : 8
(6,0,4,5,2,1,3) : 5
(6,0,4,5,2,3,1) : 3
(6,0,4,5,3,1,2) : 2
(6,0,4,5,3,2,1) : 6
(6,0,5) : 13
(6,0,5,1,2) : 2
(6,0,5,1,2,3,4) : 1
(6,0,5,1,2,4,3) : 8
(6,0,5,1,3,2,4) : 5
(6,0,5,1,3,4,2) : 2
(6,0,5,1,4,2,3) : 8
(6,0,5,1,4,3,2) : 1
(6,0,5,2) : 1
(6,0,5,2,1,3,4) : 5
(6,0,5,2,1,4,3) : 9
(6,0,5,2,3,4,1) : 1
(6,0,5,2,4,1) : 1
(6,0,5,2,4,1,3) : 4
(6,0,5,2,4,3,1) : 4
(6,0,5,3) : 1
(6,0,5,3,1,2,4) : 1
(6,0,5,3,2,4,1) : 5
(6,0,5,3,4,1,2) : 2
(6,0,5,3,4,2,1) : 6
(6,0,5,4) : 1
(6,0,5,4,1,2,3) : 8
(6,0,5,4,1,3,2) : 1
(6,0,5,4,2,1,3) : 21
(6,0,5,4,2,3,1) : 1
(6,0,5,4,3,1,2) : 2
(6,0,5,4,3,2,1) : 6
(6,1) : 26
(6,1,0) : 14
(6,1,0,2) : 2
(6,1,0,2,3) : 1
(6,1,0,2,3,4,5) : 21
(6,1,0,2,3,5,4) : 1
(6,1,0,2,4,3,5) : 17
(6,1,0,2,4,5,3) : 9
(6,1,0,2,5,3,4) : 1
(6,1,0,3) : 6
(6,1,0,3,2,4,5) : 13
(6,1,0,3,2,5,4) : 2
(6,1,0,3,4,2,5) : 10
(6,1,0,3,5,4,2) : 1
(6,1,0,4,2,3,5) : 3
(6,1,0,4,2,5,3) : 3
(6,1,0,4,3,2) : 1
(6,1,0,4,3,2,5) : 1
(6,1,0,4,5,2,3) : 2
(6,1,0,5) : 1
(6,1,0,5,2,4,3) : 2
(6,1,0,5,4,2,3) : 1
(6,1,2) : 8
(6,1,2,0) : 5
(6,1,2,0,3,4,5) : 13
(6,1,2,0,3,5,4) : 1
(6,1,2,0,4,3,5) : 11
(6,1,2,0,4,5) : 1
(6,1,2,0,4,5,3) : 3
(6,1,2,3) : 1
(6,1,2,3,0,4,5) : 5
(6,1,2,3,4) : 1
(6,1,2,3,4,5,0) : 3
(6,1,2,3,5,4,0) : 1
(6,1,2,4,0,3,5) : 3
(6,1,2,4,0,5,3) : 3
(6,1,2,4,3,0,5) : 1
(6,1,2,4,3,5,0) : 3
(6,1,2,4,5,0,3) : 3
(6,1,2,4,5,3,0) : 4
(6,1,2,5,4,0,3) : 1
(6,1,3) : 1
(6,1,3,0,2,4,5) : 2
(6,1,3,2) : 1
(6,1,3,2,0,4,5) : 2
(6,1,3,2,0,5,4) : 1
(6,1,3,2,4,0,5) : 1
(6,1,3,4,0,2,5) : 2
(6,1,3,4,2,0,5) : 2
(6,1,3,4,2,5,0) : 1
(6,1,3,4,5,0,2) : 2
(6,1,3,4,5,2,0) : 1
(6,1,4,0,2,3,5) : 3
(6,1,4,0,2,5,3) : 1
(6,1,4,0,3,5,2) : 1
(6,1,4,2,0,3,5) : 4
(6,1,4,3,2,0,5) : 1
(6,1,4,5,0,3,2) : 1
(6,1,4,5,3,2,0) : 1
(6,1,5,0,2,3,4) : 1
(6,1,5,0,4,3,2) : 1
(6,1,5,2,0,4,3) : 1
(6,2) : 34
(6,2,0) : 22
(6,2,0,1,3,4,5) : 13
(6,2,0,1,4,3,5) : 19
(6,2,0,1,4,5,3) : 14
(6,2,0,1,5,3,4) : 2
(6,2,0,1,5,4,3) : 4
(6,2,0,3) : 1
(6,2,0,3,1,4,5) : 5
(6,2,0,3,1,5,4) : 1
(6,2,0,3,4,1,5) : 4
(6,2,0,3,4,5,1) : 3
(6,2,0,3,5,1,4) : 1
(6,2,0,3,5,4,1) : 1
(6,2,0,4,1,3,5) : 8
(6,2,0,4,1,5,3) : 10
(6,2,0,4,3,1) : 1
(6,2,0,4,3,1,5) : 4
(6,2,0,4,5,1) : 1
(6,2,0,4,5,1,3) : 1
(6,2,0,4,5,3) : 1
(6,2,0,4,5,3,1) : 1
(6,2,0,5,1,4,3) : 1
(6,2,0,5,3,4,1) : 2
(6,2,0,5,4,1,3) : 1
(6,2,0,5,4,3,1) : 1
(6,2,1,0) : 4
(6,2,1,0,3) : 1
(6,2,1,0,3,4,5) : 6
(6,2,1,0,4,3,5) : 8
(6,2,1,0,4,5,3) : 1
(6,2,1,3) : 1
(6,2,1,3,0,4,5) : 1
(6,2,1,3,4,0,5) : 1
(6,2,1,3,4,5,0) : 1
(6,2,1,4,0,3,5) : 3
(6,2,1,4,0,5,3) : 1
(6,2,1,4,3,5) : 2
(6,2,1,4,5,0,3) : 4
(6,2,1,4,5,3,0) : 3
(6,2,1,5,0,4,3) : 1
(6,2,1,5,4,0,3) : 1
(6,2,3) : 5
(6,2,3,0) : 2
(6,2,3,4) : 1
(6,2,3,4,0,1,5) : 1
(6,2,3,4,0,5,1) : 1
(6,2,3,4,1,0,5) : 3
(6,2,3,4,5,1,0) : 2
(6,2,3,5,4,0,1) : 1
(6,2,3,5,4,1,0) : 2
(6,2,4) : 3
(6,2,4,0) : 2
(6,2,4,0,1,3,5) : 4
(6,2,4,0,1,5,3) : 5
(6,2,4,0,3,1,5) : 4
(6,2,4,0,5,3,1) : 1
(6,2,4,1,0) : 1
(6,2,4,1,0,3,5) : 3
(6,2,4,1,0,5) : 1
(6,2,4,1,0,5,3) : 2
(6,2,4,1,3,0,5) : 1
(6,2,4,1,5,0,3) : 1
(6,2,4,3,0,1,5) : 3
(6,2,4,3,0,5,1) : 1
(6,2,4,3,5,0,1) : 2
(6,2,4,3,5,1,0) : 1
(6,2,4,5,1,0,3) : 3
(6,2,4,5,1,3,0) : 1
(6,2,4,5,3,0,1) : 2
(6,2,4,5,3,1,0) : 1
(6,2,5) : 1
(6,2,5,0,1,3,4) : 1
(6,2,5,0,1,4,3) : 1
(6,2,5,0,4,1,3) : 3
(6,2,5,1,4,3,0) : 1
(6,2,5,3,0,1,4) : 1
(6,2,5,3,4,0,1) : 1
(6,2,5,4) : 1
(6,2,5,4,0,1,3) : 1
(6,2,5,4,1,0,3) : 2
(6,2,5,4,3,1,0) : 2
(6,3) : 93
(6,3,0) : 49
(6,3,0,1,2) : 1
(6,3,0,1,2,4,5) : 42
(6,3,0,1,2,5,4) : 5
(6,3,0,1,4,2,5) : 7
(6,3,0,1,4,5) : 1
(6,3,0,1,4,5,2) : 2
(6,3,0,1,5,2,4) : 2
(6,3,0,1,5,4,2) : 3
(6,3,0,2,1,4,5) : 30
(6,3,0,2,1,5,4) : 2
(6,3,0,2,4) : 1
(6,3,0,2,4,1,5) : 17
(6,3,0,2,4,5,1) : 5
(6,3,0,2,5,1,4) : 2
(6,3,0,2,5,4,1) : 2
(6,3,0,4,1,2,5) : 9
(6,3,0,4,1,5,2) : 1
(6,3,0,4,2,1,5) : 12
(6,3,0,4,2,5,1) : 3
(6,3,0,4,5) : 2
(6,3,0,4,5,1) : 1
(6,3,0,4,5,1,2) : 2
(6,3,0,4,5,2) : 1
(6,3,0,4,5,2,1) : 4
(6,3,0,5) : 1
(6,3,0,5,1,2,4) : 1
(6,3,0,5,2,1,4) : 2
(6,3,0,5,2,4,1) : 1
(6,3,0,5,4,1,2) : 1
(6,3,0,5,4,2,1) : 4
(6,3,1,0,2,4,5) : 6
(6,3,1,0,4,2,5) : 1
(6,3,1,0,4,5,2) : 2
(6,3,1,0,5,2,4) : 1
(6,3,1,2,4,0,5) : 1
(6,3,1,2,4,5) : 2
(6,3,1,2,4,5,0) : 5
(6,3,1,2,5,0,4) : 1
(6,3,1,2,5,4,0) : 1
(6,3,1,4,0,2,5) : 1
(6,3,1,4,2,0,5) : 1
(6,3,1,4,2,5,0) : 2
(6,3,1,4,5,0,2) : 1
(6,3,1,4,5,2,0) : 4
(6,3,1,5,2,4,0) : 1
(6,3,1,5,4,2,0) : 2
(6,3,2) : 7
(6,3,2,0,1,4,5) : 3
(6,3,2,0,1,5,4) : 1
(6,3,2,0,4,1,5) : 2
(6,3,2,1,0,4,5) : 8
(6,3,2,1,0,5,4) : 1
(6,3,2,1,4,0,5) : 3
(6,3,2,1,4,5,0) : 3
(6,3,2,1,5,4,0) : 1
(6,3,2,4,0,1,5) : 3
(6,3,2,4,0,5,1) : 1
(6,3,2,4,1,0,5) : 1
(6,3,2,4,1,5,0) : 1
(6,3,2,4,5) : 1
(6,3,2,4,5,1,0) : 1
(6,3,2,5,0,4,1) : 1
(6,3,2,5,1,4,0) : 1
(6,3,2,5,4,0,1) : 1
(6,3,4,0,1,2,5) : 2
(6,3,4,0,1,5,2) : 1
(6,3,4,0,2,1,5) : 2
(6,3,4,0,2,5,1) : 1
(6,3,4,0,5,1,2) : 1
(6,3,4,0,5,2,1) : 1
(6,3,4,1,0,2,5) : 1
(6,3,4,1,2,0,5) : 2
(6,3,4,1,2,5) : 1
(6,3,4,1,2,5,0) : 4
(6,3,4,1,5,2,0) : 3
(6,3,4,2,0,1,5) : 1
(6,3,4,2,0,5,1) : 4
(6,3,4,2,1,0,5) : 3
(6,3,4,2,1,5,0) : 3
(6,3,4,2,5,0,1) : 1
(6,3,4,2,5,1,0) : 3
(6,3,4,5,0,1,2) : 1
(6,3,4,5,0,2,1) : 1
(6,3,4,5,1,0,2) : 1
(6,3,4,5,1,2,0) : 1
(6,3,4,5,2) : 1
(6,3,4,5,2,0,1) : 2
(6,3,4,5,2,1,0) : 9
(6,3,5) : 4
(6,3,5,0) : 1
(6,3,5,0,1,2,4) : 3
(6,3,5,0,2,1,4) : 1
(6,3,5,0,2,4,1) : 1
(6,3,5,0,4,2,1) : 2
(6,3,5,1,2,4,0) : 2
(6,3,5,1,4,2,0) : 2
(6,3,5,2,0,4,1) : 2
(6,3,5,2,4,0,1) : 2
(6,3,5,2,4,1,0) : 4
(6,3,5,4,0,2,1) : 2
(6,3,5,4,1,2,0) : 2
(6,3,5,4,2) : 1
(6,3,5,4,2,1,0) : 7
(6,4) : 26
(6,4,0) : 9
(6,4,0,1,2,3,5) : 10
(6,4,0,1,2,5,3) : 5
(6,4,0,1,3,2,5) : 2
(6,4,0,1,5,2,3) : 1
(6,4,0,1,5,3,2) : 1
(6,4,0,2) : 2
(6,4,0,2,1,3,5) : 5
(6,4,0,2,3,1,5) : 2
(6,4,0,2,5,1,3) : 6
(6,4,0,3,1,2,5) : 1
(6,4,0,3,1,5,2) : 1
(6,4,0,3,2,1,5) : 4
(6,4,0,3,5,2,1) : 2
(6,4,0,5,2,1,3) : 1
(6,4,0,5,2,3,1) : 1
(6,4,1) : 2
(6,4,1,0) : 1
(6,4,1,0,2,3,5) : 4
(6,4,1,0,2,5,3) : 3
(6,4,1,0,3,2,5) : 2
(6,4,1,2,0,5,3) : 1
(6,4,1,2,3,0,5) : 1
(6,4,1,2,3,5,0) : 1
(6,4,1,2,5,0,3) : 3
(6,4,1,3,5,0) : 1
(6,4,1,5,2,0,3) : 1
(6,4,2) : 2
(6,4,2,0) : 3
(6,4,2,0,1,3,5) : 3
(6,4,2,0,1,5,3) : 4
(6,4,2,0,3,1,5) : 3
(6,4,2,0,3,5,1) : 4
(6,4,2,0,5,1,3) : 2
(6,4,2,0,5,3,1) : 4
(6,4,2,1,0,3,5) : 7
(6,4,2,1,0,5) : 1
(6,4,2,1,0,5,3) : 3
(6,4,2,1,3,0,5) : 3
(6,4,2,1,5,0,3) : 2
(6,4,2,1,5,3,0) : 4
(6,4,2,3,0,1,5) : 2
(6,4,2,3,0,5,1) : 1
(6,4,2,3,1,0,5) : 1
(6,4,2,3,5,0,1) : 1
(6,4,2,3,5,1,0) : 1
(6,4,2,5,0,1,3) : 2
(6,4,2,5,0,3,1) : 2
(6,4,2,5,3,0,1) : 3
(6,4,3,0,1,2,5) : 2
(6,4,3,0,2,1,5) : 1
(6,4,3,0,5,2,1) : 1
(6,4,3,2,0,1) : 1
(6,4,3,2,0,5,1) : 1
(6,4,3,2,1,0,5) : 6
(6,4,3,2,1,5,0) : 2
(6,4,3,2,5,0,1) : 3
(6,4,3,2,5,1,0) : 3
(6,4,3,5,0,1,2) : 1
(6,4,3,5,0,2,1) : 1
(6,4,3,5,2,1,0) : 1
(6,4,5) : 1
(6,4,5,0,1,2,3) : 1
(6,4,5,0,2,1,3) : 1
(6,4,5,0,3,1,2) : 1
(6,4,5,0,3,2,1) : 2
(6,4,5,1,2,3,0) : 2
(6,4,5,2,0,1,3) : 1
(6,4,5,2,0,3,1) : 1
(6,4,5,2,1,0,3) : 3
(6,4,5,2,1,3,0) : 1
(6,4,5,2,3,1,0) : 1
(6,4,5,3,0,2,1) : 1
(6,4,5,3,2,0,1) : 1
(6,4,5,3,2,1,0) : 2
(6,5) : 19
(6,5,0) : 2
(6,5,0,1) : 1
(6,5,0,1,2,3) : 1
(6,5,0,1,2,3,4) : 2
(6,5,0,1,2,4,3) : 4
(6,5,0,1,3,4,2) : 1
(6,5,0,1,4,2,3) : 1
(6,5,0,1,4,3,2) : 1
(6,5,0,2,1,3,4) : 1
(6,5,0,2,1,4,3) : 3
(6,5,0,2,3,4,1) : 1
(6,5,0,2,4,1,3) : 3
(6,5,0,2,4,3,1) : 1
(6,5,0,3) : 4
(6,5,0,3,1,4,2) : 1
(6,5,0,3,2,4,1) : 1
(6,5,0,3,4,1,2) : 2
(6,5,0,4,2,1,3) : 3
(6,5,0,4,3,1,2) : 1
(6,5,1) : 1
(6,5,1,3,0,2,4) : 1
(6,5,2,0) : 2
(6,5,2,0,1,3,4) : 1
(6,5,2,0,1,4,3) : 1
(6,5,2,0,3,4,1) : 2
(6,5,2,0,4,1,3) : 2
(6,5,2,1,0,3,4) : 2
(6,5,2,1,0,4,3) : 3
(6,5,2,1,4,0,3) : 1
(6,5,2,3,1,0,4) : 1
(6,5,2,3,4,0,1) : 1
(6,5,2,3,4,1,0) : 2
(6,5,2,4) : 1
(6,5,2,4,1,0,3) : 1
(6,5,2,4,1,3,0) : 1
(6,5,2,4,3,0,1) : 1
(6,5,3) : 2
(6,5,3,0) : 1
(6,5,3,0,2,1,4) : 2
(6,5,3,0,2,4,1) : 1
(6,5,3,1,2,4,0) : 3
(6,5,3,2,0,1,4) : 1
(6,5,3,2,1,4,0) : 1
(6,5,3,4,1,2,0) : 1
(6,5,3,4,2,1,0) : 3
(6,5,4) : 3
(6,5,4,0) : 1
(6,5,4,0,1,2) : 1
(6,5,4,0,1,2,3) : 1
(6,5,4,1,0,3,2) : 1
(6,5,4,1,2,3,0) : 1
(6,5,4,1,3,2,0) : 1
(6,5,4,2,0,1,3) : 4
(6,5,4,2,0,3,1) : 1
(6,5,4,2,1) : 1
(6,5,4,2,1,0,3) : 11
(6,5,4,2,3,0,1) : 1
(6,5,4,2,3,1,0) : 1
(6,5,4,3,0,1,2) : 1
(6,5,4,3,2) : 1
(6,5,4,3,2,0,1) : 1
(6,5,4,3,2,1) : 1
(6,5,4,3,2,1,0) : 64
