0, 1, 2, 3, 4
CDP,GRN,LAB,LIB,NLT
-+-+-+-+-
() : 106
(0) : 1343
(0,1) : 26
(0,1,2) : 4
(0,1,2,3) : 2
(0,1,2,3,4) : 102
(0,1,2,4,3) : 10
(0,1,3) : 2
(0,1,3,2,4) : 11
(0,1,3,4,2) : 8
(0,1,4,2,3) : 6
(0,1,4,3,2) : 8
(0,2) : 91
(0,2,1) : 5
(0,2,1,3,4) : 30
(0,2,1,4,3) : 19
(0,2,3) : 11
(0,2,3,1,4) : 33
(0,2,3,4,1) : 18
(0,2,4) : 3
(0,2,4,1,3) : 16
(0,2,4,3) : 1
(0,2,4,3,1) : 11
(0,3) : 273
(0,3,1) : 1
(0,3,1,2) : 1
(0,3,1,2,4) : 25
(0,3,1,4,2) : 14
(0,3,2) : 12
(0,3,2,1,4) : 73
(0,3,2,4) : 1
(0,3,2,4,1) : 116
(0,3,4) : 12
(0,3,4,1,2) : 31
(0,3,4,2) : 1
(0,3,4,2,1) : 125
(0,4) : 9
(0,4,1) : 1
(0,4,1,2,3) : 14
(0,4,1,3,2) : 5
(0,4,2,1,3) : 8
(0,4,2,3,1) : 11
(0,4,3) : 2
(0,4,3,1,2) : 5
(0,4,3,2) : 1
(0,4,3,2,1) : 21
(1) : 1266
(1,0) : 8
(1,0,2) : 3
(1,0,2,3,4) : 39
(1,0,2,4,3) : 18
(1,0,3) : 1
(1,0,3,2) : 1
(1,0,3,2,4) : 6
(1,0,3,4,2) : 1
(1,0,4) : 3
(1,0,4,2,3) : 10
(1,0,4,3,2) : 10
(1,2) : 267
(1,2,0) : 1
(1,2,0,3) : 1
(1,2,0,3,4) : 27
(1,2,0,4,3) : 34
(1,2,3) : 22
(1,2,3,0,4) : 51
(1,2,3,4) : 2
(1,2,3,4,0) : 195
(1,2,4) : 8
(1,2,4,0,3) : 85
(1,2,4,3) : 2
(1,2,4,3,0) : 181
(1,3) : 41
(1,3,0) : 1
(1,3,0,2,4) : 7
(1,3,0,4,2) : 7
(1,3,2) : 15
(1,3,2,0) : 1
(1,3,2,0,4) : 26
(1,3,2,4) : 1
(1,3,2,4,0) : 68
(1,3,4) : 2
(1,3,4,0,2) : 7
(1,3,4,2,0) : 16
(1,4) : 12
(1,4,0,2,3) : 18
(1,4,0,3,2) : 4
(1,4,2) : 2
(1,4,2,0,3) : 12
(1,4,2,3,0) : 36
(1,4,3) : 1
(1,4,3,0,2) : 4
(1,4,3,2) : 2
(1,4,3,2,0) : 15
(2) : 10243
(2,0) : 97
(2,0,1) : 7
(2,0,1,3) : 1
(2,0,1,3,4) : 99
(2,0,1,4) : 2
(2,0,1,4,3) : 133
(2,0,3) : 8
(2,0,3,1) : 2
(2,0,3,1,4) : 58
(2,0,3,4,1) : 27
(2,0,4) : 3
(2,0,4,1) : 3
(2,0,4,1,3) : 51
(2,0,4,3,1) : 27
(2,1) : 504
(2,1,0) : 13
(2,1,0,3) : 2
(2,1,0,3,4) : 157
(2,1,0,4) : 2
(2,1,0,4,3) : 289
(2,1,3) : 58
(2,1,3,0) : 1
(2,1,3,0,4) : 125
(2,1,3,4) : 6
(2,1,3,4,0) : 301
(2,1,4) : 22
(2,1,4,0) : 5
(2,1,4,0,3) : 403
(2,1,4,3) : 5
(2,1,4,3,0) : 290
(2,3) : 339
(2,3,0) : 8
(2,3,0,1) : 4
(2,3,0,1,4) : 116
(2,3,0,4,1) : 36
(2,3,1) : 59
(2,3,1,0) : 1
(2,3,1,0,4) : 214
(2,3,1,4) : 6
(2,3,1,4,0) : 231
(2,3,4) : 8
(2,3,4,0) : 1
(2,3,4,0,1) : 58
(2,3,4,1) : 1
(2,3,4,1,0) : 220
(2,4) : 89
(2,4,0,1,3) : 97
(2,4,0,3,1) : 22
(2,4,1) : 9
(2,4,1,0) : 1
(2,4,1,0,3) : 154
(2,4,1,3) : 3
(2,4,1,3,0) : 77
(2,4,3) : 4
(2,4,3,0,1) : 30
(2,4,3,1) : 1
(2,4,3,1,0) : 83
(3) : 19944
(3,0) : 579
(3,0,1) : 4
(3,0,1,2) : 4
(3,0,1,2,4) : 169
(3,0,1,4,2) : 104
(3,0,2) : 15
(3,0,2,1,4) : 181
(3,0,2,4,1) : 160
(3,0,4) : 16
(3,0,4,1,2) : 176
(3,0,4,2) : 2
(3,0,4,2,1) : 276
(3,1) : 291
(3,1,0) : 9
(3,1,0,2) : 1
(3,1,0,2,4) : 95
(3,1,0,4,2) : 72
(3,1,2) : 32
(3,1,2,0) : 1
(3,1,2,0,4) : 125
(3,1,2,4) : 6
(3,1,2,4,0) : 199
(3,1,4) : 4
(3,1,4,0,2) : 76
(3,1,4,2) : 3
(3,1,4,2,0) : 97
(3,2) : 545
(3,2,0) : 17
(3,2,0,1) : 5
(3,2,0,1,4) : 181
(3,2,0,4) : 1
(3,2,0,4,1) : 103
(3,2,1) : 96
(3,2,1,0) : 7
(3,2,1,0,4) : 418
(3,2,1,4) : 10
(3,2,1,4,0) : 390
(3,2,4) : 18
(3,2,4,0) : 1
(3,2,4,0,1) : 131
(3,2,4,1) : 8
(3,2,4,1,0) : 238
(3,4) : 149
(3,4,0) : 6
(3,4,0,1) : 4
(3,4,0,1,2) : 256
(3,4,0,2,1) : 128
(3,4,1) : 11
(3,4,1,0,2) : 105
(3,4,1,2) : 1
(3,4,1,2,0) : 104
(3,4,2) : 10
(3,4,2,0,1) : 102
(3,4,2,1) : 6
(3,4,2,1,0) : 224
(4) : 773
(4,0) : 6
(4,0,1) : 4
(4,0,1,2,3) : 13
(4,0,1,3,2) : 6
(4,0,2,1,3) : 4
(4,0,2,3,1) : 9
(4,0,3,1,2) : 2
(4,0,3,2,1) : 7
(4,1) : 15
(4,1,0) : 1
(4,1,0,2,3) : 12
(4,1,0,3,2) : 5
(4,1,2) : 3
(4,1,2,0,3) : 6
(4,1,2,3) : 1
(4,1,2,3,0) : 20
(4,1,3) : 1
(4,1,3,2,0) : 6
(4,2) : 24
(4,2,0) : 1
(4,2,0,1) : 1
(4,2,0,1,3) : 8
(4,2,0,3) : 1
(4,2,0,3,1) : 6
(4,2,1) : 3
(4,2,1,0,3) : 21
(4,2,1,3) : 1
(4,2,1,3,0) : 21
(4,2,3) : 1
(4,2,3,0,1) : 9
(4,2,3,1) : 1
(4,2,3,1,0) : 24
(4,3) : 24
(4,3,0) : 1
(4,3,0,1,2) : 7
(4,3,0,2,1) : 5
(4,3,1) : 4
(4,3,1,0,2) : 5
(4,3,1,2,0) : 18
(4,3,2) : 4
(4,3,2,0,1) : 13
(4,3,2,1) : 1
(4,3,2,1,0) : 53
