0, 1, 2, 3, 4
LIB,NLT,GRN,LAB,CDP
-+-+-+-+-
() : 100
(0) : 19281
(0,1) : 147
(0,1,2) : 10
(0,1,2,3) : 6
(0,1,2,3,4) : 398
(0,1,2,4) : 1
(0,1,2,4,3) : 122
(0,1,3) : 10
(0,1,3,2) : 1
(0,1,3,2,4) : 135
(0,1,3,4) : 1
(0,1,3,4,2) : 89
(0,1,4) : 14
(0,1,4,2,3) : 168
(0,1,4,3,2) : 144
(0,2) : 146
(0,2,1) : 7
(0,2,1,3) : 2
(0,2,1,3,4) : 139
(0,2,1,4) : 3
(0,2,1,4,3) : 82
(0,2,3) : 28
(0,2,3,1) : 3
(0,2,3,1,4) : 225
(0,2,3,4,1) : 122
(0,2,4) : 6
(0,2,4,1,3) : 49
(0,2,4,3,1) : 52
(0,3) : 364
(0,3,1) : 18
(0,3,1,2) : 2
(0,3,1,2,4) : 234
(0,3,1,4) : 1
(0,3,1,4,2) : 117
(0,3,2) : 75
(0,3,2,1) : 6
(0,3,2,1,4) : 442
(0,3,2,4,1) : 187
(0,3,4) : 3
(0,3,4,1,2) : 132
(0,3,4,2) : 1
(0,3,4,2,1) : 159
(0,4) : 331
(0,4,1) : 11
(0,4,1,2) : 1
(0,4,1,2,3) : 242
(0,4,1,3) : 1
(0,4,1,3,2) : 297
(0,4,2) : 2
(0,4,2,1,3) : 74
(0,4,2,3) : 2
(0,4,2,3,1) : 78
(0,4,3) : 12
(0,4,3,1,2) : 190
(0,4,3,2,1) : 238
(1) : 548
(1,0) : 28
(1,0,2) : 3
(1,0,2,3) : 1
(1,0,2,3,4) : 35
(1,0,2,4,3) : 5
(1,0,3) : 1
(1,0,3,2) : 2
(1,0,3,2,4) : 24
(1,0,3,4,2) : 11
(1,0,4) : 1
(1,0,4,2,3) : 6
(1,0,4,3,2) : 11
(1,2) : 17
(1,2,0,3,4) : 13
(1,2,0,4,3) : 2
(1,2,3) : 2
(1,2,3,0) : 1
(1,2,3,0,4) : 20
(1,2,3,4) : 1
(1,2,3,4,0) : 18
(1,2,4,0,3) : 2
(1,2,4,3,0) : 10
(1,3) : 18
(1,3,0) : 3
(1,3,0,2) : 1
(1,3,0,2,4) : 16
(1,3,0,4,2) : 7
(1,3,2) : 4
(1,3,2,0,4) : 12
(1,3,2,4,0) : 20
(1,3,4,0,2) : 6
(1,3,4,2,0) : 5
(1,4) : 8
(1,4,0,2,3) : 2
(1,4,0,3,2) : 11
(1,4,2,0,3) : 1
(1,4,2,3,0) : 13
(1,4,3,0,2) : 2
(1,4,3,2,0) : 3
(2) : 1435
(2,0) : 38
(2,0,1,3) : 1
(2,0,1,3,4) : 26
(2,0,1,4,3) : 10
(2,0,3) : 20
(2,0,3,1) : 1
(2,0,3,1,4) : 85
(2,0,3,4) : 2
(2,0,3,4,1) : 28
(2,0,4) : 1
(2,0,4,1,3) : 7
(2,0,4,3,1) : 9
(2,1) : 25
(2,1,0) : 1
(2,1,0,3,4) : 38
(2,1,0,4,3) : 4
(2,1,3) : 3
(2,1,3,0) : 1
(2,1,3,0,4) : 37
(2,1,3,4) : 1
(2,1,3,4,0) : 21
(2,1,4,0,3) : 5
(2,1,4,3,0) : 30
(2,3) : 487
(2,3,0) : 40
(2,3,0,1) : 1
(2,3,0,1,4) : 351
(2,3,0,4,1) : 74
(2,3,1) : 14
(2,3,1,0) : 2
(2,3,1,0,4) : 327
(2,3,1,4) : 1
(2,3,1,4,0) : 256
(2,3,4) : 4
(2,3,4,0) : 2
(2,3,4,0,1) : 29
(2,3,4,1,0) : 90
(2,4) : 12
(2,4,0,1,3) : 6
(2,4,0,3,1) : 11
(2,4,1) : 1
(2,4,1,0,3) : 14
(2,4,1,3,0) : 11
(2,4,3) : 1
(2,4,3,0,1) : 4
(2,4,3,1,0) : 9
(3) : 8048
(3,0) : 245
(3,0,1) : 3
(3,0,1,2) : 2
(3,0,1,2,4) : 260
(3,0,1,4,2) : 75
(3,0,2) : 39
(3,0,2,1) : 4
(3,0,2,1,4) : 270
(3,0,2,4) : 1
(3,0,2,4,1) : 112
(3,0,4) : 5
(3,0,4,1,2) : 49
(3,0,4,2,1) : 62
(3,1) : 90
(3,1,0) : 3
(3,1,0,2) : 3
(3,1,0,2,4) : 72
(3,1,0,4,2) : 33
(3,1,2) : 14
(3,1,2,0) : 3
(3,1,2,0,4) : 119
(3,1,2,4) : 4
(3,1,2,4,0) : 224
(3,1,4) : 1
(3,1,4,0) : 1
(3,1,4,0,2) : 25
(3,1,4,2,0) : 84
(3,2) : 487
(3,2,0) : 63
(3,2,0,1) : 3
(3,2,0,1,4) : 547
(3,2,0,4) : 1
(3,2,0,4,1) : 116
(3,2,1) : 52
(3,2,1,0) : 34
(3,2,1,0,4) : 4211
(3,2,1,4) : 7
(3,2,1,4,0) : 1214
(3,2,4) : 8
(3,2,4,0) : 2
(3,2,4,0,1) : 69
(3,2,4,1) : 4
(3,2,4,1,0) : 346
(3,4) : 49
(3,4,0) : 3
(3,4,0,1) : 1
(3,4,0,1,2) : 42
(3,4,0,2) : 1
(3,4,0,2,1) : 35
(3,4,1) : 2
(3,4,1,0,2) : 31
(3,4,1,2,0) : 85
(3,4,2) : 5
(3,4,2,0,1) : 46
(3,4,2,1,0) : 216
(4) : 694
(4,0) : 233
(4,0,1) : 6
(4,0,1,2,3) : 36
(4,0,1,3,2) : 96
(4,0,2) : 2
(4,0,2,1,3) : 10
(4,0,2,3,1) : 14
(4,0,3) : 11
(4,0,3,1,2) : 105
(4,0,3,2,1) : 54
(4,1) : 6
(4,1,0) : 2
(4,1,0,2,3) : 7
(4,1,0,3,2) : 15
(4,1,2,0,3) : 6
(4,1,2,3,0) : 10
(4,1,3) : 1
(4,1,3,0,2) : 5
(4,1,3,2,0) : 11
(4,2) : 3
(4,2,0,1,3) : 2
(4,2,0,3,1) : 6
(4,2,1) : 1
(4,2,1,0,3) : 8
(4,2,1,3,0) : 10
(4,2,3,0,1) : 8
(4,2,3,1,0) : 13
(4,3) : 22
(4,3,0) : 6
(4,3,0,1) : 1
(4,3,0,1,2) : 23
(4,3,0,2,1) : 24
(4,3,1,0,2) : 8
(4,3,1,2,0) : 10
(4,3,2) : 2
(4,3,2,0,1) : 11
(4,3,2,1,0) : 25
