0, 1, 2, 3, 4
LIB,NLT,LAB,GRN,LIB
-+-+-+-+-
() : 204
(0) : 2691
(0,1) : 41
(0,1,2) : 15
(0,1,2,3) : 7
(0,1,2,3,4) : 330
(0,1,2,4) : 3
(0,1,2,4,3) : 40
(0,1,3) : 2
(0,1,3,2) : 2
(0,1,3,2,4) : 33
(0,1,3,4) : 3
(0,1,3,4,2) : 19
(0,1,4) : 7
(0,1,4,2,3) : 41
(0,1,4,3,2) : 26
(0,2) : 133
(0,2,1) : 8
(0,2,1,3) : 2
(0,2,1,3,4) : 122
(0,2,1,4) : 1
(0,2,1,4,3) : 33
(0,2,3) : 2
(0,2,3,1) : 2
(0,2,3,1,4) : 44
(0,2,3,4) : 1
(0,2,3,4,1) : 32
(0,2,4) : 9
(0,2,4,1,3) : 47
(0,2,4,3,1) : 52
(0,3) : 18
(0,3,1,2) : 1
(0,3,1,2,4) : 15
(0,3,1,4,2) : 8
(0,3,2) : 1
(0,3,2,1) : 1
(0,3,2,1,4) : 23
(0,3,2,4,1) : 11
(0,3,4,1) : 1
(0,3,4,1,2) : 5
(0,3,4,2,1) : 6
(0,4) : 489
(0,4,1) : 7
(0,4,1,2) : 2
(0,4,1,2,3) : 185
(0,4,1,3,2) : 59
(0,4,2) : 13
(0,4,2,1,3) : 112
(0,4,2,3) : 1
(0,4,2,3,1) : 74
(0,4,3,1,2) : 36
(0,4,3,2,1) : 37
(1) : 870
(1,0) : 21
(1,0,2) : 1
(1,0,2,3,4) : 42
(1,0,2,4) : 1
(1,0,2,4,3) : 16
(1,0,3) : 3
(1,0,3,2,4) : 24
(1,0,3,4,2) : 14
(1,0,4,2,3) : 21
(1,0,4,3,2) : 2
(1,2) : 47
(1,2,0,3) : 3
(1,2,0,3,4) : 14
(1,2,0,4) : 1
(1,2,0,4,3) : 14
(1,2,3) : 3
(1,2,3,0,4) : 19
(1,2,3,4) : 2
(1,2,3,4,0) : 28
(1,2,4) : 4
(1,2,4,0) : 1
(1,2,4,0,3) : 17
(1,2,4,3) : 3
(1,2,4,3,0) : 24
(1,3) : 16
(1,3,0) : 1
(1,3,0,2,4) : 13
(1,3,0,4,2) : 3
(1,3,2) : 6
(1,3,2,0,4) : 15
(1,3,2,4) : 1
(1,3,2,4,0) : 25
(1,3,4) : 1
(1,3,4,0,2) : 3
(1,3,4,2,0) : 7
(1,4) : 28
(1,4,0) : 1
(1,4,0,2,3) : 13
(1,4,0,3,2) : 6
(1,4,2) : 4
(1,4,2,0,3) : 12
(1,4,2,3,0) : 15
(1,4,3) : 1
(1,4,3,0,2) : 5
(1,4,3,2,0) : 14
(2) : 12935
(2,0) : 151
(2,0,1) : 11
(2,0,1,3) : 3
(2,0,1,3,4) : 363
(2,0,1,4) : 1
(2,0,1,4,3) : 69
(2,0,3) : 18
(2,0,3,1) : 2
(2,0,3,1,4) : 162
(2,0,3,4) : 4
(2,0,3,4,1) : 86
(2,0,4) : 14
(2,0,4,1,3) : 70
(2,0,4,3,1) : 79
(2,1) : 116
(2,1,0) : 5
(2,1,0,3) : 5
(2,1,0,3,4) : 328
(2,1,0,4,3) : 57
(2,1,3) : 22
(2,1,3,0) : 3
(2,1,3,0,4) : 219
(2,1,3,4) : 2
(2,1,3,4,0) : 191
(2,1,4) : 8
(2,1,4,0,3) : 38
(2,1,4,3) : 2
(2,1,4,3,0) : 73
(2,3) : 859
(2,3,0) : 26
(2,3,0,1) : 12
(2,3,0,1,4) : 3843
(2,3,0,4) : 3
(2,3,0,4,1) : 96
(2,3,1) : 57
(2,3,1,0) : 15
(2,3,1,0,4) : 827
(2,3,1,4) : 8
(2,3,1,4,0) : 585
(2,3,4) : 69
(2,3,4,0) : 2
(2,3,4,0,1) : 282
(2,3,4,1) : 5
(2,3,4,1,0) : 847
(2,4) : 231
(2,4,0) : 5
(2,4,0,1) : 2
(2,4,0,1,3) : 140
(2,4,0,3) : 1
(2,4,0,3,1) : 62
(2,4,1) : 7
(2,4,1,0) : 2
(2,4,1,0,3) : 112
(2,4,1,3) : 1
(2,4,1,3,0) : 127
(2,4,3) : 39
(2,4,3,0) : 3
(2,4,3,0,1) : 168
(2,4,3,1) : 9
(2,4,3,1,0) : 447
(3) : 1822
(3,0) : 10
(3,0,1,2) : 2
(3,0,1,2,4) : 15
(3,0,1,4) : 1
(3,0,1,4,2) : 10
(3,0,2) : 2
(3,0,2,1,4) : 11
(3,0,2,4) : 1
(3,0,2,4,1) : 9
(3,0,4) : 1
(3,0,4,1) : 1
(3,0,4,1,2) : 2
(3,0,4,2,1) : 9
(3,1) : 25
(3,1,0) : 4
(3,1,0,2) : 1
(3,1,0,2,4) : 40
(3,1,0,4,2) : 18
(3,1,2) : 6
(3,1,2,0,4) : 28
(3,1,2,4,0) : 45
(3,1,4) : 2
(3,1,4,0,2) : 3
(3,1,4,2,0) : 16
(3,2) : 428
(3,2,0) : 7
(3,2,0,1,4) : 105
(3,2,0,4) : 1
(3,2,0,4,1) : 25
(3,2,1) : 22
(3,2,1,0) : 2
(3,2,1,0,4) : 266
(3,2,1,4) : 1
(3,2,1,4,0) : 424
(3,2,4) : 21
(3,2,4,0,1) : 72
(3,2,4,1) : 1
(3,2,4,1,0) : 905
(3,4) : 36
(3,4,0) : 1
(3,4,0,1,2) : 17
(3,4,0,2,1) : 2
(3,4,1) : 1
(3,4,1,0,2) : 17
(3,4,1,2) : 1
(3,4,1,2,0) : 18
(3,4,2) : 9
(3,4,2,0,1) : 28
(3,4,2,1,0) : 114
(4) : 9143
(4,0) : 460
(4,0,1) : 10
(4,0,1,2) : 3
(4,0,1,2,3) : 363
(4,0,1,3,2) : 196
(4,0,2) : 11
(4,0,2,1) : 2
(4,0,2,1,3) : 152
(4,0,2,3) : 1
(4,0,2,3,1) : 116
(4,0,3) : 2
(4,0,3,1,2) : 55
(4,0,3,2,1) : 37
(4,1) : 98
(4,1,0) : 7
(4,1,0,2) : 1
(4,1,0,2,3) : 133
(4,1,0,3) : 2
(4,1,0,3,2) : 121
(4,1,2) : 8
(4,1,2,0) : 1
(4,1,2,0,3) : 36
(4,1,2,3) : 2
(4,1,2,3,0) : 67
(4,1,3) : 4
(4,1,3,0) : 1
(4,1,3,0,2) : 41
(4,1,3,2) : 3
(4,1,3,2,0) : 50
(4,2) : 210
(4,2,0) : 14
(4,2,0,1) : 1
(4,2,0,1,3) : 131
(4,2,0,3) : 3
(4,2,0,3,1) : 59
(4,2,1) : 5
(4,2,1,0) : 3
(4,2,1,0,3) : 137
(4,2,1,3,0) : 95
(4,2,3) : 18
(4,2,3,0,1) : 111
(4,2,3,1) : 4
(4,2,3,1,0) : 292
(4,3) : 78
(4,3,0) : 5
(4,3,0,1) : 3
(4,3,0,1,2) : 63
(4,3,0,2) : 1
(4,3,0,2,1) : 11
(4,3,1) : 4
(4,3,1,0,2) : 82
(4,3,1,2) : 3
(4,3,1,2,0) : 57
(4,3,2) : 15
(4,3,2,0) : 1
(4,3,2,0,1) : 52
(4,3,2,1) : 9
(4,3,2,1,0) : 263
