0, 1, 2, 3, 4, 5
LIB,CDP,IND,NLT,GRN,LAB
-+-+-+-+-
() : 237
(0) : 10240
(0,1) : 446
(0,1,2) : 16
(0,1,2,3) : 7
(0,1,2,3,4) : 12
(0,1,2,3,4,5) : 431
(0,1,2,3,5,4) : 47
(0,1,2,4,3,5) : 15
(0,1,2,4,5) : 1
(0,1,2,4,5,3) : 7
(0,1,2,5) : 1
(0,1,2,5,3,4) : 22
(0,1,2,5,4,3) : 23
(0,1,3) : 9
(0,1,3,2) : 1
(0,1,3,2,4) : 2
(0,1,3,2,4,5) : 81
(0,1,3,2,5,4) : 46
(0,1,3,4) : 1
(0,1,3,4,2) : 1
(0,1,3,4,2,5) : 17
(0,1,3,4,5) : 1
(0,1,3,4,5,2) : 11
(0,1,3,5,2,4) : 9
(0,1,3,5,4,2) : 19
(0,1,4) : 5
(0,1,4,2,3,5) : 20
(0,1,4,2,5,3) : 6
(0,1,4,3,2,5) : 19
(0,1,4,3,5,2) : 7
(0,1,4,5,2,3) : 2
(0,1,4,5,3) : 1
(0,1,4,5,3,2) : 11
(0,1,5) : 21
(0,1,5,2,3,4) : 51
(0,1,5,2,4,3) : 11
(0,1,5,3,2,4) : 29
(0,1,5,3,4,2) : 12
(0,1,5,4,2,3) : 16
(0,1,5,4,3) : 1
(0,1,5,4,3,2) : 30
(0,2) : 15
(0,2,1) : 1
(0,2,1,3) : 1
(0,2,1,3,4) : 1
(0,2,1,3,4,5) : 51
(0,2,1,3,5,4) : 17
(0,2,1,4,3,5) : 8
(0,2,1,4,5,3) : 8
(0,2,1,5) : 1
(0,2,1,5,3,4) : 6
(0,2,1,5,4,3) : 3
(0,2,3) : 2
(0,2,3,1,4) : 1
(0,2,3,1,4,5) : 11
(0,2,3,1,5,4) : 6
(0,2,3,4,1) : 1
(0,2,3,4,1,5) : 14
(0,2,3,4,5,1) : 10
(0,2,3,5,1,4) : 5
(0,2,3,5,4,1) : 4
(0,2,4) : 2
(0,2,4,1,3,5) : 3
(0,2,4,1,5) : 2
(0,2,4,1,5,3) : 1
(0,2,4,3,1,5) : 9
(0,2,4,3,5) : 1
(0,2,4,3,5,1) : 6
(0,2,4,5) : 1
(0,2,4,5,1) : 1
(0,2,4,5,3,1) : 5
(0,2,5) : 3
(0,2,5,1,3,4) : 1
(0,2,5,3,1,4) : 4
(0,2,5,3,4,1) : 1
(0,2,5,4,1,3) : 2
(0,2,5,4,3) : 1
(0,2,5,4,3,1) : 5
(0,3) : 59
(0,3,1) : 2
(0,3,1,2,4,5) : 34
(0,3,1,2,5,4) : 12
(0,3,1,4,2,5) : 10
(0,3,1,4,5,2) : 4
(0,3,1,5,2,4) : 4
(0,3,1,5,4,2) : 10
(0,3,2) : 2
(0,3,2,1) : 1
(0,3,2,1,4) : 1
(0,3,2,1,4,5) : 42
(0,3,2,1,5,4) : 15
(0,3,2,4,1) : 1
(0,3,2,4,1,5) : 13
(0,3,2,4,5,1) : 6
(0,3,2,5,1) : 1
(0,3,2,5,1,4) : 6
(0,3,2,5,4,1) : 8
(0,3,4) : 6
(0,3,4,1) : 1
(0,3,4,1,2,5) : 10
(0,3,4,1,5,2) : 2
(0,3,4,2,1) : 2
(0,3,4,2,1,5) : 9
(0,3,4,2,5) : 1
(0,3,4,2,5,1) : 3
(0,3,4,5) : 1
(0,3,4,5,1) : 1
(0,3,4,5,1,2) : 4
(0,3,4,5,2,1) : 10
(0,3,5) : 3
(0,3,5,1,2,4) : 4
(0,3,5,1,4,2) : 2
(0,3,5,2,1,4) : 8
(0,3,5,2,4) : 1
(0,3,5,2,4,1) : 3
(0,3,5,4,1,2) : 7
(0,3,5,4,2,1) : 17
(0,4) : 38
(0,4,1) : 1
(0,4,1,2,3,5) : 16
(0,4,1,2,5) : 1
(0,4,1,2,5,3) : 1
(0,4,1,3) : 1
(0,4,1,3,2,5) : 5
(0,4,1,5,2,3) : 1
(0,4,1,5,3,2) : 2
(0,4,2) : 1
(0,4,2,1,3,5) : 8
(0,4,2,1,5,3) : 2
(0,4,2,3,1,5) : 7
(0,4,2,3,5) : 1
(0,4,2,3,5,1) : 9
(0,4,2,5,1,3) : 3
(0,4,2,5,3,1) : 2
(0,4,3) : 4
(0,4,3,1,2) : 1
(0,4,3,1,2,5) : 11
(0,4,3,2,1,5) : 16
(0,4,3,2,5,1) : 4
(0,4,3,5) : 1
(0,4,3,5,1,2) : 3
(0,4,3,5,2,1) : 9
(0,4,5) : 14
(0,4,5,1,2) : 3
(0,4,5,1,2,3) : 13
(0,4,5,1,3,2) : 11
(0,4,5,2,1,3) : 4
(0,4,5,2,3) : 1
(0,4,5,2,3,1) : 5
(0,4,5,3,1,2) : 6
(0,4,5,3,2,1) : 28
(0,5) : 277
(0,5,1) : 11
(0,5,1,2) : 1
(0,5,1,2,3,4) : 65
(0,5,1,2,4,3) : 13
(0,5,1,3) : 3
(0,5,1,3,2,4) : 26
(0,5,1,3,4) : 1
(0,5,1,3,4,2) : 17
(0,5,1,4) : 3
(0,5,1,4,2,3) : 13
(0,5,1,4,3,2) : 24
(0,5,2) : 3
(0,5,2,1,3,4) : 16
(0,5,2,1,4,3) : 4
(0,5,2,3) : 1
(0,5,2,3,1,4) : 7
(0,5,2,3,4) : 1
(0,5,2,3,4,1) : 13
(0,5,2,4,1,3) : 4
(0,5,2,4,3,1) : 4
(0,5,3) : 10
(0,5,3,1,2,4) : 29
(0,5,3,1,4,2) : 12
(0,5,3,2,1) : 1
(0,5,3,2,1,4) : 18
(0,5,3,2,4,1) : 19
(0,5,3,4) : 2
(0,5,3,4,1) : 1
(0,5,3,4,1,2) : 13
(0,5,3,4,2) : 2
(0,5,3,4,2,1) : 41
(0,5,4) : 36
(0,5,4,1) : 1
(0,5,4,1,2,3) : 32
(0,5,4,1,3,2) : 23
(0,5,4,2,1,3) : 18
(0,5,4,2,3) : 1
(0,5,4,2,3,1) : 20
(0,5,4,3) : 3
(0,5,4,3,1,2) : 24
(0,5,4,3,2,1) : 113
(1) : 1020
(1,0) : 220
(1,0,2) : 2
(1,0,2,3,4,5) : 51
(1,0,2,3,5,4) : 16
(1,0,2,4,3,5) : 8
(1,0,2,4,5,3) : 3
(1,0,2,5,3,4) : 5
(1,0,2,5,4,3) : 3
(1,0,3) : 2
(1,0,3,2,4,5) : 16
(1,0,3,2,5,4) : 15
(1,0,3,4,2,5) : 5
(1,0,3,4,5,2) : 2
(1,0,3,5) : 2
(1,0,3,5,2,4) : 9
(1,0,3,5,4) : 1
(1,0,3,5,4,2) : 8
(1,0,4) : 1
(1,0,4,2,3,5) : 4
(1,0,4,3,2,5) : 2
(1,0,4,5,2,3) : 1
(1,0,4,5,3,2) : 5
(1,0,5) : 17
(1,0,5,2,3,4) : 24
(1,0,5,2,4,3) : 6
(1,0,5,3) : 1
(1,0,5,3,2,4) : 25
(1,0,5,3,4,2) : 14
(1,0,5,4,2,3) : 4
(1,0,5,4,3,2) : 20
(1,2) : 6
(1,2,0,3) : 1
(1,2,0,3,4,5) : 5
(1,2,0,3,5,4) : 1
(1,2,0,4,3,5) : 1
(1,2,0,4,5,3) : 1
(1,2,3) : 3
(1,2,3,0) : 1
(1,2,3,0,4,5) : 1
(1,2,3,0,5,4) : 5
(1,2,3,4,0,5) : 2
(1,2,3,4,5) : 2
(1,2,3,4,5,0) : 5
(1,2,3,5,0,4) : 1
(1,2,3,5,4,0) : 4
(1,2,4,3,0,5) : 2
(1,2,4,3,5,0) : 1
(1,2,4,5,0,3) : 1
(1,2,4,5,3) : 1
(1,2,5,3,4,0) : 1
(1,2,5,4,0,3) : 1
(1,2,5,4,3,0) : 1
(1,3) : 7
(1,3,0) : 2
(1,3,0,2,4,5) : 5
(1,3,0,2,5,4) : 1
(1,3,0,4,2,5) : 1
(1,3,0,5,2,4) : 5
(1,3,0,5,4) : 2
(1,3,0,5,4,2) : 2
(1,3,2) : 1
(1,3,2,0,4,5) : 2
(1,3,2,0,5) : 1
(1,3,2,0,5,4) : 3
(1,3,2,4,0,5) : 1
(1,3,2,4,5,0) : 3
(1,3,2,5,0,4) : 3
(1,3,2,5,4,0) : 2
(1,3,4,0,5,2) : 2
(1,3,4,2,0) : 1
(1,3,4,2,0,5) : 2
(1,3,4,2,5) : 2
(1,3,4,5) : 1
(1,3,4,5,0,2) : 2
(1,3,4,5,2,0) : 4
(1,3,5) : 1
(1,3,5,0) : 1
(1,3,5,0,2,4) : 6
(1,3,5,4,2) : 1
(1,3,5,4,2,0) : 2
(1,4) : 12
(1,4,0,2,3,5) : 1
(1,4,0,2,5,3) : 1
(1,4,2,3,0,5) : 1
(1,4,2,3,5,0) : 3
(1,4,2,5,3,0) : 2
(1,4,3) : 1
(1,4,3,0,5,2) : 1
(1,4,3,2,0,5) : 1
(1,4,3,2,5,0) : 5
(1,4,3,5,0,2) : 1
(1,4,3,5,2,0) : 5
(1,4,5,0) : 1
(1,4,5,0,2,3) : 1
(1,4,5,0,3,2) : 3
(1,4,5,3,0,2) : 1
(1,4,5,3,2,0) : 2
(1,5) : 54
(1,5,0) : 8
(1,5,0,2,3,4) : 13
(1,5,0,2,4,3) : 5
(1,5,0,3) : 1
(1,5,0,3,2,4) : 9
(1,5,0,3,4,2) : 3
(1,5,0,4,2,3) : 3
(1,5,0,4,3,2) : 3
(1,5,2,0,3,4) : 2
(1,5,2,3,4,0) : 2
(1,5,2,4,3,0) : 1
(1,5,3,0,4,2) : 2
(1,5,3,2,4,0) : 5
(1,5,3,4,0) : 2
(1,5,3,4,0,2) : 1
(1,5,3,4,2,0) : 1
(1,5,4) : 6
(1,5,4,0,2,3) : 4
(1,5,4,0,3,2) : 1
(1,5,4,2,0,3) : 2
(1,5,4,2,3,0) : 2
(1,5,4,3,2) : 1
(1,5,4,3,2,0) : 15
(2) : 316
(2,0) : 6
(2,0,1) : 1
(2,0,1,3,4) : 1
(2,0,1,3,4,5) : 6
(2,0,1,4,3) : 1
(2,0,1,4,3,5) : 1
(2,0,1,4,5,3) : 2
(2,0,1,5,3,4) : 1
(2,0,3,1,4,5) : 4
(2,0,3,1,5,4) : 1
(2,0,3,5,4,1) : 2
(2,0,4,1,3,5) : 2
(2,0,4,5,3,1) : 1
(2,0,5,1,3,4) : 1
(2,0,5,1,4,3) : 1
(2,0,5,3,4,1) : 1
(2,0,5,4,3,1) : 1
(2,1) : 2
(2,1,0,3,4,5) : 13
(2,1,0,4,3,5) : 1
(2,1,0,4,5,3) : 1
(2,1,3,0,4,5) : 1
(2,1,3,0,5,4) : 2
(2,1,3,4,0,5) : 3
(2,1,3,4,5,0) : 2
(2,1,3,5,4,0) : 1
(2,1,4,0,3) : 1
(2,1,4,0,5,3) : 1
(2,1,4,3,0,5) : 1
(2,1,5,4,0,3) : 1
(2,3) : 3
(2,3,0,1,4,5) : 4
(2,3,0,1,5,4) : 1
(2,3,0,5,4,1) : 3
(2,3,1,0) : 3
(2,3,1,0,4,5) : 4
(2,3,1,0,5,4) : 2
(2,3,1,4,0,5) : 2
(2,3,1,4,5,0) : 2
(2,3,4) : 1
(2,3,4,0,1,5) : 1
(2,3,4,0,5,1) : 1
(2,3,4,1) : 1
(2,3,4,1,0,5) : 5
(2,3,4,5,0) : 1
(2,3,4,5,0,1) : 2
(2,3,4,5,1,0) : 15
(2,3,5,0,4,1) : 1
(2,3,5,1,4,0) : 1
(2,3,5,4,0,1) : 1
(2,3,5,4,1) : 1
(2,3,5,4,1,0) : 3
(2,4) : 6
(2,4,0,5,3,1) : 1
(2,4,1) : 1
(2,4,1,0,3,5) : 1
(2,4,1,3,0) : 1
(2,4,3,0,1,5) : 1
(2,4,3,1,0,5) : 1
(2,4,3,5,0,1) : 1
(2,4,3,5,1,0) : 1
(2,4,5,0,1,3) : 4
(2,4,5,0,3,1) : 2
(2,4,5,1,0,3) : 2
(2,4,5,1,3,0) : 2
(2,4,5,3,0,1) : 1
(2,4,5,3,1,0) : 3
(2,5) : 11
(2,5,0,1,3,4) : 2
(2,5,0,1,4,3) : 1
(2,5,0,3,1,4) : 1
(2,5,0,3,4,1) : 2
(2,5,0,4,3,1) : 3
(2,5,1,3,4) : 1
(2,5,1,4,0,3) : 1
(2,5,3,0,1,4) : 1
(2,5,3,4,0,1) : 1
(2,5,3,4,1,0) : 3
(2,5,4,0,3,1) : 1
(2,5,4,1,0) : 1
(2,5,4,3,0) : 2
(2,5,4,3,0,1) : 1
(2,5,4,3,1,0) : 4
(3) : 755
(3,0) : 16
(3,0,1) : 1
(3,0,1,2,4,5) : 10
(3,0,1,2,5,4) : 2
(3,0,1,4,5,2) : 2
(3,0,1,5,2,4) : 1
(3,0,1,5,4,2) : 3
(3,0,2) : 1
(3,0,2,1,4,5) : 5
(3,0,2,1,5,4) : 1
(3,0,2,4,5) : 1
(3,0,2,4,5,1) : 2
(3,0,2,5,4,1) : 1
(3,0,4,1,5,2) : 2
(3,0,4,2,1,5) : 3
(3,0,4,5,1,2) : 2
(3,0,4,5,2,1) : 2
(3,0,5) : 6
(3,0,5,1,2,4) : 1
(3,0,5,2,1,4) : 1
(3,0,5,2,4,1) : 1
(3,0,5,4,1,2) : 2
(3,0,5,4,2,1) : 3
(3,1) : 7
(3,1,0,2,4,5) : 5
(3,1,0,2,5,4) : 1
(3,1,0,4,5) : 1
(3,1,0,5,4,2) : 2
(3,1,2,0,4,5) : 5
(3,1,2,0,5,4) : 1
(3,1,2,4,5,0) : 1
(3,1,2,5,4,0) : 1
(3,1,4) : 2
(3,1,4,2,5,0) : 1
(3,1,5) : 1
(3,1,5,4,0,2) : 1
(3,2) : 11
(3,2,0) : 1
(3,2,0,1,4,5) : 4
(3,2,0,1,5,4) : 1
(3,2,0,4,1,5) : 1
(3,2,1) : 2
(3,2,1,0,4,5) : 8
(3,2,1,4,0,5) : 3
(3,2,1,4,5) : 1
(3,2,1,4,5,0) : 3
(3,2,1,5,0,4) : 1
(3,2,1,5,4,0) : 4
(3,2,4) : 1
(3,2,4,0,1,5) : 1
(3,2,4,0,5,1) : 2
(3,2,4,1,0,5) : 5
(3,2,4,1,5,0) : 3
(3,2,4,5) : 1
(3,2,4,5,0) : 1
(3,2,4,5,0,1) : 2
(3,2,4,5,1,0) : 5
(3,2,5) : 1
(3,2,5,0,1) : 1
(3,2,5,0,1,4) : 1
(3,2,5,0,4,1) : 2
(3,2,5,1,4,0) : 1
(3,2,5,4,0,1) : 3
(3,2,5,4,1,0) : 2
(3,4) : 25
(3,4,0,1) : 1
(3,4,0,1,2,5) : 3
(3,4,0,5,1,2) : 1
(3,4,0,5,2,1) : 4
(3,4,1,0,2,5) : 3
(3,4,1,0,5) : 1
(3,4,1,2,0,5) : 2
(3,4,1,5,2,0) : 2
(3,4,2) : 2
(3,4,2,0) : 1
(3,4,2,0,1,5) : 4
(3,4,2,0,5,1) : 3
(3,4,2,1,0) : 1
(3,4,2,1,0,5) : 6
(3,4,2,1,5,0) : 5
(3,4,2,5,0,1) : 4
(3,4,2,5,1,0) : 2
(3,4,5) : 5
(3,4,5,0,1,2) : 7
(3,4,5,0,2,1) : 3
(3,4,5,1,0,2) : 2
(3,4,5,1,2,0) : 1
(3,4,5,2,0,1) : 5
(3,4,5,2,1,0) : 17
(3,5) : 23
(3,5,0) : 3
(3,5,0,1,2) : 2
(3,5,0,1,2,4) : 3
(3,5,0,2,1,4) : 3
(3,5,0,4,1,2) : 4
(3,5,0,4,2,1) : 2
(3,5,1,2,0,4) : 3
(3,5,1,4,0,2) : 1
(3,5,1,4,2,0) : 2
(3,5,2,1,4,0) : 5
(3,5,2,4,1,0) : 2
(3,5,4) : 2
(3,5,4,0) : 1
(3,5,4,0,1) : 1
(3,5,4,0,1,2) : 5
(3,5,4,0,2,1) : 1
(3,5,4,1,0,2) : 2
(3,5,4,1,2,0) : 1
(3,5,4,2,0,1) : 3
(3,5,4,2,1,0) : 8
(4) : 1009
(4,0) : 7
(4,0,1) : 1
(4,0,1,2,3,5) : 3
(4,0,1,2,5,3) : 1
(4,0,1,5,3,2) : 3
(4,0,2,1,3,5) : 2
(4,0,2,3,1,5) : 1
(4,0,2,5,3,1) : 3
(4,0,3,1,2,5) : 1
(4,0,3,2,1,5) : 1
(4,0,3,2,5,1) : 1
(4,0,3,5) : 1
(4,0,3,5,1,2) : 2
(4,0,3,5,2,1) : 2
(4,0,5) : 5
(4,0,5,1) : 1
(4,0,5,1,2,3) : 4
(4,0,5,2) : 1
(4,0,5,2,1,3) : 1
(4,0,5,2,3,1) : 7
(4,0,5,3) : 1
(4,0,5,3,1,2) : 1
(4,0,5,3,2,1) : 12
(4,1) : 1
(4,1,0,2,3,5) : 1
(4,1,0,5,2,3) : 1
(4,1,0,5,3,2) : 1
(4,1,2,0,3,5) : 2
(4,1,2,3,0,5) : 3
(4,1,2,3,5,0) : 4
(4,1,5,0) : 2
(4,1,5,0,2,3) : 1
(4,1,5,0,3,2) : 1
(4,1,5,2,3,0) : 1
(4,1,5,3,2,0) : 2
(4,2) : 7
(4,2,0,1,3,5) : 1
(4,2,0,1,5,3) : 2
(4,2,0,3,1,5) : 1
(4,2,0,5,3,1) : 2
(4,2,1) : 1
(4,2,1,0,3,5) : 1
(4,2,1,3,5,0) : 1
(4,2,3) : 1
(4,2,3,0,5,1) : 1
(4,2,3,1,0,5) : 6
(4,2,3,1,5,0) : 3
(4,2,3,5,0,1) : 1
(4,2,3,5,1,0) : 3
(4,2,5) : 1
(4,2,5,0,1,3) : 3
(4,2,5,0,3,1) : 1
(4,2,5,1) : 1
(4,2,5,1,3,0) : 1
(4,2,5,3,0,1) : 2
(4,2,5,3,1,0) : 6
(4,3) : 23
(4,3,0) : 1
(4,3,0,1,2,5) : 2
(4,3,0,2,1,5) : 2
(4,3,0,2,5,1) : 2
(4,3,0,5,1,2) : 1
(4,3,0,5,2,1) : 1
(4,3,1,0,2,5) : 1
(4,3,1,2) : 1
(4,3,1,2,0,5) : 1
(4,3,1,2,5,0) : 2
(4,3,1,5,0,2) : 1
(4,3,2) : 4
(4,3,2,0,1) : 1
(4,3,2,0,1,5) : 4
(4,3,2,0,5,1) : 1
(4,3,2,1,0) : 3
(4,3,2,1,0,5) : 6
(4,3,2,1,5,0) : 10
(4,3,2,5,0,1) : 10
(4,3,2,5,1,0) : 6
(4,3,5) : 4
(4,3,5,0,1,2) : 1
(4,3,5,0,2,1) : 5
(4,3,5,1,0,2) : 1
(4,3,5,1,2,0) : 3
(4,3,5,2,0,1) : 8
(4,3,5,2,1,0) : 13
(4,5) : 177
(4,5,0) : 19
(4,5,0,1) : 1
(4,5,0,1,2,3) : 99
(4,5,0,1,3,2) : 6
(4,5,0,2,1,3) : 7
(4,5,0,2,3,1) : 19
(4,5,0,3) : 1
(4,5,0,3,1,2) : 9
(4,5,0,3,2) : 1
(4,5,0,3,2,1) : 34
(4,5,1) : 1
(4,5,1,0) : 1
(4,5,1,0,2,3) : 3
(4,5,1,0,3,2) : 3
(4,5,1,2,0,3) : 3
(4,5,1,2,3,0) : 10
(4,5,1,3,0,2) : 2
(4,5,1,3,2) : 1
(4,5,1,3,2,0) : 3
(4,5,2) : 4
(4,5,2,0,1,3) : 6
(4,5,2,0,3,1) : 13
(4,5,2,1,0) : 2
(4,5,2,1,0,3) : 1
(4,5,2,1,3,0) : 6
(4,5,2,3) : 1
(4,5,2,3,0,1) : 36
(4,5,2,3,1,0) : 24
(4,5,3) : 13
(4,5,3,0,1,2) : 9
(4,5,3,0,2,1) : 13
(4,5,3,1,0) : 1
(4,5,3,1,0,2) : 2
(4,5,3,1,2,0) : 7
(4,5,3,2,0,1) : 41
(4,5,3,2,1,0) : 69
(5) : 18378
(5,0) : 356
(5,0,1) : 23
(5,0,1,2) : 3
(5,0,1,2,3) : 6
(5,0,1,2,3,4) : 257
(5,0,1,2,4,3) : 22
(5,0,1,3) : 1
(5,0,1,3,2) : 1
(5,0,1,3,2,4) : 42
(5,0,1,3,4,2) : 27
(5,0,1,4) : 1
(5,0,1,4,2,3) : 22
(5,0,1,4,3,2) : 33
(5,0,2) : 6
(5,0,2,1,3,4) : 55
(5,0,2,1,4,3) : 17
(5,0,2,3,1) : 1
(5,0,2,3,1,4) : 14
(5,0,2,3,4,1) : 20
(5,0,2,4,1,3) : 6
(5,0,2,4,3,1) : 18
(5,0,3) : 12
(5,0,3,1,2,4) : 21
(5,0,3,1,4,2) : 15
(5,0,3,2) : 1
(5,0,3,2,1) : 1
(5,0,3,2,1,4) : 35
(5,0,3,2,4) : 2
(5,0,3,2,4,1) : 14
(5,0,3,4) : 3
(5,0,3,4,1,2) : 31
(5,0,3,4,2) : 1
(5,0,3,4,2,1) : 60
(5,0,4) : 43
(5,0,4,1) : 2
(5,0,4,1,2) : 1
(5,0,4,1,2,3) : 48
(5,0,4,1,3) : 2
(5,0,4,1,3,2) : 35
(5,0,4,2,1) : 1
(5,0,4,2,1,3) : 13
(5,0,4,2,3) : 1
(5,0,4,2,3,1) : 26
(5,0,4,3) : 2
(5,0,4,3,1,2) : 58
(5,0,4,3,2) : 2
(5,0,4,3,2,1) : 94
(5,1) : 86
(5,1,0) : 6
(5,1,0,2,3,4) : 47
(5,1,0,2,4,3) : 7
(5,1,0,3,2,4) : 15
(5,1,0,3,4) : 1
(5,1,0,3,4,2) : 11
(5,1,0,4,2,3) : 7
(5,1,0,4,3) : 1
(5,1,0,4,3,2) : 15
(5,1,2) : 2
(5,1,2,0,3,4) : 5
(5,1,2,3) : 1
(5,1,2,3,0,4) : 8
(5,1,2,3,4) : 1
(5,1,2,3,4,0) : 34
(5,1,2,4) : 1
(5,1,2,4,0,3) : 2
(5,1,2,4,3,0) : 4
(5,1,3) : 4
(5,1,3,0,2,4) : 4
(5,1,3,0,4,2) : 5
(5,1,3,2,0,4) : 4
(5,1,3,2,4,0) : 21
(5,1,3,4,0) : 2
(5,1,3,4,0,2) : 8
(5,1,3,4,2,0) : 42
(5,1,4) : 6
(5,1,4,0) : 1
(5,1,4,0,2,3) : 7
(5,1,4,0,3) : 1
(5,1,4,0,3,2) : 9
(5,1,4,2,0,3) : 3
(5,1,4,2,3,0) : 15
(5,1,4,3) : 1
(5,1,4,3,0) : 2
(5,1,4,3,0,2) : 7
(5,1,4,3,2) : 1
(5,1,4,3,2,0) : 55
(5,2) : 32
(5,2,0) : 3
(5,2,0,1,3) : 1
(5,2,0,1,3,4) : 9
(5,2,0,1,4,3) : 3
(5,2,0,3,1,4) : 3
(5,2,0,3,4) : 1
(5,2,0,3,4,1) : 6
(5,2,0,4,3,1) : 4
(5,2,1) : 3
(5,2,1,0,3,4) : 15
(5,2,1,0,4,3) : 1
(5,2,1,3,0,4) : 2
(5,2,1,3,4,0) : 12
(5,2,1,4,0,3) : 1
(5,2,1,4,3,0) : 7
(5,2,3) : 2
(5,2,3,0,1,4) : 3
(5,2,3,0,4,1) : 1
(5,2,3,1,0,4) : 5
(5,2,3,1,4,0) : 9
(5,2,3,4,0) : 2
(5,2,3,4,0,1) : 15
(5,2,3,4,1) : 1
(5,2,3,4,1,0) : 40
(5,2,4,0) : 1
(5,2,4,0,1,3) : 1
(5,2,4,0,3,1) : 3
(5,2,4,1,0) : 2
(5,2,4,1,0,3) : 3
(5,2,4,1,3,0) : 6
(5,2,4,3) : 2
(5,2,4,3,0,1) : 8
(5,2,4,3,1) : 2
(5,2,4,3,1,0) : 15
(5,3) : 166
(5,3,0) : 7
(5,3,0,1,2,4) : 18
(5,3,0,1,4) : 2
(5,3,0,1,4,2) : 3
(5,3,0,2,1,4) : 4
(5,3,0,2,4) : 1
(5,3,0,2,4,1) : 7
(5,3,0,4) : 2
(5,3,0,4,1) : 1
(5,3,0,4,1,2) : 14
(5,3,0,4,2,1) : 15
(5,3,1) : 3
(5,3,1,0) : 1
(5,3,1,0,2,4) : 10
(5,3,1,0,4) : 2
(5,3,1,0,4,2) : 6
(5,3,1,2,0,4) : 9
(5,3,1,2,4,0) : 21
(5,3,1,4) : 1
(5,3,1,4,0) : 1
(5,3,1,4,0,2) : 2
(5,3,1,4,2) : 1
(5,3,1,4,2,0) : 18
(5,3,2) : 6
(5,3,2,0) : 1
(5,3,2,0,1,4) : 10
(5,3,2,0,4,1) : 8
(5,3,2,1) : 1
(5,3,2,1,0,4) : 16
(5,3,2,1,4) : 1
(5,3,2,1,4,0) : 30
(5,3,2,4) : 1
(5,3,2,4,0,1) : 18
(5,3,2,4,1,0) : 50
(5,3,4) : 34
(5,3,4,0) : 8
(5,3,4,0,1,2) : 30
(5,3,4,0,2,1) : 14
(5,3,4,1) : 3
(5,3,4,1,0) : 5
(5,3,4,1,0,2) : 11
(5,3,4,1,2) : 2
(5,3,4,1,2,0) : 45
(5,3,4,2) : 3
(5,3,4,2,0) : 3
(5,3,4,2,0,1) : 56
(5,3,4,2,1) : 5
(5,3,4,2,1,0) : 130
(5,4) : 643
(5,4,0) : 44
(5,4,0,1) : 2
(5,4,0,1,2) : 1
(5,4,0,1,2,3) : 80
(5,4,0,1,3,2) : 30
(5,4,0,2,1,3) : 16
(5,4,0,2,3,1) : 45
(5,4,0,3) : 1
(5,4,0,3,1,2) : 27
(5,4,0,3,2) : 1
(5,4,0,3,2,1) : 80
(5,4,1) : 11
(5,4,1,0) : 1
(5,4,1,0,2,3) : 18
(5,4,1,0,3,2) : 19
(5,4,1,2,0) : 1
(5,4,1,2,0,3) : 15
(5,4,1,2,3) : 2
(5,4,1,2,3,0) : 47
(5,4,1,3) : 1
(5,4,1,3,0,2) : 10
(5,4,1,3,2) : 2
(5,4,1,3,2,0) : 83
(5,4,2) : 7
(5,4,2,0) : 1
(5,4,2,0,1) : 4
(5,4,2,0,1,3) : 14
(5,4,2,0,3,1) : 27
(5,4,2,1) : 1
(5,4,2,1,0) : 1
(5,4,2,1,0,3) : 17
(5,4,2,1,3,0) : 36
(5,4,2,3,0,1) : 61
(5,4,2,3,1,0) : 152
(5,4,3) : 61
(5,4,3,0) : 3
(5,4,3,0,1,2) : 60
(5,4,3,0,2) : 1
(5,4,3,0,2,1) : 48
(5,4,3,1,0,2) : 13
(5,4,3,1,2) : 8
(5,4,3,1,2,0) : 107
(5,4,3,2) : 9
(5,4,3,2,0,1) : 162
(5,4,3,2,1) : 13
(5,4,3,2,1,0) : 862
