0, 1, 2, 3, 4
GRN,LAB,CDP,NLT,LIB
-+-+-+-+-
() : 109
(0) : 1514
(0,1) : 208
(0,1,2) : 5
(0,1,2,3) : 5
(0,1,2,3,4) : 218
(0,1,2,4,3) : 25
(0,1,3) : 15
(0,1,3,2,4) : 147
(0,1,3,4) : 2
(0,1,3,4,2) : 194
(0,1,4) : 18
(0,1,4,2,3) : 52
(0,1,4,3) : 1
(0,1,4,3,2) : 299
(0,2) : 17
(0,2,1) : 1
(0,2,1,3) : 1
(0,2,1,3,4) : 35
(0,2,1,4,3) : 11
(0,2,3) : 2
(0,2,3,1,4) : 10
(0,2,3,4) : 2
(0,2,3,4,1) : 6
(0,2,4) : 1
(0,2,4,1,3) : 6
(0,2,4,3) : 1
(0,2,4,3,1) : 7
(0,3) : 26
(0,3,1) : 4
(0,3,1,2,4) : 30
(0,3,1,4) : 3
(0,3,1,4,2) : 43
(0,3,2,1,4) : 28
(0,3,2,4,1) : 11
(0,3,4,1,2) : 16
(0,3,4,2,1) : 5
(0,4) : 27
(0,4,1) : 7
(0,4,1,2,3) : 39
(0,4,1,3) : 2
(0,4,1,3,2) : 48
(0,4,2,1,3) : 4
(0,4,2,3,1) : 3
(0,4,3) : 2
(0,4,3,1,2) : 23
(0,4,3,2,1) : 16
(1) : 10554
(1,0) : 453
(1,0,2) : 13
(1,0,2,3) : 22
(1,0,2,3,4) : 4514
(1,0,2,4) : 1
(1,0,2,4,3) : 99
(1,0,3) : 30
(1,0,3,2) : 9
(1,0,3,2,4) : 738
(1,0,3,4) : 5
(1,0,3,4,2) : 425
(1,0,4) : 26
(1,0,4,2,3) : 125
(1,0,4,3) : 4
(1,0,4,3,2) : 366
(1,2) : 85
(1,2,0) : 7
(1,2,0,3) : 3
(1,2,0,3,4) : 205
(1,2,0,4,3) : 54
(1,2,3) : 8
(1,2,3,0) : 2
(1,2,3,0,4) : 125
(1,2,3,4) : 4
(1,2,3,4,0) : 123
(1,2,4) : 5
(1,2,4,0) : 1
(1,2,4,0,3) : 35
(1,2,4,3,0) : 47
(1,3) : 110
(1,3,0) : 19
(1,3,0,2) : 4
(1,3,0,2,4) : 242
(1,3,0,4) : 8
(1,3,0,4,2) : 117
(1,3,2) : 5
(1,3,2,0) : 1
(1,3,2,0,4) : 120
(1,3,2,4,0) : 56
(1,3,4) : 2
(1,3,4,0) : 5
(1,3,4,0,2) : 68
(1,3,4,2) : 1
(1,3,4,2,0) : 73
(1,4) : 229
(1,4,0) : 23
(1,4,0,2) : 2
(1,4,0,2,3) : 191
(1,4,0,3,2) : 209
(1,4,2) : 5
(1,4,2,0,3) : 62
(1,4,2,3) : 1
(1,4,2,3,0) : 65
(1,4,3) : 4
(1,4,3,0,2) : 115
(1,4,3,2,0) : 125
(2) : 1151
(2,0) : 6
(2,0,1,3,4) : 22
(2,0,1,4,3) : 4
(2,0,3) : 1
(2,0,3,1,4) : 14
(2,0,3,4) : 1
(2,0,3,4,1) : 2
(2,0,4,1,3) : 4
(2,0,4,3,1) : 8
(2,1) : 49
(2,1,0) : 2
(2,1,0,3,4) : 53
(2,1,0,4,3) : 8
(2,1,3) : 1
(2,1,3,0,4) : 28
(2,1,3,4,0) : 32
(2,1,4) : 7
(2,1,4,0,3) : 17
(2,1,4,3,0) : 37
(2,3) : 16
(2,3,0,1,4) : 12
(2,3,0,4,1) : 9
(2,3,1) : 2
(2,3,1,0,4) : 11
(2,3,1,4,0) : 19
(2,3,4) : 2
(2,3,4,0,1) : 6
(2,3,4,1,0) : 28
(2,4) : 292
(2,4,0) : 3
(2,4,0,1,3) : 26
(2,4,0,3,1) : 9
(2,4,1) : 20
(2,4,1,0) : 1
(2,4,1,0,3) : 58
(2,4,1,3) : 1
(2,4,1,3,0) : 137
(2,4,3) : 5
(2,4,3,0) : 1
(2,4,3,0,1) : 52
(2,4,3,1) : 1
(2,4,3,1,0) : 152
(3) : 701
(3,0) : 14
(3,0,1,2,4) : 11
(3,0,1,4) : 1
(3,0,1,4,2) : 16
(3,0,2,1) : 1
(3,0,2,1,4) : 14
(3,0,2,4,1) : 9
(3,0,4,1,2) : 14
(3,0,4,2,1) : 1
(3,1) : 20
(3,1,0) : 1
(3,1,0,2,4) : 19
(3,1,0,4,2) : 19
(3,1,2,0,4) : 6
(3,1,2,4,0) : 7
(3,1,4) : 2
(3,1,4,0,2) : 19
(3,1,4,2,0) : 13
(3,2) : 12
(3,2,0) : 3
(3,2,0,1,4) : 18
(3,2,0,4,1) : 6
(3,2,1,0) : 1
(3,2,1,0,4) : 6
(3,2,1,4,0) : 7
(3,2,4,0,1) : 9
(3,2,4,1,0) : 15
(3,4) : 15
(3,4,0) : 1
(3,4,0,1,2) : 13
(3,4,0,2,1) : 4
(3,4,1) : 4
(3,4,1,0,2) : 19
(3,4,1,2) : 1
(3,4,1,2,0) : 20
(3,4,2) : 2
(3,4,2,0,1) : 6
(3,4,2,1,0) : 26
(4) : 15931
(4,0) : 95
(4,0,1) : 17
(4,0,1,2,3) : 114
(4,0,1,3,2) : 125
(4,0,2) : 1
(4,0,2,1) : 2
(4,0,2,1,3) : 31
(4,0,2,3,1) : 53
(4,0,3) : 1
(4,0,3,1) : 1
(4,0,3,1,2) : 84
(4,0,3,2,1) : 79
(4,1) : 239
(4,1,0) : 24
(4,1,0,2) : 1
(4,1,0,2,3) : 222
(4,1,0,3) : 2
(4,1,0,3,2) : 267
(4,1,2) : 13
(4,1,2,0) : 1
(4,1,2,0,3) : 84
(4,1,2,3) : 1
(4,1,2,3,0) : 112
(4,1,3) : 10
(4,1,3,0,2) : 117
(4,1,3,2) : 1
(4,1,3,2,0) : 110
(4,2) : 1082
(4,2,0) : 4
(4,2,0,1,3) : 89
(4,2,0,3) : 1
(4,2,0,3,1) : 90
(4,2,1) : 11
(4,2,1,0,3) : 133
(4,2,1,3) : 1
(4,2,1,3,0) : 155
(4,2,3) : 23
(4,2,3,0) : 1
(4,2,3,0,1) : 300
(4,2,3,1,0) : 321
(4,3) : 115
(4,3,0) : 7
(4,3,0,1) : 2
(4,3,0,1,2) : 114
(4,3,0,2) : 1
(4,3,0,2,1) : 85
(4,3,1) : 5
(4,3,1,0) : 2
(4,3,1,0,2) : 109
(4,3,1,2) : 1
(4,3,1,2,0) : 101
(4,3,2) : 10
(4,3,2,0) : 2
(4,3,2,0,1) : 200
(4,3,2,1) : 2
(4,3,2,1,0) : 268
