0, 1, 2, 3, 4
LAB,GRN,LIB,CDP,NLT
-+-+-+-+-
() : 69
(0) : 15580
(0,1) : 553
(0,1,2) : 76
(0,1,2,3) : 30
(0,1,2,3,4) : 3810
(0,1,2,4) : 2
(0,1,2,4,3) : 391
(0,1,3) : 18
(0,1,3,2) : 6
(0,1,3,2,4) : 164
(0,1,3,4) : 9
(0,1,3,4,2) : 425
(0,1,4) : 59
(0,1,4,2) : 4
(0,1,4,2,3) : 437
(0,1,4,3) : 8
(0,1,4,3,2) : 586
(0,2) : 388
(0,2,1) : 45
(0,2,1,3) : 5
(0,2,1,3,4) : 464
(0,2,1,4) : 9
(0,2,1,4,3) : 254
(0,2,3) : 14
(0,2,3,1) : 1
(0,2,3,1,4) : 95
(0,2,3,4) : 1
(0,2,3,4,1) : 130
(0,2,4) : 20
(0,2,4,1) : 5
(0,2,4,1,3) : 163
(0,2,4,3) : 2
(0,2,4,3,1) : 117
(0,3) : 118
(0,3,1) : 13
(0,3,1,2) : 3
(0,3,1,2,4) : 133
(0,3,1,4) : 1
(0,3,1,4,2) : 147
(0,3,2) : 3
(0,3,2,1,4) : 82
(0,3,2,4) : 2
(0,3,2,4,1) : 50
(0,3,4) : 5
(0,3,4,1,2) : 107
(0,3,4,2) : 1
(0,3,4,2,1) : 89
(0,4) : 147
(0,4,1) : 22
(0,4,1,2) : 3
(0,4,1,2,3) : 215
(0,4,1,3) : 3
(0,4,1,3,2) : 188
(0,4,2) : 12
(0,4,2,1) : 4
(0,4,2,1,3) : 101
(0,4,2,3,1) : 73
(0,4,3) : 1
(0,4,3,1,2) : 130
(0,4,3,2) : 1
(0,4,3,2,1) : 107
(1) : 2010
(1,0) : 190
(1,0,2) : 21
(1,0,2,3) : 2
(1,0,2,3,4) : 148
(1,0,2,4) : 4
(1,0,2,4,3) : 228
(1,0,3) : 4
(1,0,3,2) : 1
(1,0,3,2,4) : 24
(1,0,3,4,2) : 66
(1,0,4) : 7
(1,0,4,2) : 1
(1,0,4,2,3) : 88
(1,0,4,3) : 2
(1,0,4,3,2) : 79
(1,2) : 31
(1,2,0) : 8
(1,2,0,3,4) : 44
(1,2,0,4,3) : 36
(1,2,3) : 2
(1,2,3,0) : 1
(1,2,3,0,4) : 13
(1,2,3,4) : 3
(1,2,3,4,0) : 27
(1,2,4,0,3) : 10
(1,2,4,3,0) : 14
(1,3) : 34
(1,3,0) : 2
(1,3,0,2) : 1
(1,3,0,2,4) : 20
(1,3,0,4,2) : 10
(1,3,2) : 1
(1,3,2,0,4) : 12
(1,3,2,4) : 1
(1,3,2,4,0) : 13
(1,3,4,0) : 1
(1,3,4,0,2) : 23
(1,3,4,2) : 2
(1,3,4,2,0) : 24
(1,4) : 27
(1,4,0) : 3
(1,4,0,2,3) : 31
(1,4,0,3,2) : 11
(1,4,2,0,3) : 14
(1,4,2,3,0) : 11
(1,4,3) : 1
(1,4,3,0,2) : 22
(1,4,3,2,0) : 17
(2) : 6824
(2,0) : 203
(2,0,1) : 40
(2,0,1,3) : 3
(2,0,1,3,4) : 269
(2,0,1,4) : 2
(2,0,1,4,3) : 134
(2,0,3) : 4
(2,0,3,1) : 2
(2,0,3,1,4) : 62
(2,0,3,4) : 1
(2,0,3,4,1) : 71
(2,0,4) : 8
(2,0,4,1) : 3
(2,0,4,1,3) : 50
(2,0,4,3,1) : 33
(2,1) : 58
(2,1,0) : 19
(2,1,0,3,4) : 95
(2,1,0,4,3) : 49
(2,1,3) : 4
(2,1,3,0) : 1
(2,1,3,0,4) : 25
(2,1,3,4,0) : 60
(2,1,4) : 5
(2,1,4,0) : 1
(2,1,4,0,3) : 18
(2,1,4,3) : 1
(2,1,4,3,0) : 29
(2,3) : 204
(2,3,0) : 6
(2,3,0,1,4) : 97
(2,3,0,4) : 1
(2,3,0,4,1) : 65
(2,3,1) : 8
(2,3,1,0) : 3
(2,3,1,0,4) : 55
(2,3,1,4,0) : 68
(2,3,4) : 19
(2,3,4,0) : 3
(2,3,4,0,1) : 162
(2,3,4,1) : 1
(2,3,4,1,0) : 244
(2,4) : 43
(2,4,0) : 3
(2,4,0,1) : 1
(2,4,0,1,3) : 33
(2,4,0,3,1) : 24
(2,4,1,0,3) : 25
(2,4,1,3,0) : 29
(2,4,3) : 3
(2,4,3,0,1) : 29
(2,4,3,1,0) : 69
(3) : 3866
(3,0) : 89
(3,0,1) : 3
(3,0,1,2,4) : 114
(3,0,1,4) : 4
(3,0,1,4,2) : 49
(3,0,2) : 7
(3,0,2,1,4) : 57
(3,0,2,4,1) : 38
(3,0,4) : 3
(3,0,4,1,2) : 24
(3,0,4,2) : 1
(3,0,4,2,1) : 33
(3,1) : 47
(3,1,0,2,4) : 57
(3,1,0,4,2) : 20
(3,1,2) : 3
(3,1,2,0) : 1
(3,1,2,0,4) : 27
(3,1,2,4,0) : 52
(3,1,4) : 2
(3,1,4,0,2) : 16
(3,1,4,2) : 1
(3,1,4,2,0) : 36
(3,2) : 338
(3,2,0) : 8
(3,2,0,1) : 2
(3,2,0,1,4) : 109
(3,2,0,4,1) : 100
(3,2,1) : 4
(3,2,1,0) : 1
(3,2,1,0,4) : 67
(3,2,1,4) : 2
(3,2,1,4,0) : 80
(3,2,4) : 7
(3,2,4,0) : 1
(3,2,4,0,1) : 86
(3,2,4,1) : 2
(3,2,4,1,0) : 143
(3,4) : 27
(3,4,0) : 1
(3,4,0,1,2) : 32
(3,4,0,2,1) : 10
(3,4,1) : 5
(3,4,1,0,2) : 10
(3,4,1,2) : 1
(3,4,1,2,0) : 31
(3,4,2) : 1
(3,4,2,0,1) : 27
(3,4,2,1) : 1
(3,4,2,1,0) : 80
(4) : 498
(4,0) : 23
(4,0,1) : 1
(4,0,1,2,3) : 19
(4,0,1,3,2) : 9
(4,0,2,1,3) : 20
(4,0,2,3,1) : 7
(4,0,3,1,2) : 3
(4,0,3,2,1) : 2
(4,1) : 8
(4,1,0) : 4
(4,1,0,2) : 2
(4,1,0,2,3) : 16
(4,1,0,3,2) : 7
(4,1,2) : 1
(4,1,2,0) : 2
(4,1,2,0,3) : 3
(4,1,2,3,0) : 3
(4,1,3) : 1
(4,1,3,0,2) : 3
(4,1,3,2) : 1
(4,1,3,2,0) : 5
(4,2) : 13
(4,2,0) : 2
(4,2,0,1,3) : 4
(4,2,0,3,1) : 1
(4,2,1,0,3) : 3
(4,2,1,3,0) : 3
(4,2,3,0,1) : 6
(4,2,3,1,0) : 10
(4,3) : 8
(4,3,0) : 1
(4,3,0,1,2) : 9
(4,3,0,2,1) : 3
(4,3,1,0,2) : 14
(4,3,1,2,0) : 7
(4,3,2) : 1
(4,3,2,0,1) : 9
(4,3,2,1,0) : 24
