0, 1, 2, 3, 4, 5
CDP,LIB,GRN,IND,LAB,NLT
-+-+-+-+-
() : 233
(0) : 745
(0,1) : 186
(0,1,2) : 2
(0,1,2,3) : 2
(0,1,2,3,4) : 4
(0,1,2,3,4,5) : 83
(0,1,2,3,5,4) : 5
(0,1,2,4) : 1
(0,1,2,4,3) : 1
(0,1,2,4,3,5) : 4
(0,1,2,4,5,3) : 1
(0,1,2,5,3,4) : 3
(0,1,3) : 8
(0,1,3,2,4) : 1
(0,1,3,2,4,5) : 10
(0,1,3,2,5,4) : 1
(0,1,3,4,2,5) : 23
(0,1,3,4,5,2) : 44
(0,1,3,5) : 1
(0,1,3,5,2,4) : 16
(0,1,3,5,4,2) : 62
(0,1,4) : 4
(0,1,4,2,3,5) : 4
(0,1,4,2,5,3) : 1
(0,1,4,3,2,5) : 19
(0,1,4,3,5,2) : 27
(0,1,4,5,2,3) : 2
(0,1,4,5,3,2) : 14
(0,1,5) : 2
(0,1,5,2) : 1
(0,1,5,2,3,4) : 1
(0,1,5,2,4,3) : 1
(0,1,5,3,2,4) : 8
(0,1,5,3,4,2) : 29
(0,1,5,4,2,3) : 4
(0,1,5,4,3,2) : 13
(0,2) : 3
(0,2,1,3) : 1
(0,2,1,3,4,5) : 3
(0,2,1,3,5,4) : 1
(0,2,1,4,3,5) : 4
(0,2,1,5,3,4) : 1
(0,2,3) : 1
(0,2,3,1) : 1
(0,2,3,1,4) : 1
(0,2,3,1,4,5) : 4
(0,2,3,4,5,1) : 3
(0,2,3,5,1,4) : 2
(0,2,3,5,4,1) : 1
(0,2,4,1,3,5) : 2
(0,2,4,3,1,5) : 2
(0,2,4,3,5,1) : 1
(0,2,4,5,1,3) : 1
(0,2,5,1,3) : 1
(0,2,5,1,3,4) : 1
(0,2,5,3,1,4) : 1
(0,3) : 9
(0,3,1) : 1
(0,3,1,2,4) : 1
(0,3,1,2,4,5) : 1
(0,3,1,4,2,5) : 4
(0,3,1,4,5,2) : 9
(0,3,1,5,2,4) : 1
(0,3,1,5,4,2) : 2
(0,3,2,1,4,5) : 3
(0,3,2,1,5,4) : 2
(0,3,2,4,1) : 1
(0,3,2,4,1,5) : 1
(0,3,2,4,5,1) : 3
(0,3,2,5,4,1) : 3
(0,3,4,1,2,5) : 1
(0,3,4,1,5,2) : 5
(0,3,4,2,1,5) : 2
(0,3,4,5,1,2) : 2
(0,3,4,5,2,1) : 2
(0,3,5,1,2,4) : 3
(0,3,5,1,4,2) : 11
(0,3,5,2,1,4) : 1
(0,3,5,2,4,1) : 2
(0,3,5,4,1,2) : 3
(0,3,5,4,2,1) : 2
(0,4) : 11
(0,4,1) : 1
(0,4,1,2,3,5) : 4
(0,4,1,3,2,5) : 4
(0,4,1,3,5,2) : 7
(0,4,1,5,3,2) : 5
(0,4,2) : 1
(0,4,2,1,3,5) : 3
(0,4,2,3,1,5) : 1
(0,4,2,3,5,1) : 2
(0,4,3,1,2,5) : 4
(0,4,3,1,5,2) : 5
(0,4,3,2,1,5) : 3
(0,4,3,2,5,1) : 3
(0,4,3,5,2,1) : 4
(0,4,5,1) : 1
(0,4,5,1,2,3) : 1
(0,4,5,2,1,3) : 1
(0,4,5,2,3,1) : 3
(0,4,5,3) : 1
(0,4,5,3,1,2) : 3
(0,4,5,3,2,1) : 6
(0,5) : 5
(0,5,1) : 1
(0,5,1,2,3,4) : 2
(0,5,1,3,2,4) : 2
(0,5,1,3,4,2) : 1
(0,5,1,4,2,3) : 2
(0,5,2) : 2
(0,5,2,3,4,1) : 1
(0,5,3) : 1
(0,5,3,1,2,4) : 1
(0,5,3,1,4,2) : 3
(0,5,3,2,1,4) : 4
(0,5,3,2,4,1) : 3
(0,5,3,4,1,2) : 4
(0,5,3,4,2,1) : 3
(0,5,4) : 1
(0,5,4,2,3,1) : 2
(0,5,4,3) : 1
(0,5,4,3,1,2) : 2
(0,5,4,3,2,1) : 1
(1) : 21924
(1,0) : 914
(1,0,2) : 8
(1,0,2,3,4) : 1
(1,0,2,3,4,5) : 123
(1,0,2,3,5,4) : 45
(1,0,2,4) : 1
(1,0,2,4,3,5) : 21
(1,0,2,4,5,3) : 7
(1,0,2,5,3,4) : 5
(1,0,2,5,4,3) : 9
(1,0,3) : 24
(1,0,3,2) : 4
(1,0,3,2,4) : 1
(1,0,3,2,4,5) : 61
(1,0,3,2,5) : 1
(1,0,3,2,5,4) : 39
(1,0,3,4) : 2
(1,0,3,4,2,5) : 72
(1,0,3,4,5,2) : 93
(1,0,3,5) : 2
(1,0,3,5,2,4) : 89
(1,0,3,5,4,2) : 167
(1,0,4) : 3
(1,0,4,2) : 1
(1,0,4,2,3,5) : 21
(1,0,4,2,5) : 1
(1,0,4,2,5,3) : 5
(1,0,4,3,2) : 1
(1,0,4,3,2,5) : 32
(1,0,4,3,5) : 2
(1,0,4,3,5,2) : 24
(1,0,4,5,2,3) : 9
(1,0,4,5,3,2) : 21
(1,0,5) : 4
(1,0,5,2,3,4) : 22
(1,0,5,2,4) : 1
(1,0,5,2,4,3) : 4
(1,0,5,3) : 2
(1,0,5,3,2) : 1
(1,0,5,3,2,4) : 49
(1,0,5,3,4,2) : 91
(1,0,5,4,2,3) : 11
(1,0,5,4,3,2) : 13
(1,2) : 116
(1,2,0) : 6
(1,2,0,3) : 1
(1,2,0,3,4,5) : 34
(1,2,0,3,5) : 1
(1,2,0,3,5,4) : 20
(1,2,0,4,3,5) : 9
(1,2,0,4,5,3) : 4
(1,2,0,5,3,4) : 5
(1,2,0,5,4,3) : 3
(1,2,3) : 17
(1,2,3,0) : 1
(1,2,3,0,4) : 1
(1,2,3,0,4,5) : 27
(1,2,3,0,5,4) : 21
(1,2,3,4) : 2
(1,2,3,4,0) : 2
(1,2,3,4,0,5) : 32
(1,2,3,4,5) : 6
(1,2,3,4,5,0) : 130
(1,2,3,5) : 2
(1,2,3,5,0,4) : 40
(1,2,3,5,4,0) : 49
(1,2,4) : 11
(1,2,4,0,3,5) : 5
(1,2,4,0,5,3) : 5
(1,2,4,3) : 1
(1,2,4,3,0,5) : 26
(1,2,4,3,5) : 1
(1,2,4,3,5,0) : 79
(1,2,4,5) : 2
(1,2,4,5,0) : 1
(1,2,4,5,0,3) : 5
(1,2,4,5,3,0) : 28
(1,2,5) : 3
(1,2,5,0,3,4) : 12
(1,2,5,0,4,3) : 2
(1,2,5,3,0,4) : 11
(1,2,5,3,4) : 1
(1,2,5,3,4,0) : 19
(1,2,5,4) : 1
(1,2,5,4,0) : 1
(1,2,5,4,0,3) : 3
(1,2,5,4,3) : 1
(1,2,5,4,3,0) : 8
(1,3) : 157
(1,3,0) : 7
(1,3,0,2,4) : 1
(1,3,0,2,4,5) : 37
(1,3,0,2,5) : 2
(1,3,0,2,5,4) : 33
(1,3,0,4) : 1
(1,3,0,4,2) : 2
(1,3,0,4,2,5) : 21
(1,3,0,4,5) : 1
(1,3,0,4,5,2) : 23
(1,3,0,5) : 3
(1,3,0,5,2,4) : 38
(1,3,0,5,4) : 2
(1,3,0,5,4,2) : 53
(1,3,2) : 11
(1,3,2,0,4,5) : 29
(1,3,2,0,5,4) : 23
(1,3,2,4) : 3
(1,3,2,4,0,5) : 26
(1,3,2,4,5,0) : 61
(1,3,2,5,0,4) : 29
(1,3,2,5,4) : 1
(1,3,2,5,4,0) : 21
(1,3,4) : 13
(1,3,4,0,2) : 3
(1,3,4,0,2,5) : 31
(1,3,4,0,5) : 3
(1,3,4,0,5,2) : 28
(1,3,4,2) : 3
(1,3,4,2,0,5) : 36
(1,3,4,2,5) : 1
(1,3,4,2,5,0) : 52
(1,3,4,5,0) : 11
(1,3,4,5,0,2) : 51
(1,3,4,5,2) : 1
(1,3,4,5,2,0) : 74
(1,3,5) : 11
(1,3,5,0) : 1
(1,3,5,0,2) : 6
(1,3,5,0,2,4) : 98
(1,3,5,0,4) : 2
(1,3,5,0,4,2) : 84
(1,3,5,2) : 2
(1,3,5,2,0) : 2
(1,3,5,2,0,4) : 50
(1,3,5,2,4) : 4
(1,3,5,2,4,0) : 36
(1,3,5,4) : 2
(1,3,5,4,0) : 2
(1,3,5,4,0,2) : 49
(1,3,5,4,2) : 3
(1,3,5,4,2,0) : 62
(1,4) : 130
(1,4,0,2,3,5) : 18
(1,4,0,2,5) : 1
(1,4,0,2,5,3) : 4
(1,4,0,3,2) : 1
(1,4,0,3,2,5) : 7
(1,4,0,3,5,2) : 8
(1,4,0,5,2,3) : 2
(1,4,0,5,3,2) : 9
(1,4,2) : 20
(1,4,2,0,3) : 1
(1,4,2,0,3,5) : 16
(1,4,2,0,5) : 1
(1,4,2,0,5,3) : 5
(1,4,2,3) : 2
(1,4,2,3,0,5) : 34
(1,4,2,3,5) : 1
(1,4,2,3,5,0) : 83
(1,4,2,5) : 1
(1,4,2,5,0) : 1
(1,4,2,5,0,3) : 5
(1,4,2,5,3,0) : 24
(1,4,3) : 7
(1,4,3,0,2,5) : 17
(1,4,3,0,5,2) : 21
(1,4,3,2) : 3
(1,4,3,2,0,5) : 43
(1,4,3,2,5) : 1
(1,4,3,2,5,0) : 67
(1,4,3,5) : 1
(1,4,3,5,0) : 2
(1,4,3,5,0,2) : 34
(1,4,3,5,2) : 1
(1,4,3,5,2,0) : 54
(1,4,5) : 4
(1,4,5,0,2,3) : 11
(1,4,5,0,3,2) : 8
(1,4,5,2) : 1
(1,4,5,2,0,3) : 14
(1,4,5,2,3) : 1
(1,4,5,2,3,0) : 19
(1,4,5,3) : 3
(1,4,5,3,0) : 2
(1,4,5,3,0,2) : 22
(1,4,5,3,2) : 1
(1,4,5,3,2,0) : 50
(1,5) : 116
(1,5,0) : 7
(1,5,0,2) : 1
(1,5,0,2,3,4) : 22
(1,5,0,2,4,3) : 5
(1,5,0,3) : 2
(1,5,0,3,2) : 1
(1,5,0,3,2,4) : 27
(1,5,0,3,4,2) : 24
(1,5,0,4,2,3) : 3
(1,5,0,4,3,2) : 6
(1,5,2) : 8
(1,5,2,0,3,4) : 11
(1,5,2,0,4,3) : 3
(1,5,2,3,0,4) : 21
(1,5,2,3,4,0) : 13
(1,5,2,4,0,3) : 1
(1,5,2,4,3,0) : 4
(1,5,3) : 10
(1,5,3,0,2,4) : 51
(1,5,3,0,4) : 3
(1,5,3,0,4,2) : 43
(1,5,3,2) : 2
(1,5,3,2,0,4) : 38
(1,5,3,2,4) : 3
(1,5,3,2,4,0) : 35
(1,5,3,4,0) : 3
(1,5,3,4,0,2) : 27
(1,5,3,4,2,0) : 34
(1,5,4,0,2,3) : 3
(1,5,4,0,3,2) : 8
(1,5,4,2,0,3) : 6
(1,5,4,2,3,0) : 2
(1,5,4,3) : 2
(1,5,4,3,0) : 1
(1,5,4,3,0,2) : 18
(1,5,4,3,2,0) : 27
(2) : 1665
(2,0) : 7
(2,0,1,3,4,5) : 6
(2,0,1,5,4,3) : 1
(2,0,3) : 1
(2,0,3,1,4,5) : 3
(2,0,3,4,1,5) : 3
(2,0,3,4,5,1) : 2
(2,0,3,5,1,4) : 1
(2,0,3,5,4,1) : 3
(2,0,4) : 2
(2,0,4,1,3,5) : 2
(2,0,4,3,1,5) : 2
(2,0,4,3,5,1) : 1
(2,0,4,5,3,1) : 2
(2,0,5,3,4,1) : 2
(2,1) : 46
(2,1,0) : 2
(2,1,0,3,4) : 1
(2,1,0,3,4,5) : 18
(2,1,0,3,5,4) : 3
(2,1,0,4,3,5) : 4
(2,1,0,5,3,4) : 2
(2,1,0,5,4,3) : 2
(2,1,3) : 5
(2,1,3,0,4) : 1
(2,1,3,0,4,5) : 6
(2,1,3,0,5,4) : 1
(2,1,3,4) : 1
(2,1,3,4,0,5) : 9
(2,1,3,4,5) : 1
(2,1,3,4,5,0) : 31
(2,1,3,5) : 1
(2,1,3,5,0,4) : 7
(2,1,3,5,4,0) : 12
(2,1,4) : 4
(2,1,4,0,3,5) : 3
(2,1,4,3) : 1
(2,1,4,3,0,5) : 12
(2,1,4,3,5,0) : 43
(2,1,4,5) : 2
(2,1,4,5,0) : 1
(2,1,4,5,0,3) : 3
(2,1,4,5,3,0) : 8
(2,1,5) : 3
(2,1,5,0,3,4) : 3
(2,1,5,3,0,4) : 3
(2,1,5,3,4,0) : 2
(2,1,5,4,0,3) : 3
(2,1,5,4,3,0) : 3
(2,3) : 34
(2,3,0,1,4,5) : 4
(2,3,0,4,1,5) : 2
(2,3,0,4,5,1) : 1
(2,3,0,5,1,4) : 2
(2,3,0,5,4,1) : 9
(2,3,1) : 4
(2,3,1,0,4) : 1
(2,3,1,0,4,5) : 2
(2,3,1,0,5,4) : 1
(2,3,1,4,0,5) : 6
(2,3,1,4,5,0) : 21
(2,3,1,5,0,4) : 5
(2,3,1,5,4,0) : 6
(2,3,4) : 12
(2,3,4,0,1,5) : 5
(2,3,4,0,5,1) : 6
(2,3,4,1,0) : 2
(2,3,4,1,0,5) : 18
(2,3,4,1,5,0) : 48
(2,3,4,5) : 1
(2,3,4,5,0) : 3
(2,3,4,5,0,1) : 40
(2,3,4,5,1,0) : 65
(2,3,5) : 3
(2,3,5,0,1,4) : 1
(2,3,5,0,4,1) : 15
(2,3,5,1,0,4) : 1
(2,3,5,1,4,0) : 9
(2,3,5,4) : 1
(2,3,5,4,0,1) : 14
(2,3,5,4,1,0) : 24
(2,4) : 201
(2,4,0) : 1
(2,4,0,1) : 2
(2,4,0,1,3,5) : 3
(2,4,0,3,1,5) : 5
(2,4,0,3,5,1) : 5
(2,4,0,5,1) : 1
(2,4,0,5,3,1) : 5
(2,4,1) : 20
(2,4,1,0,3,5) : 16
(2,4,1,0,5,3) : 3
(2,4,1,3) : 1
(2,4,1,3,0,5) : 13
(2,4,1,3,5,0) : 73
(2,4,1,5,0,3) : 9
(2,4,1,5,3,0) : 25
(2,4,3) : 39
(2,4,3,0,1,5) : 14
(2,4,3,0,5,1) : 28
(2,4,3,1) : 4
(2,4,3,1,0) : 2
(2,4,3,1,0,5) : 24
(2,4,3,1,5,0) : 97
(2,4,3,5) : 4
(2,4,3,5,0) : 1
(2,4,3,5,0,1) : 595
(2,4,3,5,1,0) : 221
(2,4,5) : 12
(2,4,5,0,1,3) : 7
(2,4,5,0,3,1) : 5
(2,4,5,1,0,3) : 8
(2,4,5,1,3,0) : 10
(2,4,5,3) : 2
(2,4,5,3,0,1) : 35
(2,4,5,3,1,0) : 58
(2,5) : 19
(2,5,0,1) : 1
(2,5,0,3,1,4) : 4
(2,5,0,3,4,1) : 2
(2,5,0,4) : 1
(2,5,1,0,3,4) : 2
(2,5,1,3,0,4) : 1
(2,5,1,3,4,0) : 1
(2,5,1,4) : 1
(2,5,1,4,0,3) : 1
(2,5,1,4,3,0) : 2
(2,5,3) : 2
(2,5,3,0,1,4) : 5
(2,5,3,0,4,1) : 1
(2,5,3,1,4,0) : 6
(2,5,3,4) : 1
(2,5,3,4,0,1) : 5
(2,5,3,4,1) : 1
(2,5,3,4,1,0) : 11
(2,5,4,0,1,3) : 1
(2,5,4,1) : 1
(2,5,4,1,0,3) : 2
(2,5,4,1,3,0) : 3
(2,5,4,3,0,1) : 4
(2,5,4,3,1,0) : 14
(3) : 1105
(3,0) : 7
(3,0,1) : 2
(3,0,1,2,4,5) : 1
(3,0,1,2,5,4) : 2
(3,0,1,4,2,5) : 3
(3,0,1,4,5) : 1
(3,0,1,4,5,2) : 3
(3,0,1,5) : 1
(3,0,1,5,2,4) : 1
(3,0,1,5,4,2) : 2
(3,0,2,1,5,4) : 1
(3,0,2,4,5,1) : 3
(3,0,2,5,4,1) : 4
(3,0,4,1,2,5) : 1
(3,0,4,1,5,2) : 2
(3,0,4,5,2,1) : 2
(3,0,5) : 1
(3,0,5,1,4) : 1
(3,0,5,1,4,2) : 6
(3,0,5,2,1,4) : 3
(3,0,5,2,4,1) : 2
(3,0,5,4,1,2) : 1
(3,0,5,4,2,1) : 6
(3,1) : 25
(3,1,0) : 1
(3,1,0,2,4,5) : 8
(3,1,0,2,5,4) : 4
(3,1,0,4,2,5) : 2
(3,1,0,4,5,2) : 3
(3,1,0,5) : 1
(3,1,0,5,2,4) : 4
(3,1,0,5,4,2) : 4
(3,1,2,0,4,5) : 3
(3,1,2,0,5,4) : 2
(3,1,2,4,0,5) : 1
(3,1,2,4,5) : 1
(3,1,2,4,5,0) : 13
(3,1,2,5,0,4) : 2
(3,1,2,5,4,0) : 7
(3,1,4) : 2
(3,1,4,0,2,5) : 3
(3,1,4,0,5) : 1
(3,1,4,0,5,2) : 6
(3,1,4,2,0,5) : 8
(3,1,4,2,5,0) : 15
(3,1,4,5,0) : 1
(3,1,4,5,0,2) : 8
(3,1,4,5,2,0) : 6
(3,1,5) : 1
(3,1,5,0,2,4) : 8
(3,1,5,0,4,2) : 2
(3,1,5,2,0,4) : 3
(3,1,5,2,4,0) : 4
(3,1,5,4,0) : 1
(3,1,5,4,0,2) : 3
(3,1,5,4,2,0) : 7
(3,2) : 18
(3,2,0) : 1
(3,2,0,1,4,5) : 6
(3,2,0,4,1,5) : 1
(3,2,0,4,5,1) : 2
(3,2,0,5,1,4) : 1
(3,2,0,5,4,1) : 4
(3,2,1) : 1
(3,2,1,0,4,5) : 13
(3,2,1,0,5,4) : 4
(3,2,1,4,0,5) : 4
(3,2,1,4,5) : 1
(3,2,1,4,5,0) : 11
(3,2,1,5,0,4) : 2
(3,2,1,5,4,0) : 4
(3,2,4) : 1
(3,2,4,0,1,5) : 3
(3,2,4,0,5,1) : 7
(3,2,4,1) : 1
(3,2,4,1,0,5) : 8
(3,2,4,1,5,0) : 13
(3,2,4,5,0,1) : 8
(3,2,4,5,1,0) : 15
(3,2,5) : 3
(3,2,5,0,1,4) : 4
(3,2,5,0,4,1) : 11
(3,2,5,1,4,0) : 4
(3,2,5,4,0,1) : 2
(3,2,5,4,1,0) : 8
(3,4) : 23
(3,4,0,1,2,5) : 1
(3,4,0,1,5,2) : 1
(3,4,0,2,5,1) : 3
(3,4,0,5,1,2) : 3
(3,4,0,5,2,1) : 3
(3,4,1) : 3
(3,4,1,0,2,5) : 4
(3,4,1,0,5,2) : 4
(3,4,1,2,0,5) : 4
(3,4,1,2,5,0) : 5
(3,4,1,5,0,2) : 2
(3,4,1,5,2,0) : 9
(3,4,2) : 5
(3,4,2,0,1,5) : 1
(3,4,2,0,5,1) : 8
(3,4,2,1) : 1
(3,4,2,1,0,5) : 11
(3,4,2,1,5,0) : 14
(3,4,2,5) : 1
(3,4,2,5,0,1) : 12
(3,4,2,5,1) : 1
(3,4,2,5,1,0) : 17
(3,4,5) : 2
(3,4,5,0,1,2) : 8
(3,4,5,0,2,1) : 7
(3,4,5,1,0,2) : 2
(3,4,5,1,2) : 1
(3,4,5,1,2,0) : 10
(3,4,5,2,0,1) : 17
(3,4,5,2,1,0) : 19
(3,5) : 12
(3,5,0) : 3
(3,5,0,1,2,4) : 5
(3,5,0,1,4,2) : 5
(3,5,0,2,1,4) : 5
(3,5,0,2,4,1) : 7
(3,5,0,4,1,2) : 5
(3,5,0,4,2,1) : 3
(3,5,1,0,2,4) : 4
(3,5,1,0,4,2) : 1
(3,5,1,2,0,4) : 3
(3,5,1,2,4,0) : 7
(3,5,1,4,0,2) : 6
(3,5,1,4,2,0) : 4
(3,5,2,0,1,4) : 5
(3,5,2,0,4,1) : 7
(3,5,2,1,0,4) : 2
(3,5,2,1,4) : 1
(3,5,2,1,4,0) : 9
(3,5,2,4,0,1) : 5
(3,5,2,4,1,0) : 7
(3,5,4,0,1,2) : 2
(3,5,4,0,2,1) : 4
(3,5,4,1,0,2) : 6
(3,5,4,1,2,0) : 8
(3,5,4,2) : 1
(3,5,4,2,0,1) : 6
(3,5,4,2,1,0) : 4
(4) : 5885
(4,0) : 11
(4,0,1) : 1
(4,0,1,2,3) : 1
(4,0,1,2,3,5) : 14
(4,0,1,2,5) : 2
(4,0,1,3) : 1
(4,0,1,3,2,5) : 5
(4,0,1,3,5,2) : 4
(4,0,1,5,3,2) : 3
(4,0,2) : 1
(4,0,2,1,3,5) : 3
(4,0,2,3,1) : 1
(4,0,2,3,1,5) : 7
(4,0,2,3,5) : 1
(4,0,2,3,5,1) : 10
(4,0,2,5,3,1) : 9
(4,0,3,1,2,5) : 4
(4,0,3,1,5,2) : 1
(4,0,3,2,1,5) : 4
(4,0,3,2,5,1) : 7
(4,0,3,5,1,2) : 3
(4,0,3,5,2) : 1
(4,0,3,5,2,1) : 9
(4,0,5) : 1
(4,0,5,1,2,3) : 1
(4,0,5,1,3,2) : 3
(4,0,5,2,1,3) : 1
(4,0,5,2,3,1) : 3
(4,0,5,3,1,2) : 5
(4,0,5,3,2,1) : 8
(4,1) : 92
(4,1,0) : 2
(4,1,0,2,3) : 2
(4,1,0,2,3,5) : 30
(4,1,0,2,5,3) : 6
(4,1,0,3,2) : 1
(4,1,0,3,2,5) : 8
(4,1,0,3,5,2) : 8
(4,1,0,5,2,3) : 3
(4,1,0,5,3,2) : 3
(4,1,2) : 10
(4,1,2,0,3,5) : 15
(4,1,2,0,5,3) : 10
(4,1,2,3,0) : 1
(4,1,2,3,0,5) : 24
(4,1,2,3,5,0) : 59
(4,1,2,5,0,3) : 3
(4,1,2,5,3,0) : 12
(4,1,3) : 6
(4,1,3,0,2,5) : 10
(4,1,3,0,5,2) : 7
(4,1,3,2) : 1
(4,1,3,2,0,5) : 25
(4,1,3,2,5,0) : 28
(4,1,3,5) : 2
(4,1,3,5,0,2) : 17
(4,1,3,5,2,0) : 19
(4,1,5) : 2
(4,1,5,0,2,3) : 1
(4,1,5,0,3,2) : 4
(4,1,5,2,0,3) : 4
(4,1,5,2,3,0) : 4
(4,1,5,3,0,2) : 10
(4,1,5,3,2) : 2
(4,1,5,3,2,0) : 17
(4,2) : 247
(4,2,0) : 2
(4,2,0,1) : 3
(4,2,0,1,3,5) : 16
(4,2,0,1,5,3) : 5
(4,2,0,3,1) : 1
(4,2,0,3,1,5) : 12
(4,2,0,3,5,1) : 27
(4,2,0,5,1) : 1
(4,2,0,5,1,3) : 8
(4,2,0,5,3,1) : 26
(4,2,1) : 22
(4,2,1,0) : 1
(4,2,1,0,3,5) : 25
(4,2,1,0,5,3) : 12
(4,2,1,3,0) : 1
(4,2,1,3,0,5) : 25
(4,2,1,3,5,0) : 84
(4,2,1,5) : 1
(4,2,1,5,0) : 3
(4,2,1,5,0,3) : 3
(4,2,1,5,3) : 1
(4,2,1,5,3,0) : 13
(4,2,3) : 43
(4,2,3,0) : 20
(4,2,3,0,1) : 3
(4,2,3,0,1,5) : 36
(4,2,3,0,5) : 5
(4,2,3,0,5,1) : 2126
(4,2,3,1) : 4
(4,2,3,1,0) : 3
(4,2,3,1,0,5) : 58
(4,2,3,1,5) : 1
(4,2,3,1,5,0) : 119
(4,2,3,5) : 4
(4,2,3,5,0) : 3
(4,2,3,5,0,1) : 246
(4,2,3,5,1) : 3
(4,2,3,5,1,0) : 193
(4,2,5) : 8
(4,2,5,0) : 1
(4,2,5,0,1) : 1
(4,2,5,0,1,3) : 12
(4,2,5,0,3,1) : 17
(4,2,5,1) : 1
(4,2,5,1,0,3) : 3
(4,2,5,1,3,0) : 11
(4,2,5,3) : 1
(4,2,5,3,0,1) : 92
(4,2,5,3,1,0) : 63
(4,3) : 52
(4,3,0) : 1
(4,3,0,1,2) : 1
(4,3,0,1,2,5) : 10
(4,3,0,1,5,2) : 6
(4,3,0,2,1,5) : 4
(4,3,0,2,5,1) : 10
(4,3,0,5,1) : 1
(4,3,0,5,1,2) : 8
(4,3,0,5,2,1) : 15
(4,3,1) : 4
(4,3,1,0,2,5) : 11
(4,3,1,0,5) : 4
(4,3,1,0,5,2) : 9
(4,3,1,2) : 1
(4,3,1,2,0,5) : 14
(4,3,1,2,5) : 1
(4,3,1,2,5,0) : 38
(4,3,1,5,0,2) : 10
(4,3,1,5,2,0) : 12
(4,3,2) : 18
(4,3,2,0,1) : 1
(4,3,2,0,1,5) : 16
(4,3,2,0,5) : 1
(4,3,2,0,5,1) : 61
(4,3,2,1) : 2
(4,3,2,1,0,5) : 59
(4,3,2,1,5) : 1
(4,3,2,1,5,0) : 62
(4,3,2,5) : 2
(4,3,2,5,0) : 2
(4,3,2,5,0,1) : 114
(4,3,2,5,1) : 1
(4,3,2,5,1,0) : 75
(4,3,5) : 6
(4,3,5,0,1) : 1
(4,3,5,0,1,2) : 22
(4,3,5,0,2,1) : 23
(4,3,5,1,0,2) : 11
(4,3,5,1,2,0) : 21
(4,3,5,2) : 1
(4,3,5,2,0) : 1
(4,3,5,2,0,1) : 60
(4,3,5,2,1) : 1
(4,3,5,2,1,0) : 58
(4,5) : 49
(4,5,0,1,2,3) : 7
(4,5,0,1,3,2) : 4
(4,5,0,2,1,3) : 4
(4,5,0,2,3) : 1
(4,5,0,2,3,1) : 6
(4,5,0,3,1,2) : 4
(4,5,0,3,2,1) : 14
(4,5,1) : 1
(4,5,1,0,2,3) : 1
(4,5,1,0,3,2) : 4
(4,5,1,2,0,3) : 4
(4,5,1,2,3,0) : 9
(4,5,1,3,0,2) : 4
(4,5,1,3,2,0) : 13
(4,5,2) : 5
(4,5,2,0,1,3) : 3
(4,5,2,0,3,1) : 7
(4,5,2,1,0,3) : 3
(4,5,2,1,3,0) : 2
(4,5,2,3) : 1
(4,5,2,3,0,1) : 45
(4,5,2,3,1) : 3
(4,5,2,3,1,0) : 29
(4,5,3) : 9
(4,5,3,0,1) : 2
(4,5,3,0,1,2) : 23
(4,5,3,0,2) : 1
(4,5,3,0,2,1) : 39
(4,5,3,1) : 1
(4,5,3,1,0,2) : 17
(4,5,3,1,2,0) : 21
(4,5,3,2,0,1) : 113
(4,5,3,2,1,0) : 73
(5) : 705
(5,0) : 5
(5,0,1,2,3,4) : 3
(5,0,1,2,4,3) : 1
(5,0,1,3,4,2) : 2
(5,0,1,4,2,3) : 1
(5,0,1,4,3,2) : 3
(5,0,2,3,1,4) : 1
(5,0,2,3,4,1) : 3
(5,0,2,4,3,1) : 1
(5,0,3,1,4,2) : 2
(5,0,3,2,1,4) : 1
(5,0,3,4,1,2) : 3
(5,0,3,4,2,1) : 1
(5,0,4,1,2,3) : 1
(5,0,4,1,3,2) : 3
(5,0,4,3,1,2) : 1
(5,0,4,3,2,1) : 1
(5,1) : 18
(5,1,0,2,3,4) : 2
(5,1,0,3,4) : 1
(5,1,0,3,4,2) : 2
(5,1,0,4,3,2) : 1
(5,1,2) : 1
(5,1,2,3) : 1
(5,1,2,3,0,4) : 2
(5,1,2,3,4,0) : 2
(5,1,3,0,4,2) : 5
(5,1,3,2,0,4) : 3
(5,1,3,2,4,0) : 3
(5,1,3,4,0,2) : 2
(5,1,3,4,2,0) : 6
(5,1,4) : 2
(5,1,4,0,2,3) : 2
(5,1,4,2,0,3) : 2
(5,1,4,2,3,0) : 4
(5,1,4,3,0,2) : 1
(5,1,4,3,2) : 1
(5,1,4,3,2,0) : 6
(5,2) : 7
(5,2,0,1,4,3) : 1
(5,2,0,3,1,4) : 1
(5,2,1) : 1
(5,2,1,0,3,4) : 2
(5,2,1,3,0,4) : 1
(5,2,1,3,4,0) : 3
(5,2,1,4,0,3) : 1
(5,2,3,0) : 1
(5,2,3,0,1,4) : 2
(5,2,3,0,4,1) : 5
(5,2,3,1,0,4) : 1
(5,2,3,1,4) : 1
(5,2,3,1,4,0) : 1
(5,2,3,4,0,1) : 1
(5,2,3,4,1,0) : 9
(5,2,4,1,3,0) : 2
(5,2,4,3,0,1) : 1
(5,2,4,3,1,0) : 4
(5,3) : 26
(5,3,0) : 3
(5,3,0,1,2,4) : 5
(5,3,0,1,4,2) : 6
(5,3,0,2,1,4) : 2
(5,3,0,2,4,1) : 5
(5,3,0,4,1,2) : 5
(5,3,0,4,2) : 1
(5,3,1,0,4,2) : 4
(5,3,1,2,0,4) : 2
(5,3,1,2,4,0) : 2
(5,3,1,4,0,2) : 2
(5,3,1,4,2,0) : 6
(5,3,2) : 1
(5,3,2,0,1,4) : 9
(5,3,2,0,4,1) : 3
(5,3,2,1,0,4) : 4
(5,3,2,1,4) : 1
(5,3,2,1,4,0) : 3
(5,3,2,4,0,1) : 4
(5,3,2,4,1,0) : 9
(5,3,4,0,1,2) : 1
(5,3,4,0,2,1) : 1
(5,3,4,1,0,2) : 6
(5,3,4,1,2,0) : 6
(5,3,4,2,0,1) : 3
(5,3,4,2,1) : 1
(5,3,4,2,1,0) : 7
(5,4) : 7
(5,4,0,1,2,3) : 1
(5,4,0,1,3,2) : 2
(5,4,0,3,2,1) : 2
(5,4,1,0,2,3) : 1
(5,4,1,0,3,2) : 1
(5,4,1,2,3,0) : 1
(5,4,1,3,0,2) : 1
(5,4,1,3,2,0) : 1
(5,4,2) : 1
(5,4,2,0,1,3) : 2
(5,4,2,1,0,3) : 1
(5,4,2,1,3,0) : 2
(5,4,2,3,0,1) : 7
(5,4,2,3,1) : 1
(5,4,2,3,1,0) : 3
(5,4,3) : 4
(5,4,3,0,1,2) : 3
(5,4,3,0,2,1) : 6
(5,4,3,1,0,2) : 6
(5,4,3,1,2,0) : 9
(5,4,3,2,0,1) : 6
(5,4,3,2,1,0) : 27
