0, 1, 2, 3, 4, 5, 6
LAB,NLT,GRN,LIB,SA,IND,CDP
-+-+-+-+-
() : 136
(0) : 9790
(0,1) : 111
(0,1,2) : 32
(0,1,2,3) : 13
(0,1,2,3,4) : 6
(0,1,2,3,4,5) : 12
(0,1,2,3,4,5,6) : 288
(0,1,2,3,4,6,5) : 6
(0,1,2,3,5,4,6) : 18
(0,1,2,3,5,6,4) : 6
(0,1,2,3,6) : 1
(0,1,2,3,6,4,5) : 2
(0,1,2,3,6,5,4) : 5
(0,1,2,4) : 2
(0,1,2,4,3) : 1
(0,1,2,4,3,5,6) : 22
(0,1,2,4,3,6,5) : 1
(0,1,2,4,5,3,6) : 7
(0,1,2,4,5,6,3) : 48
(0,1,2,4,6,3,5) : 1
(0,1,2,4,6,5,3) : 9
(0,1,2,5,3,4,6) : 11
(0,1,2,5,4,3,6) : 9
(0,1,2,5,4,6,3) : 10
(0,1,2,5,6,3,4) : 1
(0,1,2,5,6,4,3) : 8
(0,1,2,6) : 2
(0,1,2,6,3,4,5) : 3
(0,1,2,6,3,5,4) : 1
(0,1,2,6,4,3,5) : 1
(0,1,2,6,4,5,3) : 7
(0,1,2,6,5,3,4) : 1
(0,1,2,6,5,4,3) : 9
(0,1,3) : 11
(0,1,3,2) : 7
(0,1,3,2,4) : 1
(0,1,3,2,4,5) : 2
(0,1,3,2,4,5,6) : 20
(0,1,3,2,4,6,5) : 5
(0,1,3,2,5,4,6) : 7
(0,1,3,2,6,4) : 1
(0,1,3,2,6,4,5) : 2
(0,1,3,4) : 2
(0,1,3,4,2,5,6) : 7
(0,1,3,4,5) : 5
(0,1,3,4,5,2,6) : 5
(0,1,3,4,5,6,2) : 22
(0,1,3,4,6,2) : 1
(0,1,3,4,6,2,5) : 1
(0,1,3,4,6,5,2) : 2
(0,1,3,5) : 1
(0,1,3,5,2,4,6) : 2
(0,1,3,5,4,2,6) : 3
(0,1,3,5,4,6,2) : 3
(0,1,3,5,6,2,4) : 2
(0,1,3,5,6,4,2) : 3
(0,1,3,6,2,4,5) : 1
(0,1,3,6,2,5,4) : 2
(0,1,3,6,4,5,2) : 2
(0,1,3,6,5,4,2) : 1
(0,1,4) : 4
(0,1,4,2) : 5
(0,1,4,2,3,5,6) : 5
(0,1,4,2,3,6,5) : 1
(0,1,4,2,5,3,6) : 2
(0,1,4,2,5,6,3) : 9
(0,1,4,2,6,3,5) : 1
(0,1,4,2,6,5,3) : 4
(0,1,4,3,2,5,6) : 9
(0,1,4,3,2,6,5) : 1
(0,1,4,5,2,3,6) : 6
(0,1,4,5,2,6,3) : 3
(0,1,4,5,3,2,6) : 1
(0,1,4,5,6) : 2
(0,1,4,5,6,2,3) : 14
(0,1,4,5,6,3,2) : 3
(0,1,4,6,2,5,3) : 1
(0,1,4,6,5,2,3) : 3
(0,1,5) : 1
(0,1,5,2,3) : 1
(0,1,5,2,3,4,6) : 5
(0,1,5,2,3,6,4) : 2
(0,1,5,2,4,3,6) : 1
(0,1,5,2,4,6,3) : 1
(0,1,5,3,2,4,6) : 1
(0,1,5,3,4,2,6) : 3
(0,1,5,3,6,4,2) : 1
(0,1,5,4,2,3,6) : 3
(0,1,5,4,2,6,3) : 2
(0,1,5,4,3,2,6) : 1
(0,1,5,4,6,2,3) : 3
(0,1,5,4,6,3,2) : 2
(0,1,5,6) : 1
(0,1,5,6,2,3) : 1
(0,1,5,6,2,3,4) : 2
(0,1,5,6,2,4,3) : 3
(0,1,5,6,4,2,3) : 4
(0,1,5,6,4,3,2) : 4
(0,1,6) : 4
(0,1,6,2,3,4,5) : 2
(0,1,6,2,4,3) : 1
(0,1,6,2,4,3,5) : 4
(0,1,6,2,4,5,3) : 1
(0,1,6,2,5,4,3) : 4
(0,1,6,3,2,5,4) : 1
(0,1,6,3,4,2,5) : 1
(0,1,6,4,5,2,3) : 2
(0,1,6,5,2,4,3) : 4
(0,1,6,5,3,4,2) : 1
(0,1,6,5,4,2,3) : 8
(0,1,6,5,4,3,2) : 5
(0,2) : 1291
(0,2,1) : 48
(0,2,1,3) : 9
(0,2,1,3,4) : 1
(0,2,1,3,4,5) : 1
(0,2,1,3,4,5,6) : 120
(0,2,1,3,4,6) : 1
(0,2,1,3,4,6,5) : 14
(0,2,1,3,5,4,6) : 33
(0,2,1,3,5,6,4) : 3
(0,2,1,3,6,4,5) : 5
(0,2,1,3,6,5,4) : 5
(0,2,1,4) : 7
(0,2,1,4,3) : 3
(0,2,1,4,3,5) : 1
(0,2,1,4,3,5,6) : 50
(0,2,1,4,3,6,5) : 13
(0,2,1,4,5) : 2
(0,2,1,4,5,3,6) : 61
(0,2,1,4,5,6,3) : 111
(0,2,1,4,6,3,5) : 5
(0,2,1,4,6,5,3) : 26
(0,2,1,5,3,4) : 1
(0,2,1,5,3,4,6) : 17
(0,2,1,5,3,6) : 1
(0,2,1,5,3,6,4) : 2
(0,2,1,5,4) : 1
(0,2,1,5,4,3) : 1
(0,2,1,5,4,3,6) : 43
(0,2,1,5,4,6,3) : 43
(0,2,1,5,6,3,4) : 1
(0,2,1,5,6,4,3) : 23
(0,2,1,6) : 1
(0,2,1,6,3,4,5) : 1
(0,2,1,6,3,5,4) : 2
(0,2,1,6,4,3,5) : 2
(0,2,1,6,4,5,3) : 5
(0,2,1,6,5,3,4) : 1
(0,2,1,6,5,4,3) : 24
(0,2,3) : 156
(0,2,3,1) : 13
(0,2,3,1,4) : 1
(0,2,3,1,4,5) : 1
(0,2,3,1,4,5,6) : 132
(0,2,3,1,4,6,5) : 25
(0,2,3,1,5,4) : 1
(0,2,3,1,5,4,6) : 36
(0,2,3,1,5,6,4) : 8
(0,2,3,1,6) : 1
(0,2,3,1,6,4,5) : 6
(0,2,3,1,6,5,4) : 9
(0,2,3,4) : 6
(0,2,3,4,1,5,6) : 101
(0,2,3,4,1,6) : 1
(0,2,3,4,1,6,5) : 10
(0,2,3,4,5) : 3
(0,2,3,4,5,1) : 1
(0,2,3,4,5,1,6) : 73
(0,2,3,4,5,6) : 1
(0,2,3,4,5,6,1) : 35
(0,2,3,4,6) : 2
(0,2,3,4,6,1,5) : 8
(0,2,3,4,6,5,1) : 9
(0,2,3,5) : 2
(0,2,3,5,1,4,6) : 39
(0,2,3,5,1,6,4) : 7
(0,2,3,5,4,1) : 1
(0,2,3,5,4,1,6) : 39
(0,2,3,5,4,6,1) : 7
(0,2,3,5,6,1,4) : 2
(0,2,3,5,6,4,1) : 15
(0,2,3,6,1,4,5) : 6
(0,2,3,6,1,5,4) : 4
(0,2,3,6,4,1,5) : 13
(0,2,3,6,4,5,1) : 6
(0,2,3,6,5,1,4) : 4
(0,2,3,6,5,4,1) : 4
(0,2,4) : 177
(0,2,4,1) : 5
(0,2,4,1,3) : 1
(0,2,4,1,3,5,6) : 81
(0,2,4,1,3,6,5) : 13
(0,2,4,1,5) : 1
(0,2,4,1,5,3) : 1
(0,2,4,1,5,3,6) : 113
(0,2,4,1,5,6) : 3
(0,2,4,1,5,6,3) : 110
(0,2,4,1,6,3) : 2
(0,2,4,1,6,3,5) : 3
(0,2,4,1,6,5) : 1
(0,2,4,1,6,5,3) : 20
(0,2,4,3) : 6
(0,2,4,3,1,5,6) : 97
(0,2,4,3,1,6,5) : 14
(0,2,4,3,5) : 1
(0,2,4,3,5,1,6) : 50
(0,2,4,3,5,6,1) : 15
(0,2,4,3,6,1,5) : 1
(0,2,4,3,6,5,1) : 7
(0,2,4,5) : 23
(0,2,4,5,1) : 3
(0,2,4,5,1,3) : 1
(0,2,4,5,1,3,6) : 199
(0,2,4,5,1,6) : 9
(0,2,4,5,1,6,3) : 144
(0,2,4,5,3) : 2
(0,2,4,5,3,1) : 1
(0,2,4,5,3,1,6) : 96
(0,2,4,5,3,6) : 1
(0,2,4,5,3,6,1) : 14
(0,2,4,5,6) : 6
(0,2,4,5,6,1) : 27
(0,2,4,5,6,1,3) : 3589
(0,2,4,5,6,3) : 5
(0,2,4,5,6,3,1) : 38
(0,2,4,6) : 2
(0,2,4,6,1) : 2
(0,2,4,6,1,3,5) : 9
(0,2,4,6,1,5,3) : 18
(0,2,4,6,3,1,5) : 7
(0,2,4,6,3,5) : 1
(0,2,4,6,3,5,1) : 2
(0,2,4,6,5,1) : 1
(0,2,4,6,5,1,3) : 27
(0,2,4,6,5,3) : 2
(0,2,4,6,5,3,1) : 5
(0,2,5) : 15
(0,2,5,1) : 2
(0,2,5,1,3,4,6) : 36
(0,2,5,1,3,6,4) : 2
(0,2,5,1,4,3) : 1
(0,2,5,1,4,3,6) : 40
(0,2,5,1,4,6,3) : 40
(0,2,5,1,6,3,4) : 5
(0,2,5,1,6,4,3) : 6
(0,2,5,3) : 4
(0,2,5,3,1,4,6) : 22
(0,2,5,3,1,6,4) : 5
(0,2,5,3,4,1,6) : 18
(0,2,5,3,4,6,1) : 3
(0,2,5,3,6,1,4) : 4
(0,2,5,3,6,4,1) : 1
(0,2,5,4) : 3
(0,2,5,4,1) : 1
(0,2,5,4,1,3,6) : 63
(0,2,5,4,1,6,3) : 39
(0,2,5,4,3,1,6) : 28
(0,2,5,4,6,1,3) : 20
(0,2,5,4,6,3) : 1
(0,2,5,4,6,3,1) : 3
(0,2,5,6,1,3,4) : 1
(0,2,5,6,1,4,3) : 6
(0,2,5,6,3,1,4) : 1
(0,2,5,6,3,4,1) : 4
(0,2,5,6,4,1,3) : 16
(0,2,5,6,4,3,1) : 5
(0,2,6) : 21
(0,2,6,1) : 1
(0,2,6,1,3,4,5) : 5
(0,2,6,1,3,5,4) : 2
(0,2,6,1,4) : 1
(0,2,6,1,4,3) : 1
(0,2,6,1,4,3,5) : 5
(0,2,6,1,4,5,3) : 8
(0,2,6,1,5,3,4) : 1
(0,2,6,1,5,4,3) : 10
(0,2,6,3) : 2
(0,2,6,3,1,4,5) : 4
(0,2,6,3,1,5,4) : 1
(0,2,6,3,4,1,5) : 4
(0,2,6,3,4,5,1) : 3
(0,2,6,3,5,1,4) : 2
(0,2,6,3,5,4,1) : 2
(0,2,6,4) : 1
(0,2,6,4,1,3) : 1
(0,2,6,4,1,3,5) : 3
(0,2,6,4,1,5,3) : 6
(0,2,6,4,3,1,5) : 5
(0,2,6,4,3,5,1) : 3
(0,2,6,4,5,1,3) : 12
(0,2,6,4,5,3,1) : 2
(0,2,6,5) : 2
(0,2,6,5,1,3,4) : 1
(0,2,6,5,1,4,3) : 10
(0,2,6,5,3,4,1) : 1
(0,2,6,5,4,1) : 1
(0,2,6,5,4,1,3) : 19
(0,2,6,5,4,3,1) : 8
(0,3) : 174
(0,3,1) : 11
(0,3,1,2) : 2
(0,3,1,2,4) : 2
(0,3,1,2,4,5,6) : 38
(0,3,1,2,4,6,5) : 5
(0,3,1,2,5,4,6) : 8
(0,3,1,2,5,6,4) : 6
(0,3,1,2,6,4) : 1
(0,3,1,2,6,4,5) : 4
(0,3,1,2,6,5,4) : 4
(0,3,1,4,2,5,6) : 8
(0,3,1,4,2,6,5) : 2
(0,3,1,4,5,2,6) : 3
(0,3,1,4,5,6,2) : 8
(0,3,1,4,6,5,2) : 2
(0,3,1,5,2,4,6) : 2
(0,3,1,5,2,6,4) : 2
(0,3,1,5,4,2,6) : 2
(0,3,1,5,4,6,2) : 4
(0,3,1,5,6,2,4) : 2
(0,3,1,6) : 1
(0,3,1,6,2,4,5) : 5
(0,3,1,6,2,5,4) : 1
(0,3,1,6,4,5,2) : 1
(0,3,1,6,5) : 1
(0,3,1,6,5,2,4) : 1
(0,3,1,6,5,4,2) : 4
(0,3,2) : 84
(0,3,2,1) : 1
(0,3,2,1,4) : 1
(0,3,2,1,4,5) : 1
(0,3,2,1,4,5,6) : 89
(0,3,2,1,4,6,5) : 10
(0,3,2,1,5,4,6) : 14
(0,3,2,1,5,6,4) : 7
(0,3,2,1,6,4,5) : 5
(0,3,2,1,6,5,4) : 7
(0,3,2,4) : 1
(0,3,2,4,1) : 2
(0,3,2,4,1,5,6) : 18
(0,3,2,4,1,6) : 2
(0,3,2,4,1,6,5) : 6
(0,3,2,4,5,1,6) : 13
(0,3,2,4,5,6,1) : 9
(0,3,2,4,6,1,5) : 2
(0,3,2,4,6,5,1) : 5
(0,3,2,5) : 4
(0,3,2,5,1,4,6) : 12
(0,3,2,5,1,6) : 1
(0,3,2,5,1,6,4) : 2
(0,3,2,5,4,1,6) : 8
(0,3,2,5,4,6,1) : 1
(0,3,2,5,6,1,4) : 8
(0,3,2,5,6,4,1) : 5
(0,3,2,6,1,4,5) : 6
(0,3,2,6,1,5,4) : 1
(0,3,2,6,4,1,5) : 4
(0,3,2,6,4,5,1) : 2
(0,3,2,6,5,1,4) : 4
(0,3,2,6,5,4,1) : 3
(0,3,4) : 4
(0,3,4,1,2,5,6) : 5
(0,3,4,2,1,5,6) : 6
(0,3,4,2,1,6) : 1
(0,3,4,2,1,6,5) : 3
(0,3,4,2,5,1,6) : 5
(0,3,4,2,5,6,1) : 1
(0,3,4,5,1,2,6) : 2
(0,3,4,5,1,6,2) : 1
(0,3,4,5,2,1,6) : 2
(0,3,4,5,6) : 1
(0,3,4,5,6,1) : 2
(0,3,4,5,6,1,2) : 10
(0,3,4,5,6,2,1) : 6
(0,3,4,6,1,2,5) : 1
(0,3,4,6,2,1,5) : 1
(0,3,5) : 3
(0,3,5,1) : 1
(0,3,5,1,2,4,6) : 4
(0,3,5,1,2,6,4) : 2
(0,3,5,1,4,2,6) : 2
(0,3,5,1,4,6,2) : 3
(0,3,5,1,6,4,2) : 2
(0,3,5,2,1,4,6) : 1
(0,3,5,2,1,6) : 2
(0,3,5,2,1,6,4) : 2
(0,3,5,2,4,1,6) : 1
(0,3,5,2,4,6,1) : 1
(0,3,5,2,6,1,4) : 1
(0,3,5,2,6,4,1) : 1
(0,3,5,4,1,2,6) : 5
(0,3,5,4,1,6,2) : 1
(0,3,5,4,2,1,6) : 1
(0,3,5,4,6,1,2) : 3
(0,3,5,4,6,2,1) : 1
(0,3,5,6) : 1
(0,3,5,6,1,2) : 1
(0,3,5,6,1,2,4) : 6
(0,3,5,6,1,4,2) : 2
(0,3,5,6,2,1,4) : 1
(0,3,5,6,4,1,2) : 1
(0,3,5,6,4,2,1) : 3
(0,3,6) : 3
(0,3,6,1,2,4,5) : 3
(0,3,6,1,4,5,2) : 3
(0,3,6,1,5,2,4) : 1
(0,3,6,1,5,4,2) : 2
(0,3,6,2) : 1
(0,3,6,2,1,4,5) : 4
(0,3,6,2,4,1,5) : 3
(0,3,6,2,4,5,1) : 1
(0,3,6,2,5,1,4) : 1
(0,3,6,2,5,4,1) : 1
(0,3,6,4,1,2,5) : 1
(0,3,6,4,1,5,2) : 2
(0,3,6,4,2,1,5) : 1
(0,3,6,4,5,1,2) : 3
(0,3,6,4,5,2,1) : 1
(0,3,6,5,1,2,4) : 4
(0,3,6,5,1,4,2) : 5
(0,3,6,5,2,1,4) : 1
(0,3,6,5,2,4,1) : 1
(0,3,6,5,4,1,2) : 4
(0,3,6,5,4,2,1) : 2
(0,4) : 33
(0,4,1) : 1
(0,4,1,2,3,5,6) : 6
(0,4,1,2,3,6,5) : 3
(0,4,1,2,5) : 1
(0,4,1,2,5,3) : 1
(0,4,1,2,5,3,6) : 2
(0,4,1,2,5,6,3) : 8
(0,4,1,2,6,5,3) : 1
(0,4,1,5) : 1
(0,4,1,5,2,3,6) : 1
(0,4,1,5,6,2,3) : 2
(0,4,1,6,2,3) : 1
(0,4,2) : 34
(0,4,2,1) : 3
(0,4,2,1,3,5,6) : 11
(0,4,2,1,3,6,5) : 1
(0,4,2,1,5,3,6) : 12
(0,4,2,1,5,6) : 1
(0,4,2,1,5,6,3) : 16
(0,4,2,1,6,3,5) : 1
(0,4,2,1,6,5,3) : 5
(0,4,2,3) : 2
(0,4,2,3,1,5,6) : 10
(0,4,2,3,1,6,5) : 2
(0,4,2,3,5,1,6) : 4
(0,4,2,3,6,1,5) : 1
(0,4,2,3,6,5,1) : 1
(0,4,2,5) : 1
(0,4,2,5,1,3,6) : 17
(0,4,2,5,1,6,3) : 12
(0,4,2,5,3,1,6) : 6
(0,4,2,5,6,1,3) : 10
(0,4,2,5,6,3,1) : 1
(0,4,2,6) : 1
(0,4,2,6,1,3,5) : 2
(0,4,2,6,1,5,3) : 1
(0,4,2,6,3,1,5) : 1
(0,4,2,6,5,1,3) : 3
(0,4,3) : 1
(0,4,3,1,2,5,6) : 2
(0,4,3,2,1,5,6) : 2
(0,4,3,2,5,1,6) : 1
(0,4,3,2,5,6,1) : 1
(0,4,3,2,6,5,1) : 1
(0,4,3,5,1,2,6) : 1
(0,4,3,5,6,1,2) : 1
(0,4,3,6,2,1,5) : 1
(0,4,5) : 1
(0,4,5,1) : 1
(0,4,5,1,2,3,6) : 3
(0,4,5,1,2,6) : 1
(0,4,5,1,2,6,3) : 3
(0,4,5,1,3,2,6) : 1
(0,4,5,1,6,2,3) : 1
(0,4,5,2,1,3,6) : 1
(0,4,5,2,1,6) : 1
(0,4,5,2,1,6,3) : 2
(0,4,5,2,3,1,6) : 1
(0,4,5,2,6,3,1) : 1
(0,4,5,3,2) : 1
(0,4,5,3,2,1,6) : 1
(0,4,5,3,6,1,2) : 1
(0,4,5,3,6,2,1) : 1
(0,4,5,6,1,2,3) : 4
(0,4,5,6,1,3,2) : 2
(0,4,5,6,2,1,3) : 6
(0,4,5,6,2,3,1) : 2
(0,4,5,6,3,2,1) : 4
(0,4,6,1,2,3,5) : 1
(0,4,6,1,2,5,3) : 1
(0,4,6,2) : 1
(0,4,6,2,1,5,3) : 3
(0,4,6,2,3,1,5) : 2
(0,4,6,3,1,2,5) : 1
(0,4,6,5,1,2,3) : 3
(0,4,6,5,2,1,3) : 1
(0,4,6,5,2,3,1) : 1
(0,5) : 12
(0,5,1,2,3,4,6) : 5
(0,5,1,2,3,6,4) : 1
(0,5,1,2,4,3,6) : 4
(0,5,1,2,4,6,3) : 1
(0,5,1,3) : 1
(0,5,1,3,2,4,6) : 1
(0,5,1,3,2,6,4) : 1
(0,5,1,3,4,6,2) : 1
(0,5,1,4,2) : 1
(0,5,1,4,2,6,3) : 1
(0,5,1,4,3,6,2) : 1
(0,5,1,4,6,3,2) : 1
(0,5,1,6,2,3,4) : 1
(0,5,1,6,4,3,2) : 3
(0,5,2,1,3,4,6) : 1
(0,5,2,1,4,3,6) : 1
(0,5,2,1,4,6,3) : 2
(0,5,2,1,6,3,4) : 1
(0,5,2,1,6,4,3) : 1
(0,5,2,3,1,4,6) : 4
(0,5,2,3,4,6,1) : 1
(0,5,2,4,3,1,6) : 1
(0,5,2,4,6,1,3) : 2
(0,5,2,6,1,4,3) : 1
(0,5,2,6,4,1,3) : 1
(0,5,3,1,2,4,6) : 1
(0,5,3,1,4,6,2) : 1
(0,5,3,2,1,4) : 1
(0,5,3,2,1,4,6) : 3
(0,5,3,2,1,6,4) : 1
(0,5,3,2,4,1,6) : 1
(0,5,3,2,6,1,4) : 1
(0,5,3,2,6,4,1) : 1
(0,5,3,4,1,2,6) : 1
(0,5,3,4,2,1,6) : 2
(0,5,3,4,6,1,2) : 1
(0,5,3,6,2,1) : 1
(0,5,3,6,2,4,1) : 1
(0,5,4) : 2
(0,5,4,1,2,3,6) : 1
(0,5,4,1,3,2,6) : 2
(0,5,4,1,6,3,2) : 1
(0,5,4,2,1,3,6) : 1
(0,5,4,2,1,6,3) : 2
(0,5,4,2,3,1,6) : 2
(0,5,4,2,6,1) : 1
(0,5,4,2,6,1,3) : 1
(0,5,4,3,2,1,6) : 2
(0,5,4,3,6,2,1) : 1
(0,5,4,6,2,1,3) : 1
(0,5,4,6,3,2,1) : 1
(0,5,6) : 1
(0,5,6,1,2,3) : 1
(0,5,6,1,2,3,4) : 2
(0,5,6,1,2,4,3) : 2
(0,5,6,2,1,4,3) : 3
(0,5,6,3,2,4,1) : 1
(0,5,6,4,1,3,2) : 2
(0,5,6,4,2,1,3) : 1
(0,5,6,4,2,3,1) : 1
(0,5,6,4,3,2,1) : 4
(0,6) : 24
(0,6,1) : 1
(0,6,1,2,3,4,5) : 5
(0,6,1,2,3,5,4) : 3
(0,6,1,2,4,3) : 1
(0,6,1,2,4,5,3) : 5
(0,6,1,2,5,4,3) : 3
(0,6,1,3,2,4,5) : 1
(0,6,1,3,5) : 2
(0,6,1,3,5,4,2) : 1
(0,6,1,4,2,3,5) : 1
(0,6,1,4,2,5,3) : 1
(0,6,1,4,5,2,3) : 2
(0,6,1,4,5,3,2) : 2
(0,6,1,5,2,3,4) : 1
(0,6,1,5,2,4,3) : 4
(0,6,1,5,4,2,3) : 4
(0,6,1,5,4,3,2) : 1
(0,6,2) : 6
(0,6,2,1) : 1
(0,6,2,1,3,4,5) : 1
(0,6,2,1,4,3,5) : 1
(0,6,2,1,4,5,3) : 6
(0,6,2,1,5,3,4) : 1
(0,6,2,1,5,4,3) : 3
(0,6,2,3,1,4,5) : 4
(0,6,2,3,1,5,4) : 3
(0,6,2,3,4,1,5) : 1
(0,6,2,4,1,3) : 1
(0,6,2,4,1,5) : 1
(0,6,2,4,3,1,5) : 2
(0,6,2,4,5,1,3) : 7
(0,6,2,5,1,4,3) : 1
(0,6,2,5,3) : 1
(0,6,2,5,3,1,4) : 1
(0,6,2,5,4,1,3) : 1
(0,6,3) : 3
(0,6,3,1,2,4,5) : 1
(0,6,3,1,2,5,4) : 2
(0,6,3,1,4,5,2) : 3
(0,6,3,2) : 1
(0,6,3,2,1,4,5) : 5
(0,6,3,2,1,5,4) : 1
(0,6,3,2,4,5,1) : 1
(0,6,3,2,5,1,4) : 1
(0,6,3,2,5,4,1) : 1
(0,6,3,4,1,2,5) : 1
(0,6,3,4,2,1,5) : 1
(0,6,3,4,5,1,2) : 6
(0,6,3,4,5,2,1) : 1
(0,6,3,5,1,2,4) : 1
(0,6,3,5,1,4,2) : 1
(0,6,3,5,2,1,4) : 1
(0,6,3,5,4,1,2) : 2
(0,6,4,1,2,3,5) : 2
(0,6,4,1,2,5,3) : 1
(0,6,4,1,5,2,3) : 1
(0,6,4,2,1,3,5) : 2
(0,6,4,2,1,5,3) : 1
(0,6,4,2,3,1,5) : 1
(0,6,4,2,5,1,3) : 2
(0,6,4,3,1,5,2) : 2
(0,6,4,3,5,1,2) : 2
(0,6,4,5,2,1,3) : 1
(0,6,4,5,2,3,1) : 1
(0,6,4,5,3,1,2) : 1
(0,6,4,5,3,2,1) : 1
(0,6,5) : 1
(0,6,5,1,2,3,4) : 4
(0,6,5,1,2,4,3) : 3
(0,6,5,1,3,2,4) : 1
(0,6,5,1,4,2,3) : 3
(0,6,5,1,4,3,2) : 2
(0,6,5,2,1,3,4) : 1
(0,6,5,2,1,4,3) : 4
(0,6,5,2,3,1,4) : 1
(0,6,5,2,3,4,1) : 4
(0,6,5,2,4,1) : 1
(0,6,5,3,2,1,4) : 1
(0,6,5,3,2,4,1) : 1
(0,6,5,3,4,1,2) : 1
(0,6,5,4,1,2,3) : 6
(0,6,5,4,1,3,2) : 3
(0,6,5,4,2,1,3) : 1
(0,6,5,4,3,1,2) : 1
(0,6,5,4,3,2,1) : 10
(1) : 547
(1,0) : 23
(1,0,2) : 5
(1,0,2,3) : 2
(1,0,2,3,4,5,6) : 20
(1,0,2,3,4,6,5) : 3
(1,0,2,3,5,4,6) : 5
(1,0,2,3,5,6,4) : 1
(1,0,2,3,6,4,5) : 1
(1,0,2,4) : 2
(1,0,2,4,3) : 1
(1,0,2,4,3,5,6) : 4
(1,0,2,4,5,3,6) : 1
(1,0,2,4,5,6,3) : 6
(1,0,2,4,6,5,3) : 3
(1,0,2,5,4,3,6) : 1
(1,0,2,5,6,4,3) : 1
(1,0,2,6) : 1
(1,0,2,6,3,4,5) : 1
(1,0,2,6,3,5,4) : 1
(1,0,3) : 5
(1,0,3,2,4,5,6) : 6
(1,0,3,2,5,4,6) : 5
(1,0,3,4,2,5,6) : 2
(1,0,3,4,5,6,2) : 1
(1,0,3,4,6,2,5) : 1
(1,0,3,5,2,4,6) : 1
(1,0,3,5,4,2,6) : 2
(1,0,3,5,4,6,2) : 1
(1,0,3,5,6,4,2) : 1
(1,0,4,2,3,5,6) : 3
(1,0,4,3,5,2,6) : 1
(1,0,4,5,3,2,6) : 1
(1,0,4,5,6,2,3) : 2
(1,0,4,5,6,3,2) : 1
(1,0,4,6,5,3,2) : 1
(1,0,5,3,2,4,6) : 1
(1,0,6) : 2
(1,0,6,2) : 1
(1,0,6,2,3,4,5) : 1
(1,0,6,2,3,5,4) : 1
(1,0,6,3) : 1
(1,0,6,3,4,5,2) : 3
(1,0,6,3,5,2,4) : 1
(1,0,6,5,4,3,2) : 1
(1,2) : 11
(1,2,0) : 1
(1,2,0,3,4,5,6) : 3
(1,2,0,3,5,4,6) : 1
(1,2,0,4,5,6,3) : 1
(1,2,0,4,6,5,3) : 1
(1,2,0,5,4,6,3) : 1
(1,2,0,6,3,4,5) : 1
(1,2,0,6,4,5,3) : 1
(1,2,0,6,5,4,3) : 1
(1,2,3) : 2
(1,2,3,0,4,5,6) : 2
(1,2,3,4) : 2
(1,2,3,4,0,6,5) : 1
(1,2,3,4,5,0,6) : 1
(1,2,3,4,5,6,0) : 3
(1,2,3,5,4,6,0) : 1
(1,2,3,5,6,4,0) : 1
(1,2,4) : 1
(1,2,4,0,3,5,6) : 1
(1,2,4,0,5,6) : 1
(1,2,4,0,5,6,3) : 1
(1,2,4,0,6,5,3) : 1
(1,2,4,3) : 1
(1,2,4,3,0,5,6) : 1
(1,2,4,5,0,3,6) : 1
(1,2,4,5,6,3,0) : 1
(1,2,5,0,3,4,6) : 1
(1,2,5,6,4,0,3) : 2
(1,2,6,5,4,0,3) : 1
(1,2,6,5,4,3,0) : 1
(1,3) : 13
(1,3,0) : 1
(1,3,0,2,4,5,6) : 4
(1,3,0,2,4,6,5) : 1
(1,3,0,2,5,6,4) : 1
(1,3,0,2,6,4,5) : 1
(1,3,0,2,6,5,4) : 1
(1,3,0,4,5,6,2) : 1
(1,3,0,5,6,4,2) : 1
(1,3,0,6,2,4,5) : 1
(1,3,0,6,5,2,4) : 3
(1,3,0,6,5,4,2) : 2
(1,3,2,0) : 1
(1,3,2,0,4,5,6) : 3
(1,3,2,0,5,6,4) : 1
(1,3,2,0,6,5,4) : 1
(1,3,2,4,5,0,6) : 1
(1,3,2,4,5,6,0) : 1
(1,3,2,5,4,6,0) : 1
(1,3,2,6,4,0,5) : 1
(1,3,4) : 2
(1,3,4,2,0,5,6) : 1
(1,3,4,2,0,6,5) : 1
(1,3,4,2,5,0,6) : 2
(1,3,4,5) : 1
(1,3,4,5,6) : 1
(1,3,4,5,6,0,2) : 2
(1,3,4,5,6,2,0) : 1
(1,3,4,6,2,0,5) : 1
(1,3,4,6,5,2,0) : 1
(1,3,5) : 1
(1,3,5,0,2,6,4) : 1
(1,3,5,0,4,6,2) : 2
(1,3,5,2,0,4,6) : 2
(1,3,5,2,0,6,4) : 1
(1,3,5,4,2,0,6) : 1
(1,3,5,4,6,0,2) : 1
(1,3,5,4,6,2,0) : 3
(1,3,5,6,0) : 1
(1,3,5,6,4,2,0) : 1
(1,3,6) : 1
(1,3,6,0,2,4,5) : 2
(1,3,6,0,5,2,4) : 1
(1,3,6,0,5,4,2) : 1
(1,3,6,2,0,4,5) : 1
(1,3,6,4,5,0,2) : 2
(1,3,6,4,5,2,0) : 2
(1,3,6,5,0,2,4) : 2
(1,3,6,5,4,0,2) : 1
(1,3,6,5,4,2,0) : 1
(1,4) : 3
(1,4,0) : 1
(1,4,0,3,2,6,5) : 1
(1,4,2) : 2
(1,4,2,0,3,5,6) : 2
(1,4,3,0,5,2,6) : 1
(1,4,3,2) : 1
(1,4,5) : 1
(1,4,5,0,3,2,6) : 1
(1,4,5,0,6,2,3) : 1
(1,4,5,6,0,2,3) : 1
(1,4,5,6,3,2,0) : 1
(1,4,6,5,0,3,2) : 2
(1,5) : 1
(1,5,0,2,3) : 1
(1,5,0,3,6,4,2) : 1
(1,5,2) : 1
(1,5,2,4,6,0,3) : 1
(1,5,3,0,4,6,2) : 1
(1,5,3,4,6,2,0) : 1
(1,5,3,6,0,4,2) : 1
(1,5,4,0,2,3,6) : 1
(1,5,4,0,6,2,3) : 1
(1,5,4,2,0,3,6) : 1
(1,5,4,6,3,0,2) : 1
(1,5,6,0,3,2,4) : 1
(1,5,6,3,2,0,4) : 1
(1,5,6,4,2,3,0) : 1
(1,6) : 7
(1,6,2,3,5,4,0) : 1
(1,6,3) : 1
(1,6,3,0,2,4,5) : 1
(1,6,3,0,2,5,4) : 3
(1,6,4,0,2,3,5) : 1
(1,6,5) : 1
(1,6,5,3,0,2,4) : 1
(1,6,5,3,2,4,0) : 1
(2) : 4662
(2,0) : 1454
(2,0,1) : 29
(2,0,1,3) : 7
(2,0,1,3,4,5,6) : 67
(2,0,1,3,4,6,5) : 7
(2,0,1,3,5,4,6) : 14
(2,0,1,3,5,6) : 1
(2,0,1,3,5,6,4) : 2
(2,0,1,3,6,4,5) : 2
(2,0,1,3,6,5,4) : 3
(2,0,1,4) : 1
(2,0,1,4,3) : 2
(2,0,1,4,3,5,6) : 30
(2,0,1,4,3,6,5) : 3
(2,0,1,4,5,3,6) : 66
(2,0,1,4,5,6,3) : 68
(2,0,1,4,6) : 1
(2,0,1,4,6,3,5) : 1
(2,0,1,4,6,5,3) : 8
(2,0,1,5) : 3
(2,0,1,5,3,4,6) : 21
(2,0,1,5,3,6,4) : 3
(2,0,1,5,4,3,6) : 37
(2,0,1,5,4,6,3) : 30
(2,0,1,5,6,4,3) : 8
(2,0,1,6) : 1
(2,0,1,6,3,4,5) : 1
(2,0,1,6,3,5,4) : 1
(2,0,1,6,4,3,5) : 2
(2,0,1,6,4,5,3) : 1
(2,0,1,6,5,4,3) : 8
(2,0,3) : 137
(2,0,3,1) : 7
(2,0,3,1,4) : 4
(2,0,3,1,4,5) : 2
(2,0,3,1,4,5,6) : 88
(2,0,3,1,4,6,5) : 5
(2,0,3,1,5,4,6) : 32
(2,0,3,1,5,6,4) : 5
(2,0,3,1,6,4,5) : 9
(2,0,3,1,6,5,4) : 5
(2,0,3,4) : 3
(2,0,3,4,1,5,6) : 85
(2,0,3,4,1,6,5) : 7
(2,0,3,4,5,1) : 1
(2,0,3,4,5,1,6) : 55
(2,0,3,4,5,6,1) : 19
(2,0,3,4,6,1,5) : 3
(2,0,3,4,6,5,1) : 6
(2,0,3,5,1,4,6) : 32
(2,0,3,5,1,6) : 1
(2,0,3,5,1,6,4) : 4
(2,0,3,5,4,1,6) : 39
(2,0,3,5,4,6,1) : 6
(2,0,3,5,6,1) : 1
(2,0,3,5,6,1,4) : 4
(2,0,3,5,6,4,1) : 4
(2,0,3,6) : 2
(2,0,3,6,1,4,5) : 3
(2,0,3,6,1,5,4) : 3
(2,0,3,6,4,1,5) : 2
(2,0,3,6,4,5,1) : 2
(2,0,3,6,5,1) : 1
(2,0,3,6,5,1,4) : 2
(2,0,3,6,5,4,1) : 5
(2,0,4) : 1699
(2,0,4,1) : 15
(2,0,4,1,3) : 3
(2,0,4,1,3,5,6) : 143
(2,0,4,1,3,6) : 3
(2,0,4,1,3,6,5) : 18
(2,0,4,1,5) : 1
(2,0,4,1,5,3) : 2
(2,0,4,1,5,3,6) : 241
(2,0,4,1,5,6) : 3
(2,0,4,1,5,6,3) : 123
(2,0,4,1,6,3) : 1
(2,0,4,1,6,3,5) : 5
(2,0,4,1,6,5) : 2
(2,0,4,1,6,5,3) : 18
(2,0,4,3) : 20
(2,0,4,3,1,5,6) : 147
(2,0,4,3,1,6) : 4
(2,0,4,3,1,6,5) : 20
(2,0,4,3,5,1,6) : 77
(2,0,4,3,5,6,1) : 16
(2,0,4,3,6,1,5) : 4
(2,0,4,5) : 15
(2,0,4,5,1) : 4
(2,0,4,5,1,3) : 2
(2,0,4,5,1,3,6) : 365
(2,0,4,5,1,6) : 12
(2,0,4,5,1,6,3) : 194
(2,0,4,5,3) : 1
(2,0,4,5,3,1,6) : 169
(2,0,4,5,3,6) : 2
(2,0,4,5,3,6,1) : 24
(2,0,4,5,6) : 2
(2,0,4,5,6,1) : 8
(2,0,4,5,6,1,3) : 161
(2,0,4,5,6,3) : 4
(2,0,4,5,6,3,1) : 20
(2,0,4,6) : 1
(2,0,4,6,1,3,5) : 8
(2,0,4,6,1,5,3) : 9
(2,0,4,6,3,1,5) : 3
(2,0,4,6,3,5,1) : 4
(2,0,4,6,5,1,3) : 15
(2,0,4,6,5,3) : 1
(2,0,4,6,5,3,1) : 7
(2,0,5) : 17
(2,0,5,1) : 1
(2,0,5,1,3,4,6) : 26
(2,0,5,1,3,6) : 1
(2,0,5,1,3,6,4) : 4
(2,0,5,1,4,3,6) : 42
(2,0,5,1,4,6,3) : 25
(2,0,5,1,6,3,4) : 2
(2,0,5,1,6,4,3) : 8
(2,0,5,3,1,4,6) : 35
(2,0,5,3,1,6,4) : 3
(2,0,5,3,4) : 1
(2,0,5,3,4,1,6) : 16
(2,0,5,3,4,6,1) : 6
(2,0,5,4) : 7
(2,0,5,4,1) : 2
(2,0,5,4,1,3,6) : 67
(2,0,5,4,1,6,3) : 23
(2,0,5,4,3,1,6) : 25
(2,0,5,4,3,6,1) : 3
(2,0,5,4,6,1,3) : 5
(2,0,5,4,6,3,1) : 3
(2,0,5,6,1,4,3) : 3
(2,0,5,6,3,4,1) : 2
(2,0,5,6,4,1,3) : 3
(2,0,5,6,4,3) : 1
(2,0,6) : 8
(2,0,6,1) : 1
(2,0,6,1,4,3,5) : 1
(2,0,6,1,4,5,3) : 1
(2,0,6,1,5,4,3) : 1
(2,0,6,3) : 3
(2,0,6,3,1,4,5) : 3
(2,0,6,3,1,5,4) : 1
(2,0,6,3,4,1,5) : 4
(2,0,6,3,5,1,4) : 1
(2,0,6,3,5,4,1) : 1
(2,0,6,4,1,3,5) : 2
(2,0,6,4,1,5,3) : 3
(2,0,6,4,3,1,5) : 2
(2,0,6,4,3,5,1) : 1
(2,0,6,4,5,1,3) : 5
(2,0,6,4,5,3) : 1
(2,0,6,4,5,3,1) : 2
(2,0,6,5) : 1
(2,0,6,5,1,4,3) : 2
(2,0,6,5,4,1,3) : 3
(2,0,6,5,4,3,1) : 2
(2,1) : 28
(2,1,0) : 12
(2,1,0,3) : 1
(2,1,0,3,4,5,6) : 27
(2,1,0,3,4,6,5) : 3
(2,1,0,3,5,4,6) : 6
(2,1,0,3,5,6,4) : 4
(2,1,0,3,6,4,5) : 1
(2,1,0,4) : 1
(2,1,0,4,3,5,6) : 6
(2,1,0,4,3,6,5) : 2
(2,1,0,4,5,3,6) : 7
(2,1,0,4,5,6,3) : 5
(2,1,0,4,6,3,5) : 1
(2,1,0,4,6,5,3) : 1
(2,1,0,5,3,4,6) : 3
(2,1,0,5,4,3,6) : 2
(2,1,0,5,4,6,3) : 3
(2,1,0,5,6,4,3) : 1
(2,1,0,6,4,3,5) : 1
(2,1,3) : 3
(2,1,3,0) : 6
(2,1,3,0,4) : 1
(2,1,3,0,4,5,6) : 5
(2,1,3,0,4,6,5) : 2
(2,1,3,0,5,4,6) : 2
(2,1,3,4) : 1
(2,1,3,4,0,5,6) : 1
(2,1,3,4,5,0) : 1
(2,1,3,4,5,0,6) : 2
(2,1,3,4,5,6,0) : 2
(2,1,3,5,0,4,6) : 1
(2,1,3,5,4,0,6) : 1
(2,1,3,5,4,6,0) : 1
(2,1,4) : 6
(2,1,4,0,3,5,6) : 3
(2,1,4,0,3,6,5) : 1
(2,1,4,0,5,3,6) : 3
(2,1,4,0,5,6,3) : 2
(2,1,4,3,0,5,6) : 1
(2,1,4,3,5,6,0) : 4
(2,1,4,5,0,3,6) : 6
(2,1,4,5,0,6,3) : 1
(2,1,4,5,3,0,6) : 2
(2,1,4,5,6,0,3) : 5
(2,1,4,6,5,3,0) : 1
(2,1,5) : 2
(2,1,5,0) : 1
(2,1,5,0,4,6,3) : 1
(2,1,5,3,0,4,6) : 2
(2,1,5,3,4,0,6) : 1
(2,1,5,4,0,3,6) : 3
(2,1,5,4,3,0,6) : 1
(2,1,5,4,6,0,3) : 2
(2,1,5,6,0,4,3) : 1
(2,1,5,6,4) : 1
(2,1,5,6,4,3,0) : 2
(2,1,6) : 2
(2,1,6,0,5,4,3) : 1
(2,1,6,3,4,5,0) : 1
(2,1,6,4,0,5,3) : 2
(2,1,6,4,5,3,0) : 1
(2,1,6,5,4,3,0) : 3
(2,3) : 85
(2,3,0) : 67
(2,3,0,1) : 1
(2,3,0,1,4) : 1
(2,3,0,1,4,5,6) : 24
(2,3,0,1,4,6,5) : 7
(2,3,0,1,5,4,6) : 21
(2,3,0,1,5,6,4) : 2
(2,3,0,1,6,4,5) : 4
(2,3,0,4,1,5,6) : 20
(2,3,0,4,1,6,5) : 2
(2,3,0,4,5,1,6) : 17
(2,3,0,4,5,6) : 1
(2,3,0,4,5,6,1) : 2
(2,3,0,4,6,1,5) : 2
(2,3,0,4,6,5,1) : 3
(2,3,0,5) : 3
(2,3,0,5,1,4,6) : 13
(2,3,0,5,1,6) : 1
(2,3,0,5,1,6,4) : 1
(2,3,0,5,4,1,6) : 12
(2,3,0,5,4,6,1) : 3
(2,3,0,5,6,1,4) : 3
(2,3,0,5,6,4,1) : 1
(2,3,0,6) : 2
(2,3,0,6,1,4,5) : 2
(2,3,0,6,1,5,4) : 2
(2,3,0,6,4,5,1) : 2
(2,3,0,6,5,4,1) : 3
(2,3,1) : 6
(2,3,1,0) : 2
(2,3,1,0,4,5) : 1
(2,3,1,0,4,5,6) : 9
(2,3,1,0,4,6,5) : 1
(2,3,1,0,5,4,6) : 3
(2,3,1,0,5,6,4) : 1
(2,3,1,0,6,5,4) : 1
(2,3,1,4,5,0,6) : 5
(2,3,1,4,5,6,0) : 2
(2,3,1,5,0,4,6) : 1
(2,3,1,5,4,0,6) : 5
(2,3,1,5,4,6,0) : 2
(2,3,1,5,6,4,0) : 1
(2,3,4) : 2
(2,3,4,0) : 1
(2,3,4,0,1,5,6) : 2
(2,3,4,0,5,1,6) : 1
(2,3,4,0,6,5,1) : 2
(2,3,4,1,0) : 1
(2,3,4,1,0,5,6) : 4
(2,3,4,1,5,0,6) : 1
(2,3,4,5,0,1) : 1
(2,3,4,5,0,1,6) : 4
(2,3,4,5,1,0,6) : 2
(2,3,4,5,1,6,0) : 2
(2,3,4,5,6) : 1
(2,3,4,5,6,0,1) : 1
(2,3,4,5,6,1,0) : 11
(2,3,4,6) : 1
(2,3,5) : 3
(2,3,5,0,1,4,6) : 2
(2,3,5,0,1,6,4) : 2
(2,3,5,0,4,1,6) : 3
(2,3,5,1,0,4,6) : 1
(2,3,5,1,0,6,4) : 1
(2,3,5,1,4,0,6) : 1
(2,3,5,1,6,4,0) : 1
(2,3,5,4,0,1,6) : 1
(2,3,5,4,6,1,0) : 2
(2,3,5,6,0,1,4) : 1
(2,3,6) : 3
(2,3,6,0,1,4,5) : 1
(2,3,6,0,1,5,4) : 1
(2,3,6,0,4,5,1) : 1
(2,3,6,0,5,1,4) : 1
(2,3,6,1,0,5,4) : 1
(2,3,6,1,5,4,0) : 1
(2,3,6,5) : 1
(2,3,6,5,0,4,1) : 1
(2,3,6,5,1,0,4) : 1
(2,3,6,5,1,4,0) : 3
(2,3,6,5,4,0) : 1
(2,3,6,5,4,0,1) : 1
(2,4) : 79
(2,4,0) : 201
(2,4,0,1) : 7
(2,4,0,1,3) : 1
(2,4,0,1,3,5,6) : 32
(2,4,0,1,3,6,5) : 9
(2,4,0,1,5,3) : 1
(2,4,0,1,5,3,6) : 77
(2,4,0,1,5,6) : 1
(2,4,0,1,5,6,3) : 37
(2,4,0,1,6,3) : 1
(2,4,0,1,6,3,5) : 2
(2,4,0,1,6,5) : 1
(2,4,0,1,6,5,3) : 2
(2,4,0,3) : 4
(2,4,0,3,1,5,6) : 33
(2,4,0,3,1,6,5) : 3
(2,4,0,3,5,1,6) : 17
(2,4,0,3,5,6,1) : 2
(2,4,0,3,6,1,5) : 2
(2,4,0,3,6,5,1) : 1
(2,4,0,5) : 4
(2,4,0,5,1) : 2
(2,4,0,5,1,3,6) : 103
(2,4,0,5,1,6) : 1
(2,4,0,5,1,6,3) : 41
(2,4,0,5,3) : 1
(2,4,0,5,3,1,6) : 43
(2,4,0,5,3,6,1) : 8
(2,4,0,5,6,1) : 1
(2,4,0,5,6,1,3) : 12
(2,4,0,5,6,3,1) : 8
(2,4,0,6,1,3,5) : 2
(2,4,0,6,1,5) : 1
(2,4,0,6,5,1,3) : 3
(2,4,0,6,5,3,1) : 1
(2,4,1) : 7
(2,4,1,0,3,5,6) : 6
(2,4,1,0,3,6,5) : 3
(2,4,1,0,5,3,6) : 12
(2,4,1,0,5,6,3) : 12
(2,4,1,0,6) : 1
(2,4,1,0,6,5,3) : 1
(2,4,1,3,0,5,6) : 1
(2,4,1,3,0,6,5) : 1
(2,4,1,5) : 2
(2,4,1,5,0,3,6) : 7
(2,4,1,5,0,6,3) : 5
(2,4,1,5,3,0,6) : 1
(2,4,1,5,3,6,0) : 1
(2,4,1,5,6,0,3) : 6
(2,4,1,6,0,5,3) : 1
(2,4,1,6,3,0,5) : 1
(2,4,3) : 3
(2,4,3,0) : 2
(2,4,3,0,1,5,6) : 4
(2,4,3,0,1,6,5) : 1
(2,4,3,0,5,1,6) : 2
(2,4,3,1,0,5,6) : 1
(2,4,3,1,5,0,6) : 1
(2,4,3,5,1,0,6) : 1
(2,4,3,5,1,6,0) : 1
(2,4,3,5,6,0,1) : 1
(2,4,3,5,6,1,0) : 1
(2,4,5) : 5
(2,4,5,0) : 5
(2,4,5,0,1,3,6) : 26
(2,4,5,0,1,6,3) : 15
(2,4,5,0,3,1,6) : 18
(2,4,5,0,3,6,1) : 2
(2,4,5,0,6,1,3) : 3
(2,4,5,0,6,3) : 1
(2,4,5,1,0) : 1
(2,4,5,1,0,3,6) : 16
(2,4,5,1,0,6,3) : 10
(2,4,5,1,3,0,6) : 2
(2,4,5,1,3,6) : 1
(2,4,5,1,6,0) : 1
(2,4,5,1,6,0,3) : 2
(2,4,5,3,1,6) : 1
(2,4,5,3,1,6,0) : 1
(2,4,5,6,0,1) : 1
(2,4,5,6,0,1,3) : 1
(2,4,5,6,1,0,3) : 5
(2,4,5,6,3,1,0) : 2
(2,4,6) : 3
(2,4,6,0,5,3,1) : 2
(2,4,6,1,0,3,5) : 1
(2,4,6,5,0,1,3) : 2
(2,4,6,5,1,0) : 1
(2,4,6,5,1,0,3) : 4
(2,5) : 10
(2,5,0) : 2
(2,5,0,1,3,4,6) : 3
(2,5,0,1,4,3,6) : 6
(2,5,0,1,4,6,3) : 2
(2,5,0,1,6,4,3) : 1
(2,5,0,3,1,4,6) : 1
(2,5,0,3,1,6,4) : 1
(2,5,0,3,4,1,6) : 2
(2,5,0,4) : 1
(2,5,0,4,1,3,6) : 6
(2,5,0,4,3,1,6) : 2
(2,5,0,4,3,6,1) : 1
(2,5,0,4,6,1,3) : 2
(2,5,0,6,4,3,1) : 1
(2,5,1) : 1
(2,5,1,0) : 1
(2,5,1,0,3,6,4) : 1
(2,5,1,0,4,3,6) : 3
(2,5,1,0,4,6,3) : 1
(2,5,1,0,6,3,4) : 1
(2,5,1,3,0,4,6) : 1
(2,5,1,3,4,0,6) : 1
(2,5,1,4,0,3,6) : 2
(2,5,1,4,0,6,3) : 1
(2,5,1,4,3,0,6) : 2
(2,5,1,4,6,0,3) : 1
(2,5,1,6,4,0,3) : 1
(2,5,3,0,1,4,6) : 3
(2,5,3,0,4,6,1) : 1
(2,5,3,1,0,4,6) : 2
(2,5,3,1,4,0,6) : 1
(2,5,3,1,6,4,0) : 2
(2,5,3,4,1,0,6) : 1
(2,5,3,4,6,1,0) : 1
(2,5,4) : 1
(2,5,4,0,1,3,6) : 9
(2,5,4,0,1,6,3) : 3
(2,5,4,0,3,1,6) : 7
(2,5,4,0,3,6) : 1
(2,5,4,1,0) : 1
(2,5,4,1,0,3,6) : 7
(2,5,4,1,0,6,3) : 4
(2,5,4,1,3,0,6) : 1
(2,5,4,1,3,6,0) : 1
(2,5,4,1,6,0,3) : 2
(2,5,4,3,0,1,6) : 1
(2,5,4,3,1,0,6) : 1
(2,5,4,6,0,3) : 1
(2,5,4,6,1,0,3) : 2
(2,5,4,6,3) : 1
(2,5,6,0,4,1,3) : 1
(2,5,6,1,4,0,3) : 1
(2,5,6,3,4,0,1) : 1
(2,5,6,4,1,0,3) : 2
(2,6) : 10
(2,6,0) : 2
(2,6,0,1) : 1
(2,6,0,1,3,4,5) : 3
(2,6,0,1,4,3,5) : 1
(2,6,0,3,1,5,4) : 1
(2,6,0,3,4,1,5) : 1
(2,6,0,3,4,5,1) : 2
(2,6,0,4,3,1,5) : 1
(2,6,0,4,3,5,1) : 1
(2,6,0,4,5,1,3) : 1
(2,6,0,5,4,1,3) : 1
(2,6,1) : 1
(2,6,1,4,0,5,3) : 2
(2,6,1,4,3,5,0) : 1
(2,6,1,4,5,3,0) : 1
(2,6,3,0,1,4,5) : 1
(2,6,3,0,5,1,4) : 1
(2,6,3,1,4,0,5) : 1
(2,6,3,4,1,5,0) : 1
(2,6,3,5,4,1,0) : 1
(2,6,4,0,1,5,3) : 1
(2,6,4,1,3,5,0) : 1
(2,6,4,1,5,0,3) : 1
(2,6,4,3,1,0,5) : 1
(2,6,4,3,5,1,0) : 1
(2,6,5) : 1
(2,6,5,0,1,4,3) : 1
(2,6,5,1,3,0,4) : 1
(2,6,5,4,0,3,1) : 2
(2,6,5,4,1,0,3) : 1
(2,6,5,4,3,1,0) : 1
(3) : 8457
(3,0) : 190
(3,0,1) : 18
(3,0,1,2) : 7
(3,0,1,2,4) : 2
(3,0,1,2,4,5) : 1
(3,0,1,2,4,5,6) : 79
(3,0,1,2,4,6,5) : 10
(3,0,1,2,5) : 1
(3,0,1,2,5,4,6) : 13
(3,0,1,2,5,6,4) : 3
(3,0,1,2,6) : 1
(3,0,1,2,6,4,5) : 3
(3,0,1,2,6,5,4) : 4
(3,0,1,4) : 1
(3,0,1,4,2,5,6) : 5
(3,0,1,4,5,2) : 1
(3,0,1,4,5,2,6) : 9
(3,0,1,4,5,6) : 2
(3,0,1,4,5,6,2) : 22
(3,0,1,4,6,5,2) : 2
(3,0,1,5) : 1
(3,0,1,5,2,4,6) : 5
(3,0,1,5,2,6,4) : 2
(3,0,1,5,4,2,6) : 2
(3,0,1,5,4,6,2) : 7
(3,0,1,5,6,2) : 1
(3,0,1,5,6,2,4) : 4
(3,0,1,5,6,4,2) : 3
(3,0,1,6,2,4,5) : 2
(3,0,1,6,2,5,4) : 1
(3,0,1,6,4,2,5) : 1
(3,0,1,6,4,5,2) : 1
(3,0,1,6,5,4,2) : 4
(3,0,2) : 76
(3,0,2,1) : 5
(3,0,2,1,4) : 4
(3,0,2,1,4,5,6) : 48
(3,0,2,1,4,6,5) : 9
(3,0,2,1,5,4,6) : 19
(3,0,2,1,5,6) : 1
(3,0,2,1,5,6,4) : 8
(3,0,2,1,6,4,5) : 4
(3,0,2,1,6,5,4) : 6
(3,0,2,4,1,5) : 1
(3,0,2,4,1,5,6) : 15
(3,0,2,4,1,6,5) : 1
(3,0,2,4,5,1,6) : 17
(3,0,2,4,5,6,1) : 10
(3,0,2,4,6,1,5) : 2
(3,0,2,4,6,5,1) : 2
(3,0,2,5) : 2
(3,0,2,5,1) : 1
(3,0,2,5,1,4,6) : 14
(3,0,2,5,1,6,4) : 4
(3,0,2,5,4,1,6) : 9
(3,0,2,5,4,6,1) : 6
(3,0,2,5,6,1,4) : 2
(3,0,2,5,6,4,1) : 5
(3,0,2,6) : 2
(3,0,2,6,1,4,5) : 8
(3,0,2,6,4,1,5) : 7
(3,0,2,6,4,5,1) : 2
(3,0,2,6,5,1,4) : 2
(3,0,2,6,5,4,1) : 2
(3,0,4) : 5
(3,0,4,1,2,5,6) : 4
(3,0,4,1,2,6,5) : 1
(3,0,4,1,5,2,6) : 1
(3,0,4,1,5,6,2) : 1
(3,0,4,2) : 1
(3,0,4,2,1,5,6) : 4
(3,0,4,2,5,1,6) : 2
(3,0,4,2,5,6) : 1
(3,0,4,2,5,6,1) : 1
(3,0,4,5,2,1,6) : 2
(3,0,4,5,6,1,2) : 2
(3,0,4,5,6,2,1) : 1
(3,0,4,6,5,1,2) : 2
(3,0,4,6,5,2,1) : 2
(3,0,5) : 2
(3,0,5,1,2,4,6) : 2
(3,0,5,1,2,6) : 1
(3,0,5,1,2,6,4) : 1
(3,0,5,1,4,2,6) : 3
(3,0,5,1,4,6,2) : 1
(3,0,5,1,6,4,2) : 3
(3,0,5,2,1,4,6) : 6
(3,0,5,2,1,6,4) : 2
(3,0,5,2,4,1,6) : 3
(3,0,5,2,4,6,1) : 1
(3,0,5,2,6,4,1) : 1
(3,0,5,4,1) : 1
(3,0,5,4,2,1,6) : 1
(3,0,5,4,2,6,1) : 1
(3,0,5,4,6,1,2) : 2
(3,0,5,6,1,2) : 1
(3,0,5,6,1,2,4) : 2
(3,0,5,6,1,4,2) : 3
(3,0,5,6,2,1) : 1
(3,0,5,6,2,1,4) : 2
(3,0,5,6,2,4,1) : 2
(3,0,5,6,4,1,2) : 2
(3,0,5,6,4,2,1) : 2
(3,0,6) : 11
(3,0,6,1) : 2
(3,0,6,1,2) : 1
(3,0,6,1,2,4,5) : 4
(3,0,6,1,2,5,4) : 1
(3,0,6,1,4,5,2) : 1
(3,0,6,1,5,2,4) : 2
(3,0,6,1,5,4,2) : 3
(3,0,6,2) : 3
(3,0,6,2,1,4,5) : 3
(3,0,6,2,1,5,4) : 3
(3,0,6,2,4,1,5) : 1
(3,0,6,2,4,5,1) : 1
(3,0,6,4,1,5,2) : 1
(3,0,6,4,2,1,5) : 1
(3,0,6,4,5) : 1
(3,0,6,4,5,2,1) : 1
(3,0,6,5,1,2,4) : 8
(3,0,6,5,2,1,4) : 1
(3,0,6,5,4,1,2) : 5
(3,0,6,5,4,2,1) : 1
(3,1) : 65
(3,1,0) : 10
(3,1,0,2) : 2
(3,1,0,2,4,5) : 1
(3,1,0,2,4,5,6) : 19
(3,1,0,2,4,6,5) : 2
(3,1,0,2,5,4,6) : 4
(3,1,0,2,6,4,5) : 1
(3,1,0,2,6,5,4) : 1
(3,1,0,4,2,6,5) : 2
(3,1,0,4,5,2,6) : 1
(3,1,0,4,5,6,2) : 3
(3,1,0,4,6,5,2) : 1
(3,1,0,5,2,4,6) : 1
(3,1,0,5,4,6,2) : 7
(3,1,0,5,6,2,4) : 1
(3,1,0,6,4,2,5) : 1
(3,1,0,6,4,5,2) : 1
(3,1,0,6,5,2) : 1
(3,1,0,6,5,2,4) : 1
(3,1,0,6,5,4,2) : 4
(3,1,2) : 4
(3,1,2,0) : 2
(3,1,2,0,4) : 2
(3,1,2,0,4,5,6) : 15
(3,1,2,0,4,6,5) : 2
(3,1,2,0,5,4,6) : 2
(3,1,2,0,5,6,4) : 2
(3,1,2,0,6,4,5) : 2
(3,1,2,4,0,5,6) : 2
(3,1,2,4,0,6,5) : 2
(3,1,2,4,5,0,6) : 1
(3,1,2,4,5,6) : 1
(3,1,2,4,5,6,0) : 6
(3,1,2,4,6,5,0) : 2
(3,1,2,5,0,4,6) : 1
(3,1,2,5,0,6,4) : 1
(3,1,2,5,4,0,6) : 3
(3,1,2,5,6,4,0) : 5
(3,1,2,6,5,0,4) : 1
(3,1,2,6,5,4,0) : 1
(3,1,4,0) : 1
(3,1,4,0,2,5,6) : 1
(3,1,4,0,5,6) : 1
(3,1,4,0,6,5,2) : 2
(3,1,4,2) : 1
(3,1,4,2,0,5,6) : 3
(3,1,4,2,0,6,5) : 1
(3,1,4,2,5,6,0) : 2
(3,1,4,5) : 1
(3,1,4,5,0,6,2) : 1
(3,1,4,5,2,0,6) : 2
(3,1,4,5,2,6,0) : 1
(3,1,4,5,6,0,2) : 6
(3,1,4,5,6,2,0) : 9
(3,1,4,6,2,0,5) : 1
(3,1,4,6,5,2,0) : 5
(3,1,5) : 3
(3,1,5,0,2,4,6) : 6
(3,1,5,0,2,6) : 1
(3,1,5,0,2,6,4) : 1
(3,1,5,0,6,2,4) : 1
(3,1,5,0,6,4) : 1
(3,1,5,0,6,4,2) : 1
(3,1,5,2,4,0,6) : 1
(3,1,5,2,4,6,0) : 1
(3,1,5,4) : 1
(3,1,5,4,0,2,6) : 3
(3,1,5,4,0,6) : 1
(3,1,5,4,2,0,6) : 7
(3,1,5,4,2,6,0) : 3
(3,1,5,4,6,0,2) : 1
(3,1,5,4,6,2,0) : 5
(3,1,5,6,0) : 1
(3,1,5,6,0,2,4) : 5
(3,1,5,6,0,4,2) : 2
(3,1,5,6,2,4,0) : 3
(3,1,5,6,4,0) : 1
(3,1,5,6,4,0,2) : 8
(3,1,5,6,4,2,0) : 12
(3,1,6) : 4
(3,1,6,0) : 1
(3,1,6,0,2,4,5) : 3
(3,1,6,0,5,4) : 1
(3,1,6,0,5,4,2) : 4
(3,1,6,2,4,5,0) : 1
(3,1,6,4,2,5,0) : 1
(3,1,6,4,5,2,0) : 1
(3,1,6,5,0,2) : 1
(3,1,6,5,0,2,4) : 6
(3,1,6,5,0,4,2) : 1
(3,1,6,5,2,0,4) : 1
(3,1,6,5,2,4,0) : 2
(3,1,6,5,4,0,2) : 3
(3,1,6,5,4,2,0) : 18
(3,2) : 132
(3,2,0) : 56
(3,2,0,1) : 8
(3,2,0,1,4,5,6) : 45
(3,2,0,1,4,6,5) : 9
(3,2,0,1,5,4,6) : 15
(3,2,0,1,5,6,4) : 3
(3,2,0,1,6,4,5) : 4
(3,2,0,1,6,5,4) : 2
(3,2,0,4) : 3
(3,2,0,4,1,5) : 1
(3,2,0,4,1,5,6) : 16
(3,2,0,4,1,6,5) : 4
(3,2,0,4,5,1,6) : 9
(3,2,0,4,5,6,1) : 5
(3,2,0,4,6,1,5) : 1
(3,2,0,4,6,5,1) : 2
(3,2,0,5,1,4,6) : 17
(3,2,0,5,4,1,6) : 14
(3,2,0,5,4,6,1) : 3
(3,2,0,5,6,1) : 1
(3,2,0,5,6,1,4) : 3
(3,2,0,5,6,4,1) : 2
(3,2,0,6,1,4,5) : 3
(3,2,0,6,1,5,4) : 3
(3,2,0,6,4,1,5) : 1
(3,2,0,6,4,5,1) : 3
(3,2,0,6,5,1) : 1
(3,2,0,6,5,1,4) : 1
(3,2,0,6,5,4,1) : 5
(3,2,1) : 7
(3,2,1,0) : 3
(3,2,1,0,4) : 2
(3,2,1,0,4,5) : 1
(3,2,1,0,4,5,6) : 42
(3,2,1,0,4,6,5) : 8
(3,2,1,0,5,4,6) : 4
(3,2,1,0,5,6,4) : 4
(3,2,1,0,6) : 1
(3,2,1,0,6,4,5) : 1
(3,2,1,4,0,5,6) : 1
(3,2,1,4,0,6,5) : 1
(3,2,1,4,5,0,6) : 5
(3,2,1,4,5,6,0) : 5
(3,2,1,4,6) : 1
(3,2,1,4,6,0,5) : 1
(3,2,1,4,6,5,0) : 2
(3,2,1,5,0,4,6) : 1
(3,2,1,5,0,6,4) : 2
(3,2,1,5,4,0,6) : 3
(3,2,1,5,4,6,0) : 5
(3,2,1,5,6,0) : 1
(3,2,1,6,4,5,0) : 1
(3,2,1,6,5,4,0) : 3
(3,2,4) : 4
(3,2,4,0) : 1
(3,2,4,0,1,5,6) : 3
(3,2,4,0,5,1,6) : 3
(3,2,4,0,5,6,1) : 1
(3,2,4,1) : 1
(3,2,4,1,0,5,6) : 4
(3,2,4,1,0,6,5) : 1
(3,2,4,1,5,0,6) : 1
(3,2,4,1,5,6,0) : 2
(3,2,4,5,0,1,6) : 3
(3,2,4,5,1,0) : 1
(3,2,4,5,1,0,6) : 1
(3,2,4,5,1,6,0) : 1
(3,2,4,5,6) : 1
(3,2,4,5,6,0,1) : 1
(3,2,4,5,6,1,0) : 8
(3,2,4,6,0,1,5) : 1
(3,2,4,6,1,5,0) : 1
(3,2,5) : 3
(3,2,5,0,1,4) : 1
(3,2,5,0,1,4,6) : 5
(3,2,5,0,1,6,4) : 1
(3,2,5,0,4,6,1) : 1
(3,2,5,0,6,1,4) : 1
(3,2,5,0,6,4,1) : 1
(3,2,5,1,0,4,6) : 2
(3,2,5,1,0,6,4) : 1
(3,2,5,1,4,0,6) : 1
(3,2,5,1,4,6) : 1
(3,2,5,1,4,6,0) : 2
(3,2,5,1,6,4,0) : 1
(3,2,5,4,0,1,6) : 3
(3,2,5,4,1,0,6) : 3
(3,2,5,4,1,6,0) : 1
(3,2,5,4,6,1,0) : 1
(3,2,5,6,4,1,0) : 3
(3,2,6) : 8
(3,2,6,0,1,4,5) : 4
(3,2,6,0,1,5,4) : 4
(3,2,6,0,4,1,5) : 2
(3,2,6,0,5,1,4) : 1
(3,2,6,1,0,4,5) : 1
(3,2,6,4,0,1,5) : 1
(3,2,6,4,5,1,0) : 1
(3,2,6,5,0,1) : 1
(3,2,6,5,0,4,1) : 1
(3,2,6,5,1,0,4) : 1
(3,2,6,5,1,4,0) : 1
(3,2,6,5,4,0,1) : 1
(3,2,6,5,4,1,0) : 6
(3,4) : 13
(3,4,0,1,2,5,6) : 1
(3,4,0,2,1,5,6) : 1
(3,4,0,2,1,6,5) : 1
(3,4,0,2,5,6,1) : 1
(3,4,0,2,6,5,1) : 1
(3,4,0,5,6,2,1) : 1
(3,4,0,6,2,1,5) : 1
(3,4,1) : 1
(3,4,1,0,2,5,6) : 1
(3,4,1,0,2,6,5) : 1
(3,4,1,0,5,2,6) : 2
(3,4,1,0,5,6) : 1
(3,4,1,0,6,5,2) : 1
(3,4,1,2,0,5,6) : 2
(3,4,1,2,5,6,0) : 2
(3,4,1,5,6,2,0) : 1
(3,4,2,0,1,5,6) : 3
(3,4,2,0,1,6,5) : 1
(3,4,2,0,6,5,1) : 1
(3,4,2,1,0) : 1
(3,4,2,1,0,5,6) : 2
(3,4,2,1,5,6,0) : 1
(3,4,2,5,6,1,0) : 1
(3,4,5) : 2
(3,4,5,1,0,2,6) : 2
(3,4,5,1,2,0,6) : 1
(3,4,5,1,2,6,0) : 1
(3,4,5,1,6,2,0) : 2
(3,4,5,2,0,1,6) : 1
(3,4,5,2,0,6,1) : 1
(3,4,5,2,1,0,6) : 1
(3,4,5,6) : 2
(3,4,5,6,0,1,2) : 6
(3,4,5,6,1,0,2) : 5
(3,4,5,6,1,2,0) : 4
(3,4,5,6,2) : 1
(3,4,5,6,2,0,1) : 2
(3,4,5,6,2,1,0) : 14
(3,4,6) : 2
(3,4,6,1) : 1
(3,4,6,1,2,5,0) : 1
(3,4,6,1,5,0,2) : 1
(3,4,6,1,5,2,0) : 1
(3,4,6,2,0,1,5) : 1
(3,4,6,5) : 1
(3,4,6,5,0,1,2) : 1
(3,4,6,5,1,0,2) : 1
(3,4,6,5,1,2,0) : 1
(3,4,6,5,2,0,1) : 1
(3,4,6,5,2,1,0) : 2
(3,5) : 15
(3,5,0,1,2,4,6) : 4
(3,5,0,1,4,6,2) : 1
(3,5,0,2,1,4,6) : 5
(3,5,0,2,1,6,4) : 1
(3,5,0,2,4,6,1) : 1
(3,5,0,2,6,4,1) : 1
(3,5,0,4,1,2,6) : 1
(3,5,0,4,2,1,6) : 2
(3,5,0,6,1,2,4) : 1
(3,5,0,6,1,4,2) : 2
(3,5,0,6,2,1,4) : 1
(3,5,0,6,4,1,2) : 1
(3,5,1) : 2
(3,5,1,0,2,4,6) : 3
(3,5,1,0,4,2,6) : 2
(3,5,1,0,4,6,2) : 2
(3,5,1,0,6,4,2) : 1
(3,5,1,2,0,4,6) : 3
(3,5,1,2,0,6,4) : 1
(3,5,1,2,4,0,6) : 1
(3,5,1,2,4,6) : 1
(3,5,1,2,6,0,4) : 2
(3,5,1,4,0,2,6) : 1
(3,5,1,4,0,6,2) : 1
(3,5,1,4,2,0,6) : 1
(3,5,1,4,2,6,0) : 1
(3,5,1,4,6,0,2) : 1
(3,5,1,4,6,2,0) : 2
(3,5,1,6,0,2,4) : 1
(3,5,1,6,0,4,2) : 1
(3,5,1,6,2,0,4) : 1
(3,5,1,6,2,4,0) : 1
(3,5,1,6,4,0,2) : 1
(3,5,1,6,4,2,0) : 4
(3,5,2,0,1,4,6) : 2
(3,5,2,0,1,6) : 1
(3,5,2,0,4,6,1) : 2
(3,5,2,1,0,4,6) : 2
(3,5,2,1,0,6,4) : 1
(3,5,2,1,4,0,6) : 1
(3,5,2,1,4,6) : 1
(3,5,2,1,4,6,0) : 3
(3,5,2,1,6,4,0) : 1
(3,5,2,4,1,0,6) : 2
(3,5,2,4,6,1,0) : 1
(3,5,2,6,1,4,0) : 2
(3,5,2,6,4,1,0) : 1
(3,5,4,1,0,2,6) : 1
(3,5,4,1,0,6,2) : 1
(3,5,4,1,2) : 1
(3,5,4,1,2,0,6) : 2
(3,5,4,1,6,0,2) : 1
(3,5,4,1,6,2,0) : 1
(3,5,4,2,1,0,6) : 3
(3,5,4,6,1,2,0) : 2
(3,5,4,6,2,0,1) : 2
(3,5,4,6,2,1,0) : 2
(3,5,6) : 5
(3,5,6,0,1,2,4) : 1
(3,5,6,1,0,2,4) : 2
(3,5,6,1,2,4,0) : 2
(3,5,6,1,4,0) : 1
(3,5,6,1,4,0,2) : 5
(3,5,6,1,4,2,0) : 1
(3,5,6,2,0,1) : 1
(3,5,6,2,1,0,4) : 2
(3,5,6,2,4,1,0) : 2
(3,5,6,4,0,1,2) : 3
(3,5,6,4,1,0,2) : 2
(3,5,6,4,1,2,0) : 5
(3,5,6,4,2,1,0) : 5
(3,6) : 374
(3,6,0) : 19
(3,6,0,1,2,4) : 1
(3,6,0,1,2,4,5) : 16
(3,6,0,1,2,5,4) : 4
(3,6,0,1,4,2,5) : 4
(3,6,0,1,4,5) : 1
(3,6,0,1,5,2,4) : 2
(3,6,0,1,5,4,2) : 7
(3,6,0,2,1,4,5) : 9
(3,6,0,2,1,5,4) : 6
(3,6,0,2,4,1,5) : 4
(3,6,0,2,4,5,1) : 2
(3,6,0,2,5,1,4) : 3
(3,6,0,2,5,4,1) : 2
(3,6,0,4,1,5,2) : 2
(3,6,0,4,2,1) : 1
(3,6,0,4,2,1,5) : 1
(3,6,0,4,5,1,2) : 2
(3,6,0,5,1,2,4) : 4
(3,6,0,5,1,4,2) : 3
(3,6,0,5,2,1,4) : 3
(3,6,0,5,4,1,2) : 2
(3,6,0,5,4,2,1) : 2
(3,6,1) : 6
(3,6,1,0) : 3
(3,6,1,0,2,4,5) : 9
(3,6,1,0,2,5,4) : 1
(3,6,1,0,4,2,5) : 1
(3,6,1,0,4,5,2) : 1
(3,6,1,0,5,2,4) : 3
(3,6,1,0,5,4,2) : 8
(3,6,1,2) : 2
(3,6,1,2,0,4,5) : 1
(3,6,1,2,0,5,4) : 3
(3,6,1,2,4,5,0) : 3
(3,6,1,2,5,4,0) : 1
(3,6,1,4,0,5,2) : 1
(3,6,1,4,5,0,2) : 7
(3,6,1,4,5,2,0) : 4
(3,6,1,5,0,2,4) : 14
(3,6,1,5,0,4,2) : 6
(3,6,1,5,2,0) : 1
(3,6,1,5,2,0,4) : 3
(3,6,1,5,2,4,0) : 5
(3,6,1,5,4,0,2) : 15
(3,6,1,5,4,2,0) : 6
(3,6,2) : 5
(3,6,2,0,1,4,5) : 3
(3,6,2,0,1,5,4) : 2
(3,6,2,0,5,1,4) : 1
(3,6,2,1) : 1
(3,6,2,1,0,4,5) : 2
(3,6,2,1,4,0,5) : 2
(3,6,2,1,4,5,0) : 3
(3,6,2,1,5,4,0) : 4
(3,6,2,4,0,1,5) : 1
(3,6,2,4,1,0,5) : 2
(3,6,2,4,5,1,0) : 2
(3,6,2,5,1,0,4) : 1
(3,6,2,5,1,4,0) : 1
(3,6,2,5,4,0,1) : 1
(3,6,2,5,4,1,0) : 2
(3,6,4) : 2
(3,6,4,0,1,2,5) : 1
(3,6,4,0,2) : 1
(3,6,4,0,2,5,1) : 2
(3,6,4,0,5,1,2) : 1
(3,6,4,0,5,2,1) : 1
(3,6,4,1,0,2,5) : 1
(3,6,4,1,0,5,2) : 1
(3,6,4,1,2,0,5) : 1
(3,6,4,1,5,2,0) : 2
(3,6,4,2,0,1,5) : 1
(3,6,4,2,1,0) : 1
(3,6,4,2,1,5,0) : 1
(3,6,4,5) : 2
(3,6,4,5,0,1,2) : 4
(3,6,4,5,0,2,1) : 4
(3,6,4,5,1,0,2) : 4
(3,6,4,5,1,2,0) : 8
(3,6,4,5,2,0,1) : 1
(3,6,5) : 5
(3,6,5,0,1,2,4) : 5
(3,6,5,0,1,4,2) : 4
(3,6,5,0,2,1,4) : 4
(3,6,5,0,2,4,1) : 2
(3,6,5,0,4,1,2) : 2
(3,6,5,0,4,2,1) : 1
(3,6,5,1,0,2,4) : 11
(3,6,5,1,0,4,2) : 4
(3,6,5,1,2,0,4) : 1
(3,6,5,1,2,4,0) : 1
(3,6,5,1,4) : 1
(3,6,5,1,4,0,2) : 12
(3,6,5,1,4,2,0) : 7
(3,6,5,2,1,0,4) : 1
(3,6,5,2,1,4,0) : 3
(3,6,5,2,4,1) : 1
(3,6,5,2,4,1,0) : 3
(3,6,5,4,0,1,2) : 1
(3,6,5,4,0,2,1) : 1
(3,6,5,4,1,0,2) : 10
(3,6,5,4,1,2,0) : 11
(3,6,5,4,2,0,1) : 2
(3,6,5,4,2,1,0) : 15
(4) : 224
(4,0) : 5
(4,0,1,2,3,5,6) : 4
(4,0,1,2,3,6,5) : 2
(4,0,1,2,5,6,3) : 2
(4,0,1,6,2,3,5) : 1
(4,0,2) : 9
(4,0,2,1) : 1
(4,0,2,1,3,5,6) : 3
(4,0,2,1,3,6,5) : 1
(4,0,2,1,5,3,6) : 3
(4,0,2,1,5,6,3) : 2
(4,0,2,3,1,5,6) : 2
(4,0,2,3,5,1,6) : 1
(4,0,2,5) : 1
(4,0,2,5,1,3,6) : 4
(4,0,2,5,1,6) : 1
(4,0,2,5,1,6,3) : 3
(4,0,2,5,3,1,6) : 1
(4,0,2,5,6,1,3) : 1
(4,0,3,1,5,6,2) : 1
(4,0,3,2,5,1,6) : 1
(4,0,3,2,5,6,1) : 1
(4,0,5,1,2,3,6) : 1
(4,0,5,2,1,3,6) : 1
(4,0,5,2,3,1,6) : 1
(4,0,5,3,1,2,6) : 1
(4,0,5,3,2,1,6) : 1
(4,0,6,1,2,5,3) : 1
(4,0,6,1,5,3,2) : 1
(4,0,6,2,5,1,3) : 1
(4,1,0,2,5,6,3) : 1
(4,1,0,6,2,3,5) : 1
(4,1,2,3,0,5,6) : 1
(4,1,2,5,6,0,3) : 1
(4,1,3,5,2,0,6) : 1
(4,1,5,2,3,0,6) : 1
(4,1,5,6,0,2) : 1
(4,2) : 28
(4,2,0) : 52
(4,2,0,1,3,5,6) : 13
(4,2,0,1,3,6,5) : 1
(4,2,0,1,5,3,6) : 20
(4,2,0,1,5,6) : 1
(4,2,0,1,5,6,3) : 13
(4,2,0,1,6,5,3) : 1
(4,2,0,3,1,5,6) : 3
(4,2,0,3,1,6,5) : 1
(4,2,0,3,5,1,6) : 7
(4,2,0,3,5,6) : 1
(4,2,0,3,6,1,5) : 1
(4,2,0,5) : 2
(4,2,0,5,1,3) : 1
(4,2,0,5,1,3,6) : 28
(4,2,0,5,1,6) : 1
(4,2,0,5,1,6,3) : 22
(4,2,0,5,3,1,6) : 24
(4,2,0,5,3,6) : 1
(4,2,0,5,3,6,1) : 3
(4,2,0,5,6,1,3) : 5
(4,2,0,5,6,3,1) : 3
(4,2,0,6,1,5,3) : 1
(4,2,0,6,5,1,3) : 2
(4,2,1) : 1
(4,2,1,0,3,6,5) : 2
(4,2,1,0,5,6,3) : 2
(4,2,1,3,0,5,6) : 1
(4,2,1,5,0,3,6) : 1
(4,2,1,6,0,3,5) : 1
(4,2,1,6,5) : 1
(4,2,3) : 4
(4,2,3,0,1,5,6) : 1
(4,2,3,0,5,1,6) : 3
(4,2,3,1,0,6,5) : 2
(4,2,3,5,0,1,6) : 1
(4,2,5) : 1
(4,2,5,0) : 4
(4,2,5,0,1,3,6) : 6
(4,2,5,0,1,6,3) : 3
(4,2,5,0,3,1,6) : 62
(4,2,5,0,3,6,1) : 1
(4,2,5,0,6,3,1) : 1
(4,2,5,1,0,3) : 1
(4,2,5,1,0,3,6) : 1
(4,2,5,1,0,6,3) : 1
(4,2,5,1,6,0,3) : 1
(4,2,5,6,1,0,3) : 1
(4,2,6,0,3,1,5) : 1
(4,2,6,3,0,1,5) : 1
(4,2,6,5,0,3,1) : 1
(4,3) : 2
(4,3,0) : 1
(4,3,0,1,2,5,6) : 1
(4,3,0,5,1,2,6) : 1
(4,3,1,0,5,6) : 1
(4,3,1,2,0,6,5) : 1
(4,3,2) : 1
(4,3,2,0,1,5,6) : 4
(4,3,2,0,5,1,6) : 1
(4,3,2,1,0,5,6) : 1
(4,3,2,1,5,0,6) : 1
(4,3,2,5,6,0,1) : 1
(4,3,5,1,6,2,0) : 1
(4,3,5,6,0,1,2) : 1
(4,3,5,6,2,1,0) : 3
(4,5) : 5
(4,5,0,1,2,6,3) : 1
(4,5,0,2,1,3,6) : 1
(4,5,1,0,2,3,6) : 1
(4,5,1,0,3,2,6) : 1
(4,5,1,2,0,3,6) : 1
(4,5,1,2,0,6,3) : 1
(4,5,1,2,6,0,3) : 1
(4,5,2) : 1
(4,5,2,0) : 1
(4,5,2,0,1,3,6) : 3
(4,5,2,0,1,6,3) : 1
(4,5,2,0,3,1,6) : 1
(4,5,2,0,6,3,1) : 3
(4,5,2,1,0,3,6) : 1
(4,5,3,1,0,2,6) : 1
(4,5,3,2,1,0,6) : 1
(4,5,3,2,6,1,0) : 1
(4,5,3,6,2,1,0) : 1
(4,5,6) : 2
(4,5,6,1,0,3,2) : 1
(4,5,6,1,2,3,0) : 2
(4,5,6,2,0,1,3) : 1
(4,5,6,2,0,3,1) : 1
(4,5,6,2,1,0,3) : 1
(4,5,6,3,2,1,0) : 1
(4,6) : 2
(4,6,2,0,1,3,5) : 1
(4,6,3,1,2,5,0) : 1
(4,6,5,0,1,2,3) : 1
(4,6,5,0,3,1,2) : 1
(4,6,5,3,1,0,2) : 1
(5) : 163
(5,0) : 2
(5,0,1,2,3,4,6) : 2
(5,0,1,2,4,3,6) : 1
(5,0,1,2,4,6,3) : 1
(5,0,2) : 1
(5,0,2,1,3,4,6) : 1
(5,0,2,1,4,3,6) : 1
(5,0,2,1,6,4) : 1
(5,0,2,3,1,4,6) : 1
(5,0,2,3,4,1,6) : 1
(5,0,2,4,3,1,6) : 1
(5,0,3,1,2,4,6) : 3
(5,0,3,2,1,6) : 1
(5,0,3,4,1,6,2) : 1
(5,0,4,1,6,2,3) : 1
(5,0,4,2,1,6,3) : 1
(5,0,4,2,3,1,6) : 1
(5,0,4,2,6,3,1) : 1
(5,0,6) : 1
(5,1) : 3
(5,1,0,3,6,2,4) : 1
(5,1,3,2,0,4,6) : 1
(5,1,3,2,4,6,0) : 1
(5,1,3,4,2,0,6) : 1
(5,1,3,4,6,0,2) : 1
(5,1,4,2,0,3,6) : 1
(5,1,4,2,3,0,6) : 1
(5,1,6,4,3,0) : 1
(5,2) : 2
(5,2,0) : 2
(5,2,0,1,4,3,6) : 2
(5,2,0,1,4,6,3) : 1
(5,2,0,3,1,4,6) : 2
(5,2,0,3,4,6) : 1
(5,2,0,3,4,6,1) : 1
(5,2,0,4,1,3,6) : 1
(5,2,0,4,1,6,3) : 1
(5,2,0,4,3,1,6) : 3
(5,2,1,0,6,4,3) : 1
(5,2,1,6,4,3,0) : 1
(5,2,3,0,4,1,6) : 2
(5,2,3,1,0,4,6) : 1
(5,2,3,4,0,1,6) : 1
(5,2,3,4,1,0,6) : 1
(5,2,4,0) : 1
(5,2,4,3,0,6,1) : 2
(5,2,4,6,0,3,1) : 1
(5,2,4,6,1,3,0) : 1
(5,2,6,0,3,4,1) : 1
(5,2,6,3,4,0,1) : 1
(5,3) : 3
(5,3,0,2) : 1
(5,3,0,2,4,1,6) : 1
(5,3,0,4,2,1,6) : 1
(5,3,0,6,2,4,1) : 1
(5,3,1) : 1
(5,3,1,0,2,4,6) : 1
(5,3,1,2,0,4,6) : 1
(5,3,1,4,2,0,6) : 1
(5,3,1,6,4,2,0) : 1
(5,3,2,0,1,4,6) : 2
(5,3,2,0,6,1,4) : 1
(5,3,6,1,4,0,2) : 1
(5,4) : 3
(5,4,0,1,2,6,3) : 2
(5,4,0,2) : 1
(5,4,0,2,1,3,6) : 1
(5,4,1,0,2,3,6) : 1
(5,4,1,2,0,3,6) : 2
(5,4,1,6,2,3,0) : 1
(5,4,2) : 1
(5,4,2,0,1,3,6) : 6
(5,4,2,0,1,6,3) : 1
(5,4,2,0,3,1,6) : 2
(5,4,2,0,3,6,1) : 1
(5,4,2,1,0,3,6) : 5
(5,4,2,1,6,3,0) : 1
(5,4,2,6,1,0,3) : 1
(5,4,3,2,1,0,6) : 2
(5,4,6,0,1,2,3) : 1
(5,4,6,0,2,1,3) : 1
(5,4,6,3,2,1,0) : 1
(5,6,0,2,3,4,1) : 1
(5,6,2,1,0,3,4) : 1
(5,6,3,0,2,4,1) : 1
(5,6,3,1,0,2,4) : 1
(5,6,4,0,3,1,2) : 1
(5,6,4,1,2,3,0) : 1
(5,6,4,2,3,1,0) : 1
(5,6,4,3,2,1,0) : 3
(6) : 439
(6,0) : 17
(6,0,1) : 1
(6,0,1,2,3,4,5) : 1
(6,0,1,2,4,3,5) : 1
(6,0,1,2,4,5,3) : 1
(6,0,1,2,5,4,3) : 2
(6,0,1,3,2,5,4) : 1
(6,0,1,5,4,2,3) : 2
(6,0,2) : 2
(6,0,2,1,3,4,5) : 1
(6,0,2,1,4) : 1
(6,0,2,1,4,3,5) : 1
(6,0,2,1,4,5,3) : 3
(6,0,2,1,5,4,3) : 2
(6,0,2,3) : 1
(6,0,2,3,1,4,5) : 2
(6,0,2,3,1,5,4) : 1
(6,0,2,3,4,1,5) : 1
(6,0,2,3,4,5,1) : 2
(6,0,2,3,5,4,1) : 1
(6,0,2,4,1,5,3) : 2
(6,0,2,4,5,1,3) : 1
(6,0,2,5,1,3,4) : 1
(6,0,2,5,3) : 1
(6,0,2,5,4,3,1) : 1
(6,0,3) : 7
(6,0,3,1,2,4,5) : 1
(6,0,3,1,4,2,5) : 1
(6,0,3,1,4,5,2) : 1
(6,0,3,1,5,2,4) : 2
(6,0,3,1,5,4,2) : 2
(6,0,3,2,1,4,5) : 4
(6,0,3,2,1,5,4) : 1
(6,0,3,2,4,5,1) : 1
(6,0,3,4,2,5,1) : 1
(6,0,3,4,5) : 1
(6,0,3,4,5,1,2) : 1
(6,0,3,5,1,2,4) : 1
(6,0,3,5,1,4,2) : 1
(6,0,3,5,2,4,1) : 1
(6,0,3,5,4,1,2) : 1
(6,0,3,5,4,2,1) : 1
(6,0,4,2,1,3,5) : 1
(6,0,4,5) : 1
(6,1) : 4
(6,1,0,2,5,3,4) : 1
(6,1,0,2,5,4) : 1
(6,1,0,3,2,4,5) : 1
(6,1,0,4,3,5,2) : 1
(6,1,2,3,5,0) : 1
(6,1,2,5,3,4,0) : 1
(6,1,3,0,2) : 1
(6,1,3,0,2,4,5) : 2
(6,1,3,0,2,5,4) : 1
(6,1,3,0,4,2,5) : 1
(6,1,3,2,0,4,5) : 1
(6,1,3,2,4,0,5) : 2
(6,1,3,5,4,0,2) : 1
(6,1,3,5,4,2,0) : 1
(6,1,4,0,3,2,5) : 1
(6,1,5,0,3,2,4) : 2
(6,1,5,2,4,3,0) : 1
(6,1,5,4,2,0,3) : 1
(6,2) : 3
(6,2,0) : 1
(6,2,0,1,3,4,5) : 2
(6,2,0,3,1,4,5) : 2
(6,2,0,3,5,4,1) : 1
(6,2,0,4,5,1,3) : 1
(6,2,0,4,5,3,1) : 1
(6,2,0,5) : 1
(6,2,0,5,4,1,3) : 1
(6,2,1) : 1
(6,2,1,0,3,4,5) : 1
(6,2,1,0,3,5,4) : 1
(6,2,1,0,4,5,3) : 1
(6,2,3) : 1
(6,2,3,0,4,5,1) : 1
(6,2,4,1,5,3,0) : 1
(6,2,4,5,3,1,0) : 1
(6,2,5) : 1
(6,3) : 78
(6,3,0) : 10
(6,3,0,1,2,4,5) : 3
(6,3,0,1,4,5,2) : 1
(6,3,0,1,5,2,4) : 2
(6,3,0,1,5,4,2) : 4
(6,3,0,2,1) : 1
(6,3,0,2,1,4,5) : 4
(6,3,0,2,1,5,4) : 1
(6,3,0,2,4,1,5) : 1
(6,3,0,2,4,5,1) : 3
(6,3,0,2,5,1,4) : 2
(6,3,0,2,5,4,1) : 1
(6,3,0,4,1,2,5) : 1
(6,3,0,4,1,5,2) : 3
(6,3,0,4,2) : 1
(6,3,0,5,1,2,4) : 2
(6,3,0,5,1,4,2) : 3
(6,3,0,5,2,1) : 1
(6,3,0,5,4,1,2) : 3
(6,3,0,5,4,2,1) : 1
(6,3,1) : 3
(6,3,1,0,2,4,5) : 1
(6,3,1,0,2,5,4) : 1
(6,3,1,0,4,2,5) : 1
(6,3,1,0,4,5,2) : 1
(6,3,1,0,5,2,4) : 2
(6,3,1,0,5,4,2) : 3
(6,3,1,2,0,4,5) : 1
(6,3,1,2,0,5,4) : 1
(6,3,1,4,5,0,2) : 1
(6,3,1,4,5,2,0) : 1
(6,3,1,5) : 1
(6,3,1,5,0,4,2) : 3
(6,3,1,5,2,0,4) : 1
(6,3,1,5,4,0,2) : 2
(6,3,1,5,4,2,0) : 3
(6,3,2) : 5
(6,3,2,0,1,4,5) : 1
(6,3,2,0,1,5,4) : 1
(6,3,2,0,5,4,1) : 1
(6,3,2,1,0,4,5) : 2
(6,3,2,4,0,1,5) : 1
(6,3,4,5) : 1
(6,3,4,5,1,0,2) : 3
(6,3,5) : 2
(6,3,5,0,1,2,4) : 2
(6,3,5,0,1,4,2) : 4
(6,3,5,0,2,1,4) : 3
(6,3,5,0,4,1,2) : 1
(6,3,5,1,0,2,4) : 2
(6,3,5,1,0,4,2) : 1
(6,3,5,2,0,1,4) : 1
(6,3,5,2,1,0,4) : 1
(6,3,5,2,1,4,0) : 1
(6,3,5,2,4,1,0) : 1
(6,3,5,4,1,2,0) : 3
(6,3,5,4,2,1,0) : 1
(6,4) : 1
(6,4,0,5,1,3,2) : 1
(6,4,1,5,0,2,3) : 1
(6,4,2,1,5,3,0) : 1
(6,4,3,1,2,5,0) : 1
(6,4,3,2,1,0) : 1
(6,4,3,5,0,1,2) : 3
(6,4,3,5,1,0,2) : 1
(6,4,3,5,1,2,0) : 1
(6,4,3,5,2,1,0) : 2
(6,4,5) : 1
(6,4,5,1,2,0,3) : 1
(6,4,5,3,2,1,0) : 1
(6,5) : 2
(6,5,0,1,2,3,4) : 1
(6,5,0,1,4,3,2) : 1
(6,5,0,4,2,1,3) : 1
(6,5,1,0,3,2,4) : 2
(6,5,1,4,2,0,3) : 1
(6,5,1,4,3,0,2) : 1
(6,5,3) : 2
(6,5,3,0,1,2,4) : 1
(6,5,4,0,1,2,3) : 1
(6,5,4,1,0,3,2) : 1
(6,5,4,1,2,0,3) : 1
(6,5,4,2,0,1,3) : 1
(6,5,4,2,1,0,3) : 1
(6,5,4,2,1,3,0) : 1
(6,5,4,3,0,1,2) : 1
(6,5,4,3,2,1,0) : 8
