0, 1, 2, 3, 4, 5
LAB,ACP,GRN,LIB,CDP,NLT
-+-+-+-+-
() : 68
(0) : 4026
(0,1) : 22
(0,1,2) : 27
(0,1,2,3) : 2
(0,1,2,3,4) : 6
(0,1,2,3,4,5) : 87
(0,1,2,3,5,4) : 26
(0,1,2,4) : 1
(0,1,2,4,3,5) : 2
(0,1,2,4,5,3) : 14
(0,1,2,5) : 3
(0,1,2,5,3,4) : 25
(0,1,2,5,4,3) : 13
(0,1,3) : 3
(0,1,3,2,4,5) : 3
(0,1,3,2,5,4) : 8
(0,1,3,4,2,5) : 1
(0,1,3,4,5,2) : 1
(0,1,3,5,2,4) : 2
(0,1,4,2,3,5) : 2
(0,1,4,2,5,3) : 1
(0,1,4,3,5,2) : 4
(0,1,4,5,2,3) : 2
(0,1,5) : 3
(0,1,5,2,3,4) : 5
(0,1,5,2,4,3) : 4
(0,1,5,3,2,4) : 4
(0,1,5,3,4) : 1
(0,1,5,3,4,2) : 1
(0,1,5,4,2,3) : 5
(0,1,5,4,3,2) : 5
(0,2) : 507
(0,2,1) : 338
(0,2,1,3) : 7
(0,2,1,3,4) : 2
(0,2,1,3,4,5) : 98
(0,2,1,3,5) : 1
(0,2,1,3,5,4) : 95
(0,2,1,4,3,5) : 8
(0,2,1,4,5) : 1
(0,2,1,4,5,3) : 50
(0,2,1,5) : 3
(0,2,1,5,3,4) : 141
(0,2,1,5,4,3) : 165
(0,2,3) : 103
(0,2,3,1) : 2
(0,2,3,1,4,5) : 71
(0,2,3,1,5) : 1
(0,2,3,1,5,4) : 160
(0,2,3,4,1) : 1
(0,2,3,4,1,5) : 29
(0,2,3,4,5,1) : 32
(0,2,3,5) : 3
(0,2,3,5,1) : 1
(0,2,3,5,1,4) : 74
(0,2,3,5,4,1) : 29
(0,2,4) : 10
(0,2,4,1,3,5) : 7
(0,2,4,1,5) : 3
(0,2,4,1,5,3) : 25
(0,2,4,3) : 2
(0,2,4,3,1,5) : 11
(0,2,4,3,5,1) : 12
(0,2,4,5,1,3) : 39
(0,2,4,5,3) : 1
(0,2,4,5,3,1) : 8
(0,2,5) : 31
(0,2,5,1) : 2
(0,2,5,1,3) : 2
(0,2,5,1,3,4) : 91
(0,2,5,1,4,3) : 89
(0,2,5,3) : 1
(0,2,5,3,1) : 1
(0,2,5,3,1,4) : 41
(0,2,5,3,4,1) : 9
(0,2,5,4,1,3) : 51
(0,2,5,4,3,1) : 14
(0,3) : 138
(0,3,1) : 2
(0,3,1,2,4,5) : 27
(0,3,1,2,5,4) : 5
(0,3,1,4,2,5) : 2
(0,3,1,4,5,2) : 5
(0,3,1,5,2,4) : 5
(0,3,1,5,4,2) : 1
(0,3,2) : 66
(0,3,2,1) : 4
(0,3,2,1,4) : 2
(0,3,2,1,4,5) : 46
(0,3,2,1,5,4) : 63
(0,3,2,4,1,5) : 26
(0,3,2,4,5,1) : 18
(0,3,2,5,1,4) : 39
(0,3,2,5,4,1) : 19
(0,3,4) : 4
(0,3,4,1,2,5) : 3
(0,3,4,1,5,2) : 6
(0,3,4,2) : 2
(0,3,4,2,1,5) : 8
(0,3,4,2,5,1) : 6
(0,3,4,5,1,2) : 10
(0,3,4,5,2,1) : 8
(0,3,5) : 9
(0,3,5,1,2) : 1
(0,3,5,1,2,4) : 6
(0,3,5,1,4) : 1
(0,3,5,1,4,2) : 3
(0,3,5,2) : 2
(0,3,5,2,1,4) : 6
(0,3,5,2,4,1) : 5
(0,3,5,4) : 1
(0,3,5,4,1,2) : 2
(0,3,5,4,2,1) : 4
(0,4) : 15
(0,4,1,2,3,5) : 1
(0,4,1,2,5,3) : 3
(0,4,1,3,5,2) : 2
(0,4,1,5,3,2) : 3
(0,4,2) : 1
(0,4,2,1,3,5) : 3
(0,4,2,1,5,3) : 4
(0,4,2,3) : 1
(0,4,2,3,1,5) : 8
(0,4,2,3,5,1) : 5
(0,4,2,5,1,3) : 6
(0,4,2,5,3,1) : 1
(0,4,3) : 3
(0,4,3,1,5,2) : 1
(0,4,3,2,1,5) : 7
(0,4,3,2,5,1) : 5
(0,4,3,5,1,2) : 1
(0,4,3,5,2,1) : 1
(0,4,5) : 1
(0,4,5,1,2,3) : 3
(0,4,5,1,3,2) : 2
(0,4,5,2,1,3) : 7
(0,4,5,2,3,1) : 3
(0,4,5,3,1,2) : 2
(0,4,5,3,2,1) : 2
(0,5) : 28
(0,5,1) : 4
(0,5,1,2) : 2
(0,5,1,2,3,4) : 10
(0,5,1,2,4,3) : 7
(0,5,1,3,2,4) : 5
(0,5,1,4,2,3) : 3
(0,5,1,4,3,2) : 2
(0,5,2) : 11
(0,5,2,1,3,4) : 16
(0,5,2,1,4,3) : 20
(0,5,2,3) : 1
(0,5,2,3,1,4) : 11
(0,5,2,3,4,1) : 6
(0,5,2,4,1,3) : 8
(0,5,2,4,3,1) : 3
(0,5,3,1,2,4) : 1
(0,5,3,1,4,2) : 1
(0,5,3,2) : 2
(0,5,3,2,1,4) : 7
(0,5,3,2,4,1) : 1
(0,5,3,4,1,2) : 4
(0,5,3,4,2,1) : 3
(0,5,4,1,2,3) : 7
(0,5,4,2,1,3) : 1
(0,5,4,2,3) : 1
(0,5,4,2,3,1) : 5
(0,5,4,3,1,2) : 1
(0,5,4,3,2,1) : 5
(1) : 350
(1,0) : 10
(1,0,2) : 3
(1,0,2,3) : 1
(1,0,2,3,4,5) : 13
(1,0,2,3,5) : 1
(1,0,2,3,5,4) : 15
(1,0,2,4,3,5) : 1
(1,0,2,4,5,3) : 2
(1,0,2,5,3,4) : 3
(1,0,2,5,4,3) : 4
(1,0,3) : 1
(1,0,3,2,4,5) : 5
(1,0,3,2,5,4) : 6
(1,0,3,4,2,5) : 1
(1,0,3,5,2,4) : 2
(1,0,4,5,2,3) : 1
(1,0,5,2,4,3) : 1
(1,0,5,3,4,2) : 1
(1,0,5,4,2,3) : 1
(1,2) : 27
(1,2,0) : 16
(1,2,0,3) : 7
(1,2,0,3,4,5) : 23
(1,2,0,3,5,4) : 52
(1,2,0,4,3,5) : 1
(1,2,0,4,5,3) : 5
(1,2,0,5) : 1
(1,2,0,5,3,4) : 20
(1,2,0,5,4,3) : 12
(1,2,3) : 6
(1,2,3,0) : 1
(1,2,3,0,4) : 1
(1,2,3,0,4,5) : 12
(1,2,3,0,5,4) : 27
(1,2,3,4,0,5) : 2
(1,2,3,5,0,4) : 9
(1,2,3,5,4) : 1
(1,2,3,5,4,0) : 2
(1,2,4,0,5,3) : 1
(1,2,5,0) : 3
(1,2,5,0,3,4) : 12
(1,2,5,0,4,3) : 1
(1,2,5,3,0,4) : 3
(1,2,5,3,4,0) : 2
(1,2,5,4,0,3) : 3
(1,2,5,4,3,0) : 2
(1,3) : 33
(1,3,0) : 7
(1,3,0,2) : 1
(1,3,0,2,4,5) : 6
(1,3,0,2,5,4) : 15
(1,3,0,4,2,5) : 2
(1,3,0,4,5,2) : 1
(1,3,0,5,2,4) : 1
(1,3,2) : 5
(1,3,2,0,4,5) : 6
(1,3,2,0,5,4) : 17
(1,3,2,4,0,5) : 2
(1,3,2,4,5,0) : 1
(1,3,2,5) : 1
(1,3,2,5,0,4) : 5
(1,3,2,5,4,0) : 2
(1,3,4,0,2,5) : 1
(1,3,4,2,5,0) : 1
(1,3,4,5,0,2) : 3
(1,3,4,5,2,0) : 1
(1,3,5,0,2,4) : 2
(1,3,5,2,0,4) : 3
(1,3,5,2,4,0) : 2
(1,3,5,4,2,0) : 5
(1,4) : 2
(1,4,0,3,5,2) : 1
(1,4,2,3,0,5) : 1
(1,4,3,0,2,5) : 1
(1,4,3,2,0,5) : 1
(1,4,3,2,5,0) : 1
(1,4,5) : 1
(1,4,5,2,0,3) : 1
(1,4,5,3,0,2) : 1
(1,5) : 4
(1,5,0,2,3,4) : 5
(1,5,0,3,4,2) : 2
(1,5,2,0,3,4) : 1
(1,5,2,3,0,4) : 2
(1,5,2,4) : 1
(1,5,2,4,0,3) : 1
(1,5,3) : 3
(1,5,3,0,2,4) : 2
(1,5,3,0,4) : 1
(1,5,3,2) : 1
(1,5,3,2,0,4) : 4
(1,5,3,4,0) : 1
(1,5,3,4,0,2) : 1
(1,5,4,2,0,3) : 4
(1,5,4,2,3,0) : 3
(1,5,4,3,0,2) : 2
(2) : 3301
(2,0) : 482
(2,0,1) : 167
(2,0,1,3) : 12
(2,0,1,3,4) : 1
(2,0,1,3,4,5) : 83
(2,0,1,3,5) : 2
(2,0,1,3,5,4) : 181
(2,0,1,4) : 1
(2,0,1,4,3) : 1
(2,0,1,4,3,5) : 9
(2,0,1,4,5,3) : 28
(2,0,1,5) : 7
(2,0,1,5,3,4) : 224
(2,0,1,5,4) : 1
(2,0,1,5,4,3) : 102
(2,0,3) : 113
(2,0,3,1) : 7
(2,0,3,1,4,5) : 63
(2,0,3,1,5) : 1
(2,0,3,1,5,4) : 198
(2,0,3,4) : 1
(2,0,3,4,1,5) : 11
(2,0,3,4,5,1) : 16
(2,0,3,5) : 2
(2,0,3,5,1) : 2
(2,0,3,5,1,4) : 89
(2,0,3,5,4,1) : 19
(2,0,4) : 4
(2,0,4,1,3,5) : 5
(2,0,4,1,5,3) : 10
(2,0,4,3) : 1
(2,0,4,3,1,5) : 6
(2,0,4,3,5) : 2
(2,0,4,3,5,1) : 2
(2,0,4,5,1,3) : 14
(2,0,4,5,3,1) : 3
(2,0,5) : 12
(2,0,5,1) : 2
(2,0,5,1,3,4) : 76
(2,0,5,1,4,3) : 37
(2,0,5,3,1) : 1
(2,0,5,3,1,4) : 21
(2,0,5,3,4,1) : 11
(2,0,5,4,1,3) : 20
(2,0,5,4,3,1) : 7
(2,1) : 70
(2,1,0) : 641
(2,1,0,3) : 20
(2,1,0,3,4,5) : 69
(2,1,0,3,5) : 1
(2,1,0,3,5,4) : 120
(2,1,0,4,3,5) : 7
(2,1,0,4,5) : 1
(2,1,0,4,5,3) : 19
(2,1,0,5) : 8
(2,1,0,5,3) : 2
(2,1,0,5,3,4) : 108
(2,1,0,5,4,3) : 48
(2,1,3) : 14
(2,1,3,0) : 5
(2,1,3,0,4,5) : 10
(2,1,3,0,5,4) : 45
(2,1,3,4,0,5) : 2
(2,1,3,4,5,0) : 3
(2,1,3,5,0,4) : 8
(2,1,3,5,4,0) : 2
(2,1,4,0,3,5) : 1
(2,1,4,0,5,3) : 1
(2,1,4,3,0,5) : 6
(2,1,4,5,0,3) : 3
(2,1,4,5,3,0) : 3
(2,1,5) : 8
(2,1,5,0) : 6
(2,1,5,0,3) : 1
(2,1,5,0,3,4) : 26
(2,1,5,0,4) : 1
(2,1,5,0,4,3) : 5
(2,1,5,3,0,4) : 9
(2,1,5,3,4,0) : 1
(2,1,5,4,0,3) : 10
(2,1,5,4,3,0) : 2
(2,3) : 188
(2,3,0) : 75
(2,3,0,1) : 3
(2,3,0,1,4,5) : 49
(2,3,0,1,5,4) : 123
(2,3,0,4) : 1
(2,3,0,4,1,5) : 9
(2,3,0,4,5) : 1
(2,3,0,4,5,1) : 11
(2,3,0,5) : 1
(2,3,0,5,1,4) : 56
(2,3,0,5,4,1) : 19
(2,3,1) : 9
(2,3,1,0) : 5
(2,3,1,0,4,5) : 18
(2,3,1,0,5,4) : 35
(2,3,1,4,0,5) : 3
(2,3,1,4,5,0) : 2
(2,3,1,5) : 2
(2,3,1,5,0,4) : 8
(2,3,1,5,4,0) : 4
(2,3,4) : 3
(2,3,4,0,1) : 1
(2,3,4,0,1,5) : 4
(2,3,4,0,5,1) : 2
(2,3,4,1,0,5) : 4
(2,3,4,1,5,0) : 1
(2,3,4,5,0,1) : 3
(2,3,4,5,1,0) : 2
(2,3,5) : 3
(2,3,5,0,1) : 2
(2,3,5,0,1,4) : 14
(2,3,5,0,4,1) : 3
(2,3,5,1,0,4) : 13
(2,3,5,1,4,0) : 5
(2,3,5,4,0) : 1
(2,3,5,4,0,1) : 3
(2,3,5,4,1,0) : 6
(2,4) : 10
(2,4,0) : 1
(2,4,0,1,5,3) : 2
(2,4,0,3) : 1
(2,4,0,3,1,5) : 2
(2,4,0,3,5,1) : 2
(2,4,0,5,1,3) : 1
(2,4,1) : 2
(2,4,1,0,5,3) : 1
(2,4,1,3,5,0) : 1
(2,4,1,5,0,3) : 3
(2,4,3) : 3
(2,4,3,0,1,5) : 5
(2,4,3,0,5,1) : 3
(2,4,3,1,0,5) : 2
(2,4,3,5,0,1) : 1
(2,4,3,5,1,0) : 1
(2,4,5,0,1,3) : 4
(2,4,5,0,3,1) : 1
(2,4,5,1,0,3) : 1
(2,4,5,1,3,0) : 1
(2,4,5,3) : 2
(2,5) : 20
(2,5,0) : 8
(2,5,0,1) : 1
(2,5,0,1,3,4) : 13
(2,5,0,1,4,3) : 6
(2,5,0,3,1,4) : 4
(2,5,0,3,4,1) : 3
(2,5,0,4,1,3) : 1
(2,5,0,4,3,1) : 2
(2,5,1) : 7
(2,5,1,0,3,4) : 12
(2,5,1,0,4,3) : 4
(2,5,1,3,0,4) : 5
(2,5,1,4,0,3) : 4
(2,5,3) : 6
(2,5,3,0,1,4) : 10
(2,5,3,1) : 1
(2,5,3,1,0,4) : 4
(2,5,3,1,4) : 1
(2,5,3,1,4,0) : 2
(2,5,3,4,1,0) : 2
(2,5,4,0,1,3) : 1
(2,5,4,0,3,1) : 1
(2,5,4,1,0,3) : 2
(2,5,4,1,3,0) : 1
(2,5,4,3,1,0) : 3
(3) : 25124
(3,0) : 277
(3,0,1) : 15
(3,0,1,2) : 4
(3,0,1,2,4) : 1
(3,0,1,2,4,5) : 84
(3,0,1,2,5,4) : 41
(3,0,1,4,2,5) : 8
(3,0,1,4,5,2) : 12
(3,0,1,5,2,4) : 21
(3,0,1,5,4,2) : 9
(3,0,2) : 109
(3,0,2,1) : 8
(3,0,2,1,4,5) : 75
(3,0,2,1,5,4) : 157
(3,0,2,4) : 5
(3,0,2,4,1,5) : 38
(3,0,2,4,5,1) : 51
(3,0,2,5) : 1
(3,0,2,5,1,4) : 106
(3,0,2,5,4,1) : 57
(3,0,4) : 8
(3,0,4,1,2,5) : 9
(3,0,4,1,5,2) : 4
(3,0,4,2,1,5) : 16
(3,0,4,2,5,1) : 14
(3,0,4,5,1) : 1
(3,0,4,5,1,2) : 21
(3,0,4,5,2,1) : 11
(3,0,5) : 6
(3,0,5,1,2,4) : 26
(3,0,5,1,4,2) : 5
(3,0,5,2) : 2
(3,0,5,2,1,4) : 32
(3,0,5,2,4,1) : 16
(3,0,5,4) : 1
(3,0,5,4,1,2) : 6
(3,0,5,4,2,1) : 11
(3,1) : 104
(3,1,0) : 5
(3,1,0,2) : 1
(3,1,0,2,4,5) : 24
(3,1,0,2,5) : 1
(3,1,0,2,5,4) : 22
(3,1,0,4,2,5) : 3
(3,1,0,4,5,2) : 11
(3,1,0,5,2,4) : 6
(3,1,0,5,4) : 2
(3,1,0,5,4,2) : 15
(3,1,2) : 14
(3,1,2,0) : 8
(3,1,2,0,4,5) : 23
(3,1,2,0,5) : 2
(3,1,2,0,5,4) : 43
(3,1,2,4,0,5) : 4
(3,1,2,4,5) : 2
(3,1,2,4,5,0) : 20
(3,1,2,5,0,4) : 28
(3,1,2,5,4,0) : 13
(3,1,4) : 3
(3,1,4,0,2,5) : 5
(3,1,4,0,5,2) : 9
(3,1,4,2,0,5) : 4
(3,1,4,2,5,0) : 3
(3,1,4,5,0,2) : 14
(3,1,4,5,2,0) : 23
(3,1,5) : 10
(3,1,5,0,2) : 2
(3,1,5,0,2,4) : 22
(3,1,5,0,4,2) : 12
(3,1,5,2,0) : 1
(3,1,5,2,0,4) : 30
(3,1,5,2,4) : 2
(3,1,5,2,4,0) : 13
(3,1,5,4) : 1
(3,1,5,4,0,2) : 23
(3,1,5,4,2,0) : 42
(3,2) : 429
(3,2,0) : 97
(3,2,0,1) : 6
(3,2,0,1,4,5) : 102
(3,2,0,1,5) : 1
(3,2,0,1,5,4) : 200
(3,2,0,4) : 3
(3,2,0,4,1,5) : 24
(3,2,0,4,5,1) : 45
(3,2,0,5) : 3
(3,2,0,5,1) : 1
(3,2,0,5,1,4) : 96
(3,2,0,5,4,1) : 34
(3,2,1) : 24
(3,2,1,0) : 3
(3,2,1,0,4) : 1
(3,2,1,0,4,5) : 59
(3,2,1,0,5,4) : 82
(3,2,1,4) : 2
(3,2,1,4,0) : 1
(3,2,1,4,0,5) : 12
(3,2,1,4,5) : 1
(3,2,1,4,5,0) : 24
(3,2,1,5) : 1
(3,2,1,5,0) : 1
(3,2,1,5,0,4) : 43
(3,2,1,5,4) : 1
(3,2,1,5,4,0) : 26
(3,2,4) : 12
(3,2,4,0,1,5) : 18
(3,2,4,0,5) : 1
(3,2,4,0,5,1) : 9
(3,2,4,1,0,5) : 6
(3,2,4,1,5,0) : 13
(3,2,4,5,0,1) : 6
(3,2,4,5,1) : 1
(3,2,4,5,1,0) : 21
(3,2,5) : 16
(3,2,5,0) : 3
(3,2,5,0,1) : 1
(3,2,5,0,1,4) : 47
(3,2,5,0,4,1) : 9
(3,2,5,1) : 1
(3,2,5,1,0,4) : 26
(3,2,5,1,4,0) : 18
(3,2,5,4) : 1
(3,2,5,4,0) : 2
(3,2,5,4,0,1) : 12
(3,2,5,4,1,0) : 33
(3,4) : 236
(3,4,0) : 14
(3,4,0,1,2,5) : 25
(3,4,0,1,5,2) : 27
(3,4,0,2) : 1
(3,4,0,2,1,5) : 30
(3,4,0,2,5,1) : 13
(3,4,0,5,1,2) : 29
(3,4,0,5,2,1) : 12
(3,4,1) : 6
(3,4,1,0) : 1
(3,4,1,0,2,5) : 12
(3,4,1,0,5,2) : 13
(3,4,1,2,0,5) : 7
(3,4,1,2,5,0) : 10
(3,4,1,5,0) : 1
(3,4,1,5,0,2) : 45
(3,4,1,5,2) : 1
(3,4,1,5,2,0) : 22
(3,4,2) : 12
(3,4,2,0) : 2
(3,4,2,0,1,5) : 12
(3,4,2,0,5,1) : 7
(3,4,2,1,0) : 1
(3,4,2,1,0,5) : 13
(3,4,2,1,5) : 1
(3,4,2,1,5,0) : 9
(3,4,2,5) : 1
(3,4,2,5,0,1) : 4
(3,4,2,5,1,0) : 12
(3,4,5) : 24
(3,4,5,0) : 1
(3,4,5,0,1) : 1
(3,4,5,0,1,2) : 49
(3,4,5,0,2,1) : 10
(3,4,5,1) : 2
(3,4,5,1,0) : 1
(3,4,5,1,0,2) : 63
(3,4,5,1,2) : 1
(3,4,5,1,2,0) : 55
(3,4,5,2) : 1
(3,4,5,2,0,1) : 14
(3,4,5,2,1) : 1
(3,4,5,2,1,0) : 42
(3,5) : 153
(3,5,0) : 9
(3,5,0,1,2,4) : 23
(3,5,0,1,4,2) : 13
(3,5,0,2,1,4) : 17
(3,5,0,2,4,1) : 13
(3,5,0,4,1,2) : 7
(3,5,0,4,2,1) : 7
(3,5,1) : 3
(3,5,1,0) : 1
(3,5,1,0,2,4) : 22
(3,5,1,0,4,2) : 15
(3,5,1,2,0,4) : 21
(3,5,1,2,4,0) : 22
(3,5,1,4) : 1
(3,5,1,4,0) : 1
(3,5,1,4,0,2) : 17
(3,5,1,4,2,0) : 40
(3,5,2) : 13
(3,5,2,0) : 1
(3,5,2,0,1) : 1
(3,5,2,0,1,4) : 23
(3,5,2,0,4) : 1
(3,5,2,0,4,1) : 25
(3,5,2,1) : 1
(3,5,2,1,0) : 1
(3,5,2,1,0,4) : 16
(3,5,2,1,4,0) : 22
(3,5,2,4,0) : 1
(3,5,2,4,0,1) : 3
(3,5,2,4,1,0) : 17
(3,5,4) : 4
(3,5,4,0,1,2) : 21
(3,5,4,0,2,1) : 6
(3,5,4,1,0) : 1
(3,5,4,1,0,2) : 47
(3,5,4,1,2) : 1
(3,5,4,1,2,0) : 44
(3,5,4,2,0,1) : 9
(3,5,4,2,1,0) : 36
(4) : 400
(4,0) : 16
(4,0,1,2,3,5) : 3
(4,0,1,3,2,5) : 1
(4,0,2,1,5,3) : 1
(4,0,2,3,1,5) : 2
(4,0,3) : 4
(4,0,3,1,2) : 1
(4,0,3,1,2,5) : 1
(4,0,3,1,5,2) : 1
(4,0,3,2,1,5) : 3
(4,0,3,2,5,1) : 5
(4,0,3,5,1,2) : 1
(4,0,3,5,2,1) : 4
(4,0,5,1,2,3) : 1
(4,0,5,1,3,2) : 2
(4,0,5,2,1,3) : 1
(4,0,5,3,2,1) : 1
(4,1) : 4
(4,1,0,2,3,5) : 2
(4,1,0,3,2,5) : 1
(4,1,2,3,0,5) : 2
(4,1,2,5,3,0) : 1
(4,1,3,0) : 1
(4,1,3,0,2,5) : 2
(4,1,3,2,0,5) : 1
(4,1,3,2,5,0) : 1
(4,1,3,5,0,2) : 1
(4,1,5) : 2
(4,1,5,0,2,3) : 1
(4,1,5,3,0) : 1
(4,2) : 9
(4,2,0,1,3,5) : 2
(4,2,0,3) : 1
(4,2,0,3,1,5) : 3
(4,2,0,3,5,1) : 1
(4,2,1,0,3) : 1
(4,2,1,0,3,5) : 2
(4,2,1,5,0,3) : 2
(4,2,3) : 1
(4,2,3,0,1,5) : 1
(4,2,3,0,5,1) : 1
(4,2,3,1,0,5) : 1
(4,2,3,5,1) : 1
(4,3) : 79
(4,3,0) : 9
(4,3,0,1,2,5) : 5
(4,3,0,1,5) : 1
(4,3,0,1,5,2) : 8
(4,3,0,2) : 2
(4,3,0,2,1,5) : 3
(4,3,0,2,5,1) : 5
(4,3,0,5,1,2) : 13
(4,3,0,5,2,1) : 2
(4,3,1) : 1
(4,3,1,0,2,5) : 3
(4,3,1,0,5,2) : 6
(4,3,1,2,0,5) : 2
(4,3,1,2,5,0) : 1
(4,3,1,5,0,2) : 9
(4,3,1,5,2,0) : 2
(4,3,2) : 4
(4,3,2,0,1,5) : 5
(4,3,2,0,5) : 1
(4,3,2,0,5,1) : 1
(4,3,2,1) : 1
(4,3,2,1,0,5) : 1
(4,3,2,1,5,0) : 2
(4,3,2,5,0,1) : 2
(4,3,2,5,1,0) : 2
(4,3,5) : 3
(4,3,5,0,1,2) : 10
(4,3,5,0,2,1) : 1
(4,3,5,1,0,2) : 10
(4,3,5,1,2,0) : 1
(4,3,5,2,0,1) : 1
(4,3,5,2,1,0) : 1
(4,5) : 5
(4,5,0,1,2,3) : 4
(4,5,0,1,3,2) : 1
(4,5,0,2,1,3) : 2
(4,5,0,2,3,1) : 1
(4,5,0,3) : 1
(4,5,1,0,3,2) : 1
(4,5,1,2,0,3) : 3
(4,5,1,3,0,2) : 1
(4,5,1,3,2,0) : 1
(4,5,2,1,3,0) : 3
(4,5,3,0,2,1) : 1
(4,5,3,1) : 1
(4,5,3,1,0,2) : 1
(4,5,3,2,1,0) : 2
(5) : 422
(5,0) : 7
(5,0,1) : 2
(5,0,1,2,3,4) : 5
(5,0,1,2,4,3) : 1
(5,0,1,3,2,4) : 3
(5,0,2) : 1
(5,0,2,1,3,4) : 3
(5,0,2,1,4,3) : 2
(5,0,2,3) : 1
(5,0,2,3,1,4) : 3
(5,0,2,3,4,1) : 1
(5,0,2,4,1,3) : 2
(5,0,3) : 1
(5,0,3,1,2,4) : 3
(5,0,3,1,4,2) : 1
(5,0,3,2,1,4) : 5
(5,0,3,2,4,1) : 1
(5,0,3,4,1,2) : 2
(5,0,3,4,2,1) : 1
(5,0,4,1,2,3) : 2
(5,0,4,3,2,1) : 1
(5,1) : 3
(5,1,0) : 2
(5,1,0,2,3,4) : 2
(5,1,2,0) : 1
(5,1,2,0,3,4) : 8
(5,1,2,0,4,3) : 1
(5,1,2,3,0,4) : 3
(5,1,2,4,0,3) : 1
(5,1,3) : 1
(5,1,3,0,2,4) : 1
(5,1,3,0,4,2) : 1
(5,1,3,2,0,4) : 1
(5,1,3,4,0,2) : 2
(5,1,3,4,2,0) : 2
(5,1,4,0,2,3) : 1
(5,1,4,3,0,2) : 1
(5,1,4,3,2,0) : 1
(5,2) : 10
(5,2,0) : 1
(5,2,0,1,3,4) : 8
(5,2,0,3,1,4) : 4
(5,2,0,3,4,1) : 1
(5,2,0,4,1,3) : 2
(5,2,0,4,3,1) : 2
(5,2,1) : 1
(5,2,1,0,3,4) : 4
(5,2,1,3,0,4) : 3
(5,2,1,3,4,0) : 1
(5,2,1,4,0,3) : 2
(5,2,1,4,3,0) : 1
(5,2,3) : 1
(5,2,3,0) : 1
(5,2,3,0,1,4) : 4
(5,2,3,0,4,1) : 1
(5,2,3,1,0,4) : 2
(5,2,3,4,1,0) : 1
(5,2,4,0,1,3) : 1
(5,2,4,1,3,0) : 1
(5,3) : 29
(5,3,0,1,2,4) : 2
(5,3,0,1,4,2) : 3
(5,3,0,2) : 1
(5,3,0,2,1,4) : 4
(5,3,0,2,4,1) : 2
(5,3,0,4,1,2) : 1
(5,3,0,4,2,1) : 1
(5,3,1) : 1
(5,3,1,0,2) : 1
(5,3,1,0,2,4) : 2
(5,3,1,0,4) : 1
(5,3,1,0,4,2) : 1
(5,3,1,2,0,4) : 1
(5,3,1,4,0,2) : 1
(5,3,1,4,2,0) : 1
(5,3,2) : 2
(5,3,2,0,1,4) : 1
(5,3,2,0,4,1) : 1
(5,3,2,1,0,4) : 2
(5,3,2,1,4,0) : 1
(5,3,2,4,0,1) : 1
(5,3,2,4,1,0) : 2
(5,3,4) : 2
(5,3,4,0,1,2) : 3
(5,3,4,0,2,1) : 1
(5,3,4,1,0,2) : 4
(5,3,4,1,2,0) : 2
(5,3,4,2,1,0) : 2
(5,4) : 4
(5,4,0,3,1,2) : 1
(5,4,1,0,2,3) : 1
(5,4,1,2,0,3) : 5
(5,4,1,2,3,0) : 1
(5,4,1,3,0,2) : 1
(5,4,1,3,2,0) : 1
(5,4,2) : 1
(5,4,2,1) : 1
(5,4,2,1,0,3) : 3
(5,4,2,1,3,0) : 1
(5,4,3) : 2
(5,4,3,0,2,1) : 2
(5,4,3,1,0,2) : 1
(5,4,3,1,2,0) : 1
(5,4,3,2) : 1
(5,4,3,2,1,0) : 5
