0, 1, 2, 3, 4
CDP,NLT,LIB,GRN,LAB
-+-+-+-+-
() : 73
(0) : 506
(0,1) : 11
(0,1,2) : 2
(0,1,2,3) : 1
(0,1,2,3,4) : 50
(0,1,2,4,3) : 15
(0,1,3,2,4) : 6
(0,1,3,4,2) : 4
(0,1,4,2,3) : 8
(0,1,4,3,2) : 1
(0,2) : 125
(0,2,1) : 2
(0,2,1,3,4) : 20
(0,2,1,4,3) : 79
(0,2,3) : 2
(0,2,3,1,4) : 6
(0,2,3,4) : 1
(0,2,3,4,1) : 11
(0,2,4) : 4
(0,2,4,1,3) : 52
(0,2,4,3,1) : 34
(0,3) : 10
(0,3,1) : 1
(0,3,1,2,4) : 8
(0,3,1,4,2) : 8
(0,3,2) : 1
(0,3,2,1,4) : 9
(0,3,2,4,1) : 6
(0,3,4) : 2
(0,3,4,1,2) : 1
(0,3,4,2,1) : 16
(0,4) : 8
(0,4,1,2,3) : 3
(0,4,1,3,2) : 1
(0,4,2) : 3
(0,4,2,1,3) : 18
(0,4,2,3,1) : 15
(0,4,3,1,2) : 5
(0,4,3,2,1) : 12
(1) : 637
(1,0) : 8
(1,0,2,3,4) : 10
(1,0,2,4,3) : 7
(1,0,3,2,4) : 7
(1,0,3,4,2) : 7
(1,0,4,2,3) : 3
(1,0,4,3,2) : 6
(1,2) : 41
(1,2,0) : 1
(1,2,0,3,4) : 16
(1,2,0,4,3) : 23
(1,2,3) : 5
(1,2,3,0) : 1
(1,2,3,0,4) : 10
(1,2,3,4) : 1
(1,2,3,4,0) : 32
(1,2,4) : 1
(1,2,4,0,3) : 6
(1,2,4,3) : 1
(1,2,4,3,0) : 19
(1,3) : 17
(1,3,0) : 1
(1,3,0,2,4) : 5
(1,3,0,4,2) : 7
(1,3,2) : 2
(1,3,2,0,4) : 3
(1,3,2,4) : 2
(1,3,2,4,0) : 23
(1,3,4) : 3
(1,3,4,0,2) : 9
(1,3,4,2,0) : 23
(1,4) : 19
(1,4,0) : 1
(1,4,0,2,3) : 5
(1,4,0,3,2) : 4
(1,4,2) : 2
(1,4,2,0,3) : 6
(1,4,2,3) : 1
(1,4,2,3,0) : 15
(1,4,3) : 1
(1,4,3,0,2) : 6
(1,4,3,2,0) : 15
(2) : 28836
(2,0) : 304
(2,0,1) : 13
(2,0,1,3) : 1
(2,0,1,3,4) : 239
(2,0,1,4) : 1
(2,0,1,4,3) : 283
(2,0,3) : 9
(2,0,3,1) : 2
(2,0,3,1,4) : 70
(2,0,3,4,1) : 95
(2,0,4) : 12
(2,0,4,1,3) : 138
(2,0,4,3) : 2
(2,0,4,3,1) : 149
(2,1) : 163
(2,1,0) : 10
(2,1,0,3,4) : 271
(2,1,0,4,3) : 209
(2,1,3) : 13
(2,1,3,0) : 2
(2,1,3,0,4) : 110
(2,1,3,4) : 4
(2,1,3,4,0) : 172
(2,1,4) : 6
(2,1,4,0) : 1
(2,1,4,0,3) : 65
(2,1,4,3,0) : 138
(2,3) : 366
(2,3,0) : 8
(2,3,0,1,4) : 67
(2,3,0,4) : 1
(2,3,0,4,1) : 51
(2,3,1) : 18
(2,3,1,0,4) : 149
(2,3,1,4) : 4
(2,3,1,4,0) : 193
(2,3,4) : 72
(2,3,4,0,1) : 195
(2,3,4,1) : 9
(2,3,4,1,0) : 555
(2,4) : 195
(2,4,0) : 5
(2,4,0,1,3) : 86
(2,4,0,3,1) : 67
(2,4,1) : 8
(2,4,1,0,3) : 75
(2,4,1,3,0) : 105
(2,4,3) : 62
(2,4,3,0,1) : 158
(2,4,3,1) : 6
(2,4,3,1,0) : 459
(3) : 2845
(3,0) : 4
(3,0,1) : 1
(3,0,1,2,4) : 8
(3,0,1,4,2) : 11
(3,0,2) : 1
(3,0,2,1,4) : 8
(3,0,2,4,1) : 8
(3,0,4) : 1
(3,0,4,1,2) : 10
(3,0,4,2,1) : 14
(3,1) : 39
(3,1,0) : 1
(3,1,0,2,4) : 17
(3,1,0,4,2) : 18
(3,1,2) : 1
(3,1,2,0) : 1
(3,1,2,0,4) : 10
(3,1,2,4,0) : 41
(3,1,4) : 8
(3,1,4,0,2) : 21
(3,1,4,2,0) : 79
(3,2) : 123
(3,2,0,1,4) : 16
(3,2,0,4,1) : 11
(3,2,1) : 2
(3,2,1,0,4) : 28
(3,2,1,4) : 3
(3,2,1,4,0) : 52
(3,2,4) : 34
(3,2,4,0) : 1
(3,2,4,0,1) : 70
(3,2,4,1) : 4
(3,2,4,1,0) : 277
(3,4) : 417
(3,4,0) : 2
(3,4,0,1) : 2
(3,4,0,1,2) : 108
(3,4,0,2) : 2
(3,4,0,2,1) : 35
(3,4,1) : 22
(3,4,1,0) : 1
(3,4,1,0,2) : 237
(3,4,1,2) : 4
(3,4,1,2,0) : 459
(3,4,2) : 70
(3,4,2,0) : 2
(3,4,2,0,1) : 650
(3,4,2,1) : 4
(3,4,2,1,0) : 832
(4) : 2940
(4,0) : 13
(4,0,1) : 2
(4,0,1,2,3) : 12
(4,0,1,3,2) : 19
(4,0,2) : 1
(4,0,2,1,3) : 10
(4,0,2,3,1) : 6
(4,0,3) : 1
(4,0,3,1) : 1
(4,0,3,1,2) : 20
(4,0,3,2) : 1
(4,0,3,2,1) : 14
(4,1) : 31
(4,1,0) : 1
(4,1,0,2) : 1
(4,1,0,2,3) : 10
(4,1,0,3,2) : 31
(4,1,2) : 4
(4,1,2,0,3) : 8
(4,1,2,3) : 1
(4,1,2,3,0) : 29
(4,1,3) : 1
(4,1,3,0) : 1
(4,1,3,0,2) : 33
(4,1,3,2) : 1
(4,1,3,2,0) : 32
(4,2) : 113
(4,2,0) : 2
(4,2,0,1,3) : 24
(4,2,0,3,1) : 20
(4,2,1) : 5
(4,2,1,0,3) : 32
(4,2,1,3) : 2
(4,2,1,3,0) : 42
(4,2,3) : 25
(4,2,3,0,1) : 47
(4,2,3,1) : 1
(4,2,3,1,0) : 161
(4,3) : 367
(4,3,0) : 11
(4,3,0,1) : 2
(4,3,0,1,2) : 145
(4,3,0,2,1) : 39
(4,3,1) : 21
(4,3,1,0) : 1
(4,3,1,0,2) : 264
(4,3,1,2) : 7
(4,3,1,2,0) : 300
(4,3,2) : 63
(4,3,2,0,1) : 115
(4,3,2,1) : 8
(4,3,2,1,0) : 1180
