0, 1, 2, 3, 4, 5
LIB,GRN,NLT,LAB,CDP,IND
-+-+-+-+-
() : 216
(0) : 18348
(0,1) : 134
(0,1,2) : 21
(0,1,2,3) : 14
(0,1,2,3,4) : 8
(0,1,2,3,4,5) : 378
(0,1,2,3,5,4) : 27
(0,1,2,4,3,5) : 18
(0,1,2,4,5,3) : 41
(0,1,2,5,3,4) : 16
(0,1,2,5,4,3) : 21
(0,1,3) : 33
(0,1,3,2) : 6
(0,1,3,2,4,5) : 55
(0,1,3,2,5) : 1
(0,1,3,2,5,4) : 24
(0,1,3,4,2,5) : 23
(0,1,3,4,5,2) : 12
(0,1,3,5) : 2
(0,1,3,5,2,4) : 31
(0,1,3,5,4,2) : 15
(0,1,4,2,3,5) : 11
(0,1,4,2,5,3) : 11
(0,1,4,3,2) : 1
(0,1,4,3,2,5) : 12
(0,1,4,3,5,2) : 3
(0,1,4,5,2,3) : 10
(0,1,4,5,3,2) : 6
(0,1,5) : 5
(0,1,5,2) : 2
(0,1,5,2,3,4) : 22
(0,1,5,2,4,3) : 18
(0,1,5,3,2,4) : 14
(0,1,5,3,4,2) : 7
(0,1,5,4,2,3) : 15
(0,1,5,4,3) : 1
(0,1,5,4,3,2) : 5
(0,2) : 120
(0,2,1) : 9
(0,2,1,3,4) : 2
(0,2,1,3,4,5) : 78
(0,2,1,3,5,4) : 22
(0,2,1,4) : 1
(0,2,1,4,3) : 1
(0,2,1,4,3,5) : 20
(0,2,1,4,5) : 1
(0,2,1,4,5,3) : 27
(0,2,1,5,3,4) : 8
(0,2,1,5,4,3) : 19
(0,2,3) : 11
(0,2,3,1) : 2
(0,2,3,1,4) : 1
(0,2,3,1,4,5) : 36
(0,2,3,1,5,4) : 16
(0,2,3,4) : 1
(0,2,3,4,1,5) : 15
(0,2,3,4,5,1) : 28
(0,2,3,5) : 1
(0,2,3,5,1,4) : 10
(0,2,3,5,4,1) : 12
(0,2,4) : 11
(0,2,4,1,3) : 1
(0,2,4,1,3,5) : 17
(0,2,4,1,5) : 3
(0,2,4,1,5,3) : 8
(0,2,4,3,1) : 2
(0,2,4,3,1,5) : 9
(0,2,4,3,5) : 1
(0,2,4,3,5,1) : 14
(0,2,4,5) : 1
(0,2,4,5,1) : 2
(0,2,4,5,1,3) : 43
(0,2,4,5,3) : 3
(0,2,4,5,3,1) : 51
(0,2,5) : 7
(0,2,5,1,3) : 1
(0,2,5,1,3,4) : 15
(0,2,5,1,4,3) : 12
(0,2,5,3,1,4) : 12
(0,2,5,3,4,1) : 15
(0,2,5,4,1) : 2
(0,2,5,4,1,3) : 34
(0,2,5,4,3) : 1
(0,2,5,4,3,1) : 43
(0,3) : 394
(0,3,1) : 35
(0,3,1,2) : 5
(0,3,1,2,4) : 1
(0,3,1,2,4,5) : 182
(0,3,1,2,5,4) : 72
(0,3,1,4) : 1
(0,3,1,4,2,5) : 43
(0,3,1,4,5) : 1
(0,3,1,4,5,2) : 34
(0,3,1,5) : 1
(0,3,1,5,2,4) : 49
(0,3,1,5,4) : 1
(0,3,1,5,4,2) : 26
(0,3,2) : 7
(0,3,2,1) : 2
(0,3,2,1,4) : 4
(0,3,2,1,4,5) : 73
(0,3,2,1,5,4) : 24
(0,3,2,4,1) : 1
(0,3,2,4,1,5) : 9
(0,3,2,4,5) : 1
(0,3,2,4,5,1) : 33
(0,3,2,5) : 1
(0,3,2,5,1) : 1
(0,3,2,5,1,4) : 13
(0,3,2,5,4,1) : 12
(0,3,4) : 14
(0,3,4,1) : 4
(0,3,4,1,2) : 2
(0,3,4,1,2,5) : 44
(0,3,4,1,5) : 2
(0,3,4,1,5,2) : 14
(0,3,4,2) : 1
(0,3,4,2,1,5) : 18
(0,3,4,2,5,1) : 22
(0,3,4,5) : 1
(0,3,4,5,1) : 2
(0,3,4,5,1,2) : 21
(0,3,4,5,2) : 2
(0,3,4,5,2,1) : 42
(0,3,5) : 16
(0,3,5,1,2,4) : 49
(0,3,5,1,4) : 2
(0,3,5,1,4,2) : 7
(0,3,5,2,1,4) : 25
(0,3,5,2,4) : 1
(0,3,5,2,4,1) : 16
(0,3,5,4,1,2) : 11
(0,3,5,4,2) : 1
(0,3,5,4,2,1) : 48
(0,4) : 337
(0,4,1) : 4
(0,4,1,2,3,5) : 20
(0,4,1,2,5) : 1
(0,4,1,2,5,3) : 24
(0,4,1,3) : 2
(0,4,1,3,2,5) : 16
(0,4,1,3,5,2) : 4
(0,4,1,5,2,3) : 5
(0,4,1,5,3,2) : 3
(0,4,2) : 10
(0,4,2,1,3) : 5
(0,4,2,1,3,5) : 20
(0,4,2,1,5) : 1
(0,4,2,1,5,3) : 23
(0,4,2,3) : 2
(0,4,2,3,1,5) : 21
(0,4,2,3,5,1) : 21
(0,4,2,5,1) : 2
(0,4,2,5,1,3) : 31
(0,4,2,5,3) : 2
(0,4,2,5,3,1) : 58
(0,4,3) : 17
(0,4,3,1,2,5) : 23
(0,4,3,1,5,2) : 13
(0,4,3,2,1) : 1
(0,4,3,2,1,5) : 17
(0,4,3,2,5) : 3
(0,4,3,2,5,1) : 19
(0,4,3,5) : 1
(0,4,3,5,1,2) : 8
(0,4,3,5,2,1) : 50
(0,4,5) : 12
(0,4,5,1,2,3) : 34
(0,4,5,1,3,2) : 16
(0,4,5,2,1) : 1
(0,4,5,2,1,3) : 69
(0,4,5,2,3,1) : 86
(0,4,5,3,1,2) : 37
(0,4,5,3,2,1) : 78
(0,5) : 113
(0,5,1) : 8
(0,5,1,2) : 1
(0,5,1,2,3,4) : 23
(0,5,1,2,4,3) : 34
(0,5,1,3) : 1
(0,5,1,3,2) : 1
(0,5,1,3,2,4) : 17
(0,5,1,3,4,2) : 9
(0,5,1,4,2,3) : 13
(0,5,1,4,3,2) : 7
(0,5,2) : 5
(0,5,2,1,3) : 1
(0,5,2,1,3,4) : 25
(0,5,2,1,4) : 2
(0,5,2,1,4,3) : 21
(0,5,2,3,1,4) : 16
(0,5,2,3,4,1) : 14
(0,5,2,4,1,3) : 35
(0,5,2,4,3,1) : 30
(0,5,3) : 10
(0,5,3,1,2) : 1
(0,5,3,1,2,4) : 30
(0,5,3,1,4,2) : 11
(0,5,3,2,1) : 1
(0,5,3,2,1,4) : 26
(0,5,3,2,4,1) : 14
(0,5,3,4,1,2) : 7
(0,5,3,4,2,1) : 27
(0,5,4) : 12
(0,5,4,1,2,3) : 31
(0,5,4,1,3,2) : 8
(0,5,4,2) : 1
(0,5,4,2,1,3) : 54
(0,5,4,2,3) : 1
(0,5,4,2,3,1) : 56
(0,5,4,3,1,2) : 18
(0,5,4,3,2,1) : 42
(1) : 1101
(1,0) : 27
(1,0,2) : 2
(1,0,2,3) : 1
(1,0,2,3,4) : 3
(1,0,2,3,4,5) : 28
(1,0,2,3,5,4) : 4
(1,0,2,4,3,5) : 3
(1,0,2,4,5,3) : 4
(1,0,2,5,3,4) : 2
(1,0,2,5,4,3) : 2
(1,0,3) : 7
(1,0,3,2,4,5) : 18
(1,0,3,2,5,4) : 11
(1,0,3,4,2,5) : 3
(1,0,3,4,5,2) : 3
(1,0,3,5,2,4) : 9
(1,0,3,5,4,2) : 2
(1,0,4) : 1
(1,0,4,2,3,5) : 1
(1,0,4,2,5,3) : 1
(1,0,4,3,5,2) : 1
(1,0,4,5,3,2) : 2
(1,0,5) : 2
(1,0,5,2,3,4) : 4
(1,0,5,2,4,3) : 1
(1,0,5,3,2,4) : 5
(1,0,5,3,4,2) : 1
(1,2) : 37
(1,2,0) : 2
(1,2,0,3) : 1
(1,2,0,3,4,5) : 12
(1,2,0,3,5,4) : 3
(1,2,0,4,3) : 1
(1,2,0,4,3,5) : 1
(1,2,0,5,3,4) : 1
(1,2,0,5,4,3) : 1
(1,2,3) : 6
(1,2,3,0,4) : 1
(1,2,3,0,4,5) : 7
(1,2,3,0,5,4) : 2
(1,2,3,4,0,5) : 1
(1,2,3,4,5) : 3
(1,2,3,4,5,0) : 7
(1,2,3,5,0,4) : 5
(1,2,3,5,4,0) : 7
(1,2,4,0,3,5) : 2
(1,2,4,0,5,3) : 1
(1,2,4,3,0) : 1
(1,2,4,3,0,5) : 1
(1,2,4,5,0,3) : 2
(1,2,4,5,3,0) : 10
(1,2,5) : 2
(1,2,5,0,3,4) : 4
(1,2,5,3,0,4) : 4
(1,2,5,3,4,0) : 5
(1,2,5,4,0,3) : 4
(1,2,5,4,3,0) : 8
(1,3) : 178
(1,3,0) : 16
(1,3,0,2) : 2
(1,3,0,2,4,5) : 22
(1,3,0,2,5,4) : 28
(1,3,0,4,2,5) : 5
(1,3,0,4,5,2) : 6
(1,3,0,5) : 1
(1,3,0,5,2,4) : 32
(1,3,0,5,4,2) : 4
(1,3,2) : 10
(1,3,2,0) : 1
(1,3,2,0,4) : 4
(1,3,2,0,4,5) : 6
(1,3,2,0,5,4) : 10
(1,3,2,4,0,5) : 4
(1,3,2,4,5,0) : 25
(1,3,2,5) : 1
(1,3,2,5,0,4) : 40
(1,3,2,5,4) : 1
(1,3,2,5,4,0) : 35
(1,3,4) : 2
(1,3,4,0) : 1
(1,3,4,0,5,2) : 1
(1,3,4,2,5,0) : 8
(1,3,4,5,0) : 1
(1,3,4,5,0,2) : 3
(1,3,4,5,2,0) : 7
(1,3,5) : 16
(1,3,5,0) : 1
(1,3,5,0,2,4) : 26
(1,3,5,0,4) : 1
(1,3,5,0,4,2) : 2
(1,3,5,2) : 3
(1,3,5,2,0,4) : 47
(1,3,5,2,4,0) : 37
(1,3,5,4,0,2) : 5
(1,3,5,4,2,0) : 23
(1,4) : 5
(1,4,0) : 2
(1,4,0,2,5,3) : 2
(1,4,0,3,5,2) : 2
(1,4,2,3,0,5) : 1
(1,4,2,3,5,0) : 3
(1,4,2,5,0,3) : 2
(1,4,2,5,3,0) : 2
(1,4,3) : 1
(1,4,3,0,2,5) : 1
(1,4,3,0,5,2) : 1
(1,4,3,2,0) : 1
(1,4,3,2,5,0) : 2
(1,4,3,5,0,2) : 1
(1,4,5,2,3,0) : 3
(1,4,5,3,0,2) : 1
(1,4,5,3,2,0) : 1
(1,5) : 12
(1,5,0,2,3,4) : 2
(1,5,0,2,4,3) : 1
(1,5,0,3,2,4) : 1
(1,5,2) : 1
(1,5,2,0,3,4) : 3
(1,5,2,3,0,4) : 9
(1,5,2,3,4,0) : 2
(1,5,2,4,3,0) : 3
(1,5,3) : 4
(1,5,3,0,2,4) : 10
(1,5,3,0,4) : 1
(1,5,3,0,4,2) : 1
(1,5,3,2) : 1
(1,5,3,2,0,4) : 15
(1,5,3,2,4,0) : 9
(1,5,3,4,0) : 1
(1,5,3,4,0,2) : 2
(1,5,3,4,2,0) : 1
(1,5,4,0,3,2) : 2
(1,5,4,2,3,0) : 1
(1,5,4,3,0,2) : 1
(1,5,4,3,2,0) : 3
(2) : 752
(2,0) : 29
(2,0,1,3,4,5) : 12
(2,0,1,3,5,4) : 7
(2,0,1,4,3,5) : 5
(2,0,1,4,5,3) : 3
(2,0,1,5,3,4) : 2
(2,0,1,5,4,3) : 1
(2,0,3) : 3
(2,0,3,1,4,5) : 3
(2,0,3,1,5,4) : 6
(2,0,3,4,1) : 1
(2,0,3,4,1,5) : 2
(2,0,3,4,5,1) : 2
(2,0,3,5) : 1
(2,0,3,5,4,1) : 2
(2,0,4) : 3
(2,0,4,1,3) : 1
(2,0,4,1,3,5) : 1
(2,0,4,1,5,3) : 3
(2,0,4,3,1,5) : 1
(2,0,4,3,5,1) : 1
(2,0,4,5,1,3) : 1
(2,0,4,5,3,1) : 2
(2,0,5,1,4) : 1
(2,0,5,1,4,3) : 1
(2,0,5,3,4,1) : 1
(2,0,5,4,3,1) : 2
(2,1) : 23
(2,1,0) : 1
(2,1,0,3,4) : 3
(2,1,0,3,4,5) : 12
(2,1,0,3,5,4) : 2
(2,1,0,5,3,4) : 1
(2,1,0,5,4,3) : 1
(2,1,3) : 2
(2,1,3,0,4,5) : 4
(2,1,3,0,5) : 1
(2,1,3,0,5,4) : 6
(2,1,3,4,0,5) : 4
(2,1,3,4,5,0) : 5
(2,1,3,5,0,4) : 4
(2,1,3,5,4,0) : 7
(2,1,4,0,3,5) : 2
(2,1,4,0,5,3) : 1
(2,1,4,3,0) : 1
(2,1,4,3,0,5) : 3
(2,1,4,3,5,0) : 1
(2,1,4,5,0,3) : 2
(2,1,4,5,3,0) : 5
(2,1,5,0,4,3) : 1
(2,1,5,3,0,4) : 2
(2,1,5,4,0,3) : 4
(2,1,5,4,3,0) : 4
(2,3) : 39
(2,3,0) : 1
(2,3,0,1,4,5) : 4
(2,3,0,1,5,4) : 2
(2,3,0,4) : 2
(2,3,0,4,1,5) : 3
(2,3,0,4,5,1) : 1
(2,3,0,5,1,4) : 2
(2,3,0,5,4,1) : 2
(2,3,1) : 7
(2,3,1,0,4,5) : 8
(2,3,1,0,5) : 1
(2,3,1,0,5,4) : 3
(2,3,1,4,5,0) : 11
(2,3,1,5,0) : 1
(2,3,1,5,0,4) : 4
(2,3,1,5,4,0) : 2
(2,3,4) : 3
(2,3,4,0,5,1) : 1
(2,3,4,1,0) : 1
(2,3,4,1,0,5) : 1
(2,3,4,1,5,0) : 6
(2,3,4,5,0,1) : 6
(2,3,4,5,1,0) : 21
(2,3,5,0,1,4) : 2
(2,3,5,0,4) : 1
(2,3,5,1,0,4) : 2
(2,3,5,4,1,0) : 1
(2,4) : 12
(2,4,0,1,5,3) : 4
(2,4,0,3) : 1
(2,4,0,3,1,5) : 1
(2,4,0,3,5) : 1
(2,4,0,3,5,1) : 1
(2,4,0,5,1,3) : 1
(2,4,0,5,3,1) : 1
(2,4,1,0,5,3) : 1
(2,4,1,3,0,5) : 1
(2,4,1,5,0,3) : 3
(2,4,1,5,3,0) : 2
(2,4,3) : 2
(2,4,3,0,1,5) : 3
(2,4,3,0,5,1) : 1
(2,4,3,1,0) : 1
(2,4,3,5) : 1
(2,4,3,5,0,1) : 1
(2,4,3,5,1,0) : 1
(2,4,5) : 1
(2,4,5,0,3,1) : 2
(2,4,5,1,0,3) : 2
(2,4,5,1,3,0) : 1
(2,4,5,3,1) : 1
(2,4,5,3,1,0) : 5
(2,5) : 6
(2,5,0) : 2
(2,5,0,1,3,4) : 2
(2,5,0,3,1,4) : 2
(2,5,0,3,4,1) : 1
(2,5,0,4,1,3) : 1
(2,5,1,0,3,4) : 1
(2,5,1,3,0,4) : 1
(2,5,1,3,4,0) : 2
(2,5,1,4,3,0) : 2
(2,5,3) : 1
(2,5,3,0,1,4) : 3
(2,5,3,0,4,1) : 2
(2,5,3,1,0,4) : 2
(2,5,3,1,4,0) : 1
(2,5,3,4,1,0) : 1
(2,5,4,0,1,3) : 1
(2,5,4,1,0,3) : 1
(2,5,4,1,3,0) : 4
(2,5,4,3,0,1) : 1
(2,5,4,3,1,0) : 1
(3) : 9806
(3,0) : 312
(3,0,1) : 35
(3,0,1,2) : 3
(3,0,1,2,4) : 6
(3,0,1,2,4,5) : 235
(3,0,1,2,5) : 1
(3,0,1,2,5,4) : 71
(3,0,1,4) : 1
(3,0,1,4,2,5) : 60
(3,0,1,4,5) : 8
(3,0,1,4,5,2) : 38
(3,0,1,5) : 5
(3,0,1,5,2,4) : 38
(3,0,1,5,4) : 3
(3,0,1,5,4,2) : 21
(3,0,2) : 11
(3,0,2,1) : 2
(3,0,2,1,4) : 3
(3,0,2,1,4,5) : 53
(3,0,2,1,5,4) : 25
(3,0,2,4) : 1
(3,0,2,4,1,5) : 10
(3,0,2,4,5) : 1
(3,0,2,4,5,1) : 13
(3,0,2,5,1) : 1
(3,0,2,5,1,4) : 6
(3,0,2,5,4,1) : 9
(3,0,4) : 10
(3,0,4,1) : 1
(3,0,4,1,2,5) : 19
(3,0,4,1,5,2) : 3
(3,0,4,2,1,5) : 15
(3,0,4,2,5,1) : 12
(3,0,4,5,1,2) : 3
(3,0,4,5,2,1) : 20
(3,0,5) : 11
(3,0,5,1) : 1
(3,0,5,1,2) : 2
(3,0,5,1,2,4) : 19
(3,0,5,1,4,2) : 8
(3,0,5,2) : 1
(3,0,5,2,1) : 1
(3,0,5,2,1,4) : 17
(3,0,5,2,4,1) : 8
(3,0,5,4,1) : 1
(3,0,5,4,1,2) : 13
(3,0,5,4,2,1) : 28
(3,1) : 434
(3,1,0) : 67
(3,1,0,2) : 5
(3,1,0,2,4) : 1
(3,1,0,2,4,5) : 133
(3,1,0,2,5) : 1
(3,1,0,2,5,4) : 61
(3,1,0,4,2) : 1
(3,1,0,4,2,5) : 23
(3,1,0,4,5) : 6
(3,1,0,4,5,2) : 16
(3,1,0,5) : 2
(3,1,0,5,2) : 1
(3,1,0,5,2,4) : 40
(3,1,0,5,4) : 2
(3,1,0,5,4,2) : 15
(3,1,2) : 45
(3,1,2,0) : 3
(3,1,2,0,4) : 1
(3,1,2,0,4,5) : 77
(3,1,2,0,5,4) : 50
(3,1,2,4) : 5
(3,1,2,4,0) : 1
(3,1,2,4,0,5) : 33
(3,1,2,4,5) : 3
(3,1,2,4,5,0) : 195
(3,1,2,5) : 3
(3,1,2,5,0) : 1
(3,1,2,5,0,4) : 81
(3,1,2,5,4) : 2
(3,1,2,5,4,0) : 122
(3,1,4) : 9
(3,1,4,0) : 2
(3,1,4,0,2,5) : 10
(3,1,4,0,5) : 4
(3,1,4,0,5,2) : 5
(3,1,4,2) : 1
(3,1,4,2,0) : 1
(3,1,4,2,0,5) : 19
(3,1,4,2,5,0) : 68
(3,1,4,5,0) : 3
(3,1,4,5,0,2) : 15
(3,1,4,5,2,0) : 73
(3,1,5) : 24
(3,1,5,0,2,4) : 55
(3,1,5,0,4,2) : 8
(3,1,5,2) : 2
(3,1,5,2,0,4) : 64
(3,1,5,2,4) : 1
(3,1,5,2,4,0) : 105
(3,1,5,4,0) : 8
(3,1,5,4,0,2) : 22
(3,1,5,4,2) : 5
(3,1,5,4,2,0) : 2400
(3,2) : 119
(3,2,0) : 10
(3,2,0,1) : 3
(3,2,0,1,4,5) : 41
(3,2,0,1,5,4) : 11
(3,2,0,4,1) : 1
(3,2,0,4,1,5) : 6
(3,2,0,4,5,1) : 7
(3,2,0,5,1) : 1
(3,2,0,5,1,4) : 7
(3,2,0,5,4,1) : 5
(3,2,1) : 24
(3,2,1,0) : 3
(3,2,1,0,4) : 3
(3,2,1,0,4,5) : 90
(3,2,1,0,5,4) : 23
(3,2,1,4) : 2
(3,2,1,4,0) : 4
(3,2,1,4,0,5) : 33
(3,2,1,4,5) : 4
(3,2,1,4,5,0) : 109
(3,2,1,5) : 3
(3,2,1,5,0) : 2
(3,2,1,5,0,4) : 26
(3,2,1,5,4,0) : 63
(3,2,4) : 2
(3,2,4,0) : 2
(3,2,4,0,1,5) : 9
(3,2,4,0,5) : 1
(3,2,4,0,5,1) : 4
(3,2,4,1,0,5) : 10
(3,2,4,1,5,0) : 22
(3,2,4,5,0) : 1
(3,2,4,5,0,1) : 5
(3,2,4,5,1) : 1
(3,2,4,5,1,0) : 56
(3,2,5) : 6
(3,2,5,0,1,4) : 11
(3,2,5,0,4,1) : 4
(3,2,5,1,0,4) : 10
(3,2,5,1,4,0) : 23
(3,2,5,4) : 1
(3,2,5,4,0) : 1
(3,2,5,4,0,1) : 10
(3,2,5,4,1,0) : 44
(3,4) : 94
(3,4,0) : 10
(3,4,0,1) : 1
(3,4,0,1,2,5) : 23
(3,4,0,1,5,2) : 5
(3,4,0,2,1,5) : 2
(3,4,0,2,5,1) : 4
(3,4,0,5,1,2) : 2
(3,4,0,5,2,1) : 7
(3,4,1) : 4
(3,4,1,0,2,5) : 7
(3,4,1,0,5,2) : 3
(3,4,1,2) : 4
(3,4,1,2,0,5) : 13
(3,4,1,2,5) : 1
(3,4,1,2,5,0) : 39
(3,4,1,5,0,2) : 3
(3,4,1,5,2,0) : 17
(3,4,2) : 4
(3,4,2,0,1,5) : 14
(3,4,2,0,5) : 1
(3,4,2,0,5,1) : 4
(3,4,2,1) : 1
(3,4,2,1,0) : 2
(3,4,2,1,0,5) : 20
(3,4,2,1,5,0) : 25
(3,4,2,5,0,1) : 8
(3,4,2,5,1,0) : 22
(3,4,5) : 6
(3,4,5,0,1) : 2
(3,4,5,0,1,2) : 20
(3,4,5,0,2) : 1
(3,4,5,0,2,1) : 4
(3,4,5,1,0) : 1
(3,4,5,1,0,2) : 5
(3,4,5,1,2,0) : 13
(3,4,5,2,0,1) : 5
(3,4,5,2,1) : 2
(3,4,5,2,1,0) : 121
(3,5) : 65
(3,5,0) : 2
(3,5,0,1) : 2
(3,5,0,1,2) : 1
(3,5,0,1,2,4) : 45
(3,5,0,1,4,2) : 6
(3,5,0,2,1,4) : 12
(3,5,0,2,4) : 1
(3,5,0,2,4,1) : 3
(3,5,0,4,1,2) : 3
(3,5,0,4,2,1) : 4
(3,5,1) : 11
(3,5,1,0) : 1
(3,5,1,0,2) : 1
(3,5,1,0,2,4) : 20
(3,5,1,0,4) : 1
(3,5,1,0,4,2) : 12
(3,5,1,2,0,4) : 22
(3,5,1,2,4) : 1
(3,5,1,2,4,0) : 50
(3,5,1,4,0) : 1
(3,5,1,4,0,2) : 3
(3,5,1,4,2) : 1
(3,5,1,4,2,0) : 18
(3,5,2) : 8
(3,5,2,0) : 1
(3,5,2,0,1,4) : 19
(3,5,2,0,4,1) : 6
(3,5,2,1,0) : 1
(3,5,2,1,0,4) : 17
(3,5,2,1,4) : 1
(3,5,2,1,4,0) : 37
(3,5,2,4,0,1) : 7
(3,5,2,4,1) : 1
(3,5,2,4,1,0) : 32
(3,5,4) : 3
(3,5,4,0,1,2) : 6
(3,5,4,0,2,1) : 4
(3,5,4,1,2) : 1
(3,5,4,1,2,0) : 16
(3,5,4,2) : 1
(3,5,4,2,0,1) : 12
(3,5,4,2,1) : 3
(3,5,4,2,1,0) : 65
(4) : 1008
(4,0) : 193
(4,0,1) : 5
(4,0,1,2,3,5) : 10
(4,0,1,2,5) : 1
(4,0,1,2,5,3) : 6
(4,0,1,3,2,5) : 2
(4,0,1,3,5) : 1
(4,0,1,3,5,2) : 3
(4,0,1,5,2,3) : 1
(4,0,1,5,3,2) : 1
(4,0,2) : 3
(4,0,2,1,3) : 1
(4,0,2,1,3,5) : 3
(4,0,2,1,5) : 1
(4,0,2,1,5,3) : 5
(4,0,2,3,1,5) : 3
(4,0,2,3,5,1) : 11
(4,0,2,5) : 1
(4,0,2,5,1) : 1
(4,0,2,5,1,3) : 10
(4,0,2,5,3,1) : 37
(4,0,3) : 14
(4,0,3,1,2) : 1
(4,0,3,1,2,5) : 8
(4,0,3,1,5,2) : 5
(4,0,3,2,1,5) : 6
(4,0,3,2,5) : 1
(4,0,3,2,5,1) : 15
(4,0,3,5,1,2) : 6
(4,0,3,5,2) : 1
(4,0,3,5,2,1) : 35
(4,0,5) : 13
(4,0,5,1,2,3) : 7
(4,0,5,1,3,2) : 1
(4,0,5,2) : 1
(4,0,5,2,1,3) : 9
(4,0,5,2,3) : 1
(4,0,5,2,3,1) : 54
(4,0,5,3,1,2) : 10
(4,0,5,3,2) : 1
(4,0,5,3,2,1) : 29
(4,1) : 10
(4,1,0,2,3,5) : 1
(4,1,0,2,5,3) : 4
(4,1,0,3,2,5) : 2
(4,1,0,5,2,3) : 1
(4,1,2) : 1
(4,1,2,0,3,5) : 1
(4,1,2,0,5,3) : 2
(4,1,2,3,0,5) : 2
(4,1,2,5,0,3) : 1
(4,1,2,5,3,0) : 1
(4,1,3) : 1
(4,1,3,0,2,5) : 1
(4,1,3,0,5,2) : 1
(4,1,3,2,5,0) : 3
(4,1,5) : 1
(4,1,5,0,3,2) : 1
(4,1,5,2,0,3) : 3
(4,1,5,2,3,0) : 1
(4,1,5,3,0,2) : 2
(4,1,5,3,2,0) : 1
(4,2) : 19
(4,2,0) : 3
(4,2,0,1,3,5) : 2
(4,2,0,3,1) : 1
(4,2,0,3,1,5) : 4
(4,2,0,3,5,1) : 5
(4,2,0,5,3,1) : 5
(4,2,1) : 1
(4,2,1,0,3,5) : 3
(4,2,1,3,0,5) : 2
(4,2,1,3,5,0) : 1
(4,2,1,5,0,3) : 2
(4,2,1,5,3,0) : 4
(4,2,3) : 2
(4,2,3,0,1) : 1
(4,2,3,0,1,5) : 3
(4,2,3,0,5,1) : 3
(4,2,3,1,0,5) : 6
(4,2,3,5) : 1
(4,2,3,5,0) : 1
(4,2,3,5,1,0) : 2
(4,2,5) : 1
(4,2,5,0,1,3) : 3
(4,2,5,0,3,1) : 2
(4,2,5,1,0,3) : 3
(4,2,5,1,3,0) : 3
(4,2,5,3,0,1) : 1
(4,3) : 39
(4,3,0) : 16
(4,3,0,1,2,5) : 16
(4,3,0,1,5,2) : 1
(4,3,0,2) : 1
(4,3,0,2,1,5) : 3
(4,3,0,2,5,1) : 6
(4,3,0,5,1) : 1
(4,3,0,5,1,2) : 3
(4,3,0,5,2,1) : 6
(4,3,1) : 4
(4,3,1,0,2,5) : 5
(4,3,1,0,5,2) : 1
(4,3,1,2) : 1
(4,3,1,2,0,5) : 2
(4,3,1,2,5) : 1
(4,3,1,2,5,0) : 5
(4,3,1,5,0,2) : 2
(4,3,1,5,2,0) : 2
(4,3,2) : 4
(4,3,2,0,1,5) : 4
(4,3,2,0,5,1) : 4
(4,3,2,1) : 2
(4,3,2,1,0,5) : 8
(4,3,2,1,5) : 2
(4,3,2,1,5,0) : 8
(4,3,2,5) : 1
(4,3,2,5,1,0) : 7
(4,3,5) : 2
(4,3,5,0,2,1) : 2
(4,3,5,1,0,2) : 2
(4,3,5,1,2,0) : 4
(4,3,5,2,0,1) : 3
(4,3,5,2,1,0) : 13
(4,5) : 8
(4,5,0) : 7
(4,5,0,1,2,3) : 2
(4,5,0,1,3,2) : 1
(4,5,0,2) : 1
(4,5,0,2,1,3) : 1
(4,5,0,2,3,1) : 3
(4,5,0,3,1,2) : 4
(4,5,0,3,2,1) : 7
(4,5,1,0,3,2) : 1
(4,5,1,2,0,3) : 1
(4,5,1,2,3,0) : 3
(4,5,2) : 1
(4,5,2,0,3,1) : 1
(4,5,2,1) : 1
(4,5,2,1,3,0) : 6
(4,5,2,3) : 1
(4,5,2,3,0,1) : 4
(4,5,2,3,1,0) : 3
(4,5,3,0,1) : 1
(4,5,3,0,1,2) : 5
(4,5,3,0,2,1) : 3
(4,5,3,1,2,0) : 2
(4,5,3,2,0,1) : 5
(4,5,3,2,1,0) : 6
(5) : 660
(5,0) : 33
(5,0,1) : 1
(5,0,1,2,3) : 1
(5,0,1,2,3,4) : 14
(5,0,1,2,4,3) : 5
(5,0,1,3,2,4) : 2
(5,0,1,3,4,2) : 3
(5,0,1,4,2,3) : 4
(5,0,1,4,3,2) : 1
(5,0,2) : 3
(5,0,2,1,3,4) : 10
(5,0,2,3) : 1
(5,0,2,3,1,4) : 8
(5,0,2,4,1,3) : 1
(5,0,2,4,3,1) : 5
(5,0,3) : 5
(5,0,3,1,2,4) : 8
(5,0,3,1,4,2) : 3
(5,0,3,2,1,4) : 5
(5,0,3,2,4,1) : 6
(5,0,3,4,1,2) : 3
(5,0,3,4,2,1) : 12
(5,0,4) : 5
(5,0,4,1,2,3) : 4
(5,0,4,1,3,2) : 2
(5,0,4,2,1,3) : 4
(5,0,4,2,3,1) : 6
(5,0,4,3,1,2) : 6
(5,0,4,3,2,1) : 7
(5,1) : 13
(5,1,0) : 4
(5,1,0,2,3,4) : 1
(5,1,0,2,4,3) : 1
(5,1,0,3) : 2
(5,1,0,3,2,4) : 4
(5,1,0,3,4,2) : 4
(5,1,0,4,2,3) : 1
(5,1,2) : 2
(5,1,2,0,3,4) : 2
(5,1,2,0,4,3) : 1
(5,1,2,3,0,4) : 4
(5,1,2,3,4) : 1
(5,1,2,3,4,0) : 1
(5,1,2,4,3,0) : 2
(5,1,3) : 4
(5,1,3,0) : 1
(5,1,3,0,2,4) : 12
(5,1,3,0,4,2) : 2
(5,1,3,2,0,4) : 4
(5,1,3,2,4,0) : 3
(5,1,3,4,0,2) : 4
(5,1,3,4,2,0) : 6
(5,1,4,0,3,2) : 1
(5,1,4,2,0,3) : 2
(5,1,4,3,2,0) : 2
(5,2) : 11
(5,2,0) : 2
(5,2,0,1,3,4) : 4
(5,2,0,1,4,3) : 1
(5,2,0,3,1,4) : 1
(5,2,0,3,4,1) : 5
(5,2,0,4,3,1) : 2
(5,2,1) : 3
(5,2,1,0,3,4) : 6
(5,2,1,3,0,4) : 8
(5,2,1,3,4,0) : 2
(5,2,1,4,0,3) : 3
(5,2,1,4,3,0) : 4
(5,2,3) : 1
(5,2,3,0,1,4) : 3
(5,2,3,0,4,1) : 1
(5,2,3,1,0) : 1
(5,2,3,1,0,4) : 2
(5,2,3,1,4,0) : 2
(5,2,3,4,1,0) : 3
(5,2,4) : 2
(5,2,4,0,3,1) : 5
(5,2,4,1,0,3) : 2
(5,2,4,1,3,0) : 3
(5,2,4,3,1,0) : 4
(5,3) : 17
(5,3,0) : 5
(5,3,0,1,2,4) : 18
(5,3,0,1,4,2) : 1
(5,3,0,2,1,4) : 2
(5,3,0,2,4,1) : 3
(5,3,0,4,1,2) : 1
(5,3,0,4,2) : 1
(5,3,0,4,2,1) : 2
(5,3,1) : 7
(5,3,1,0,2) : 1
(5,3,1,0,2,4) : 5
(5,3,1,0,4,2) : 2
(5,3,1,2) : 2
(5,3,1,2,0,4) : 5
(5,3,1,2,4) : 1
(5,3,1,2,4,0) : 12
(5,3,1,4,0,2) : 4
(5,3,1,4,2,0) : 12
(5,3,2) : 6
(5,3,2,0,1,4) : 4
(5,3,2,0,4,1) : 1
(5,3,2,1,0,4) : 3
(5,3,2,1,4,0) : 8
(5,3,2,4) : 1
(5,3,2,4,0,1) : 2
(5,3,2,4,1,0) : 6
(5,3,4) : 5
(5,3,4,0,1,2) : 3
(5,3,4,1) : 1
(5,3,4,1,2,0) : 3
(5,3,4,2,0,1) : 2
(5,3,4,2,1,0) : 10
(5,4) : 8
(5,4,0) : 4
(5,4,0,1) : 1
(5,4,0,1,2,3) : 2
(5,4,0,1,3,2) : 2
(5,4,0,2,3,1) : 10
(5,4,0,3,1,2) : 2
(5,4,0,3,2,1) : 1
(5,4,1) : 4
(5,4,1,0,2,3) : 1
(5,4,1,2,0,3) : 1
(5,4,1,2,3,0) : 6
(5,4,1,3,0,2) : 1
(5,4,1,3,2,0) : 1
(5,4,2) : 124
(5,4,2,0,1,3) : 8
(5,4,2,0,3,1) : 6
(5,4,2,1) : 1
(5,4,2,1,0,3) : 4
(5,4,2,1,3,0) : 5
(5,4,2,3) : 1
(5,4,2,3,0,1) : 9
(5,4,2,3,1,0) : 13
(5,4,3) : 4
(5,4,3,0,1,2) : 4
(5,4,3,0,2,1) : 2
(5,4,3,1,0,2) : 1
(5,4,3,1,2,0) : 5
(5,4,3,2,0,1) : 5
(5,4,3,2,1,0) : 22
