0, 1, 2, 3, 4
CLP,NLT,CDP,GRN,NP
-+-+-+-+-
() : 86
(0) : 6830
(0,1) : 51
(0,1,2) : 5
(0,1,2,3) : 4
(0,1,2,3,4) : 384
(0,1,2,4) : 1
(0,1,2,4,3) : 33
(0,1,3) : 5
(0,1,3,2) : 2
(0,1,3,2,4) : 187
(0,1,3,4) : 3
(0,1,3,4,2) : 95
(0,1,4) : 3
(0,1,4,2,3) : 38
(0,1,4,3,2) : 61
(0,2) : 32
(0,2,1) : 2
(0,2,1,3) : 3
(0,2,1,3,4) : 98
(0,2,1,4) : 1
(0,2,1,4,3) : 28
(0,2,3) : 2
(0,2,3,1,4) : 105
(0,2,3,4) : 1
(0,2,3,4,1) : 39
(0,2,4) : 6
(0,2,4,1,3) : 18
(0,2,4,3) : 1
(0,2,4,3,1) : 30
(0,3) : 408
(0,3,1) : 29
(0,3,1,2) : 4
(0,3,1,2,4) : 891
(0,3,1,4) : 5
(0,3,1,4,2) : 387
(0,3,2) : 5
(0,3,2,1) : 2
(0,3,2,1,4) : 389
(0,3,2,4) : 2
(0,3,2,4,1) : 82
(0,3,4) : 24
(0,3,4,1) : 2
(0,3,4,1,2) : 357
(0,3,4,2,1) : 169
(0,4) : 137
(0,4,1) : 2
(0,4,1,2) : 1
(0,4,1,2,3) : 123
(0,4,1,3) : 3
(0,4,1,3,2) : 106
(0,4,2) : 2
(0,4,2,1) : 1
(0,4,2,1,3) : 42
(0,4,2,3,1) : 53
(0,4,3) : 21
(0,4,3,1,2) : 200
(0,4,3,2,1) : 182
(1) : 440
(1,0) : 14
(1,0,2,3,4) : 19
(1,0,2,4,3) : 8
(1,0,3,2,4) : 20
(1,0,3,4) : 1
(1,0,3,4,2) : 12
(1,0,4) : 1
(1,0,4,2,3) : 10
(1,0,4,3) : 1
(1,0,4,3,2) : 11
(1,2) : 3
(1,2,0) : 1
(1,2,0,3) : 1
(1,2,0,3,4) : 5
(1,2,0,4,3) : 4
(1,2,3,0) : 1
(1,2,3,0,4) : 7
(1,2,3,4) : 2
(1,2,3,4,0) : 11
(1,2,4,0,3) : 3
(1,2,4,3,0) : 3
(1,3) : 12
(1,3,0) : 1
(1,3,0,2,4) : 17
(1,3,0,4,2) : 13
(1,3,2,0,4) : 8
(1,3,2,4,0) : 5
(1,3,4) : 1
(1,3,4,0) : 1
(1,3,4,0,2) : 10
(1,3,4,2,0) : 4
(1,4) : 9
(1,4,0) : 2
(1,4,0,2,3) : 22
(1,4,0,3,2) : 14
(1,4,2) : 1
(1,4,2,0,3) : 6
(1,4,2,3,0) : 3
(1,4,3) : 1
(1,4,3,0,2) : 15
(1,4,3,2) : 1
(1,4,3,2,0) : 9
(2) : 921
(2,0) : 25
(2,0,1) : 2
(2,0,1,3,4) : 32
(2,0,1,4) : 1
(2,0,1,4,3) : 11
(2,0,3) : 1
(2,0,3,1,4) : 12
(2,0,3,4,1) : 17
(2,0,4) : 4
(2,0,4,1) : 1
(2,0,4,1,3) : 19
(2,0,4,3) : 1
(2,0,4,3,1) : 22
(2,1) : 4
(2,1,0,3,4) : 15
(2,1,0,4,3) : 5
(2,1,3,0,4) : 5
(2,1,3,4,0) : 4
(2,1,4) : 3
(2,1,4,0,3) : 16
(2,1,4,3,0) : 3
(2,3) : 4
(2,3,0,1,4) : 8
(2,3,0,4,1) : 10
(2,3,1,0) : 1
(2,3,1,0,4) : 8
(2,3,1,4,0) : 2
(2,3,4) : 4
(2,3,4,0,1) : 12
(2,3,4,1,0) : 12
(2,4) : 324
(2,4,0) : 5
(2,4,0,1,3) : 135
(2,4,0,3,1) : 68
(2,4,1) : 2
(2,4,1,0,3) : 146
(2,4,1,3) : 1
(2,4,1,3,0) : 25
(2,4,3) : 2
(2,4,3,0,1) : 33
(2,4,3,1) : 1
(2,4,3,1,0) : 29
(3) : 3018
(3,0) : 365
(3,0,1) : 17
(3,0,1,2) : 3
(3,0,1,2,4) : 584
(3,0,1,4) : 4
(3,0,1,4,2) : 446
(3,0,2,1) : 2
(3,0,2,1,4) : 189
(3,0,2,4,1) : 54
(3,0,4) : 41
(3,0,4,1) : 2
(3,0,4,1,2) : 383
(3,0,4,2) : 2
(3,0,4,2,1) : 146
(3,1) : 31
(3,1,0) : 5
(3,1,0,2,4) : 66
(3,1,0,4) : 3
(3,1,0,4,2) : 63
(3,1,2,0,4) : 27
(3,1,2,4) : 2
(3,1,2,4,0) : 10
(3,1,4) : 1
(3,1,4,0) : 1
(3,1,4,0,2) : 32
(3,1,4,2,0) : 11
(3,2) : 10
(3,2,0) : 2
(3,2,0,1,4) : 28
(3,2,0,4,1) : 17
(3,2,1,0,4) : 35
(3,2,1,4,0) : 6
(3,2,4) : 1
(3,2,4,0,1) : 13
(3,2,4,1,0) : 18
(3,4) : 95
(3,4,0) : 15
(3,4,0,1) : 1
(3,4,0,1,2) : 154
(3,4,0,2,1) : 52
(3,4,1) : 2
(3,4,1,0,2) : 70
(3,4,1,2,0) : 25
(3,4,2) : 4
(3,4,2,0,1) : 25
(3,4,2,1) : 2
(3,4,2,1,0) : 42
(4) : 16401
(4,0) : 206
(4,0,1) : 8
(4,0,1,2) : 4
(4,0,1,2,3) : 292
(4,0,1,3,2) : 188
(4,0,2) : 7
(4,0,2,1) : 2
(4,0,2,1,3) : 160
(4,0,2,3) : 1
(4,0,2,3,1) : 98
(4,0,3) : 17
(4,0,3,1) : 1
(4,0,3,1,2) : 270
(4,0,3,2,1) : 162
(4,1) : 99
(4,1,0) : 7
(4,1,0,2) : 1
(4,1,0,2,3) : 148
(4,1,0,3,2) : 88
(4,1,2) : 3
(4,1,2,0,3) : 149
(4,1,2,3,0) : 159
(4,1,3) : 4
(4,1,3,0,2) : 66
(4,1,3,2,0) : 67
(4,2) : 3368
(4,2,0) : 9
(4,2,0,1) : 2
(4,2,0,1,3) : 290
(4,2,0,3) : 2
(4,2,0,3,1) : 158
(4,2,1) : 11
(4,2,1,0) : 3
(4,2,1,0,3) : 433
(4,2,1,3) : 1
(4,2,1,3,0) : 257
(4,2,3) : 7
(4,2,3,0) : 3
(4,2,3,0,1) : 118
(4,2,3,1) : 1
(4,2,3,1,0) : 237
(4,3) : 196
(4,3,0) : 16
(4,3,0,1) : 1
(4,3,0,1,2) : 299
(4,3,0,2) : 1
(4,3,0,2,1) : 88
(4,3,1) : 7
(4,3,1,0) : 1
(4,3,1,0,2) : 117
(4,3,1,2,0) : 86
(4,3,2) : 8
(4,3,2,0,1) : 72
(4,3,2,1,0) : 251
