0, 1, 2, 3, 4
CDP,LIB,NLT,LAB,GRN
-+-+-+-+-
() : 176
(0) : 2258
(0,1) : 140
(0,1,2) : 11
(0,1,2,3) : 2
(0,1,2,3,4) : 258
(0,1,2,4,3) : 38
(0,1,3) : 5
(0,1,3,2) : 3
(0,1,3,2,4) : 88
(0,1,3,4) : 1
(0,1,3,4,2) : 38
(0,1,4) : 1
(0,1,4,2,3) : 20
(0,1,4,3) : 1
(0,1,4,3,2) : 8
(0,2) : 38
(0,2,1) : 2
(0,2,1,3,4) : 51
(0,2,1,4,3) : 14
(0,2,3) : 4
(0,2,3,1) : 1
(0,2,3,1,4) : 27
(0,2,3,4) : 1
(0,2,3,4,1) : 52
(0,2,4) : 1
(0,2,4,1,3) : 20
(0,2,4,3,1) : 28
(0,3) : 95
(0,3,1) : 6
(0,3,1,2,4) : 81
(0,3,1,4,2) : 24
(0,3,2) : 7
(0,3,2,1,4) : 61
(0,3,2,4) : 2
(0,3,2,4,1) : 67
(0,3,4) : 2
(0,3,4,1,2) : 13
(0,3,4,2) : 2
(0,3,4,2,1) : 65
(0,4) : 14
(0,4,1,2,3) : 11
(0,4,1,3,2) : 9
(0,4,2,1,3) : 13
(0,4,2,3,1) : 18
(0,4,3) : 2
(0,4,3,1,2) : 3
(0,4,3,2,1) : 17
(1) : 8101
(1,0) : 95
(1,0,2) : 15
(1,0,2,3) : 3
(1,0,2,3,4) : 272
(1,0,2,4,3) : 152
(1,0,3) : 5
(1,0,3,2) : 1
(1,0,3,2,4) : 73
(1,0,3,4) : 1
(1,0,3,4,2) : 55
(1,0,4,2,3) : 46
(1,0,4,3,2) : 43
(1,2) : 74
(1,2,0) : 3
(1,2,0,3) : 3
(1,2,0,3,4) : 114
(1,2,0,4,3) : 96
(1,2,3) : 5
(1,2,3,0,4) : 56
(1,2,3,4) : 3
(1,2,3,4,0) : 147
(1,2,4) : 2
(1,2,4,0,3) : 53
(1,2,4,3,0) : 52
(1,3) : 253
(1,3,0) : 4
(1,3,0,2) : 1
(1,3,0,2,4) : 113
(1,3,0,4) : 1
(1,3,0,4,2) : 46
(1,3,2) : 12
(1,3,2,0) : 5
(1,3,2,0,4) : 108
(1,3,2,4) : 7
(1,3,2,4,0) : 124
(1,3,4) : 14
(1,3,4,0) : 1
(1,3,4,0,2) : 84
(1,3,4,2) : 3
(1,3,4,2,0) : 213
(1,4) : 39
(1,4,0) : 3
(1,4,0,2) : 1
(1,4,0,2,3) : 45
(1,4,0,3,2) : 12
(1,4,2) : 3
(1,4,2,0,3) : 47
(1,4,2,3) : 2
(1,4,2,3,0) : 27
(1,4,3) : 8
(1,4,3,0) : 1
(1,4,3,0,2) : 20
(1,4,3,2) : 1
(1,4,3,2,0) : 55
(2) : 1154
(2,0) : 14
(2,0,1,3,4) : 31
(2,0,1,4,3) : 6
(2,0,3) : 2
(2,0,3,1,4) : 19
(2,0,3,4,1) : 19
(2,0,4) : 1
(2,0,4,1,3) : 4
(2,0,4,3,1) : 19
(2,1) : 20
(2,1,0,3,4) : 34
(2,1,0,4,3) : 15
(2,1,3) : 4
(2,1,3,0,4) : 26
(2,1,3,4,0) : 33
(2,1,4,0,3) : 11
(2,1,4,3,0) : 7
(2,3) : 49
(2,3,0,1,4) : 15
(2,3,0,4,1) : 19
(2,3,1) : 2
(2,3,1,0,4) : 29
(2,3,1,4) : 1
(2,3,1,4,0) : 23
(2,3,4) : 7
(2,3,4,0) : 1
(2,3,4,0,1) : 38
(2,3,4,1) : 1
(2,3,4,1,0) : 43
(2,4) : 27
(2,4,0) : 1
(2,4,0,1,3) : 11
(2,4,0,3,1) : 10
(2,4,1) : 1
(2,4,1,0,3) : 4
(2,4,1,3,0) : 10
(2,4,3) : 1
(2,4,3,0,1) : 12
(2,4,3,1,0) : 29
(3) : 19851
(3,0) : 169
(3,0,1) : 6
(3,0,1,2) : 5
(3,0,1,2,4) : 208
(3,0,1,4) : 8
(3,0,1,4,2) : 77
(3,0,2) : 4
(3,0,2,1) : 1
(3,0,2,1,4) : 76
(3,0,2,4) : 6
(3,0,2,4,1) : 178
(3,0,4) : 8
(3,0,4,1) : 2
(3,0,4,1,2) : 48
(3,0,4,2) : 7
(3,0,4,2,1) : 219
(3,1) : 319
(3,1,0) : 12
(3,1,0,2) : 1
(3,1,0,2,4) : 249
(3,1,0,4) : 5
(3,1,0,4,2) : 69
(3,1,2) : 9
(3,1,2,0) : 4
(3,1,2,0,4) : 154
(3,1,2,4) : 6
(3,1,2,4,0) : 197
(3,1,4) : 28
(3,1,4,0) : 4
(3,1,4,0,2) : 114
(3,1,4,2) : 7
(3,1,4,2,0) : 263
(3,2) : 213
(3,2,0) : 9
(3,2,0,1) : 3
(3,2,0,1,4) : 102
(3,2,0,4) : 3
(3,2,0,4,1) : 221
(3,2,1) : 8
(3,2,1,0,4) : 206
(3,2,1,4) : 5
(3,2,1,4,0) : 132
(3,2,4) : 37
(3,2,4,0) : 3
(3,2,4,0,1) : 442
(3,2,4,1) : 8
(3,2,4,1,0) : 251
(3,4) : 603
(3,4,0) : 15
(3,4,0,1) : 5
(3,4,0,1,2) : 158
(3,4,0,2) : 13
(3,4,0,2,1) : 391
(3,4,1) : 21
(3,4,1,0,2) : 124
(3,4,1,2) : 1
(3,4,1,2,0) : 246
(3,4,2) : 56
(3,4,2,0) : 18
(3,4,2,0,1) : 963
(3,4,2,1) : 6
(3,4,2,1,0) : 670
(4) : 1091
(4,0) : 16
(4,0,1) : 2
(4,0,1,2,3) : 9
(4,0,1,3,2) : 2
(4,0,2) : 2
(4,0,2,1,3) : 17
(4,0,2,3,1) : 7
(4,0,3) : 1
(4,0,3,1,2) : 3
(4,0,3,2) : 1
(4,0,3,2,1) : 6
(4,1) : 8
(4,1,0) : 1
(4,1,0,2,3) : 8
(4,1,0,3,2) : 3
(4,1,2,0,3) : 7
(4,1,2,3) : 1
(4,1,2,3,0) : 12
(4,1,3) : 5
(4,1,3,0,2) : 10
(4,1,3,2) : 1
(4,1,3,2,0) : 20
(4,2) : 13
(4,2,0,1,3) : 27
(4,2,0,3,1) : 34
(4,2,1) : 1
(4,2,1,0,3) : 8
(4,2,1,3,0) : 20
(4,2,3) : 4
(4,2,3,0) : 1
(4,2,3,0,1) : 19
(4,2,3,1) : 1
(4,2,3,1,0) : 31
(4,3) : 123
(4,3,0) : 1
(4,3,0,1,2) : 18
(4,3,0,2,1) : 20
(4,3,1) : 10
(4,3,1,0) : 1
(4,3,1,0,2) : 28
(4,3,1,2) : 1
(4,3,1,2,0) : 73
(4,3,2) : 9
(4,3,2,0,1) : 95
(4,3,2,1) : 3
(4,3,2,1,0) : 171
