0, 1, 2, 3, 4, 5, 6
GRN,IND,LIB,LAB,CDP,NLT,AJP
-+-+-+-+-
() : 367
(0) : 1029
(0,1) : 53
(0,1,2) : 2
(0,1,2,3) : 1
(0,1,2,3,4) : 1
(0,1,2,3,4,5,6) : 63
(0,1,2,3,4,6,5) : 1
(0,1,2,3,5,4,6) : 2
(0,1,2,3,5,6) : 1
(0,1,2,3,6,4,5) : 1
(0,1,2,3,6,5,4) : 7
(0,1,2,4,3,5,6) : 1
(0,1,2,4,5,6,3) : 2
(0,1,2,5,3,4,6) : 2
(0,1,2,5,6,3,4) : 2
(0,1,2,6,3,5,4) : 2
(0,1,2,6,4) : 1
(0,1,2,6,4,5,3) : 1
(0,1,2,6,5,3,4) : 1
(0,1,2,6,5,4,3) : 1
(0,1,3) : 47
(0,1,3,2) : 3
(0,1,3,2,4,5) : 1
(0,1,3,2,4,5,6) : 14
(0,1,3,2,4,6,5) : 2
(0,1,3,2,5,4,6) : 4
(0,1,3,2,5,6,4) : 10
(0,1,3,2,6,4,5) : 4
(0,1,3,2,6,5,4) : 13
(0,1,3,4,2) : 1
(0,1,3,4,2,5,6) : 1
(0,1,3,4,5,6,2) : 5
(0,1,3,4,6,2,5) : 1
(0,1,3,4,6,5,2) : 6
(0,1,3,5,2,4,6) : 2
(0,1,3,5,2,6,4) : 3
(0,1,3,5,6,2) : 1
(0,1,3,5,6,2,4) : 17
(0,1,3,5,6,4,2) : 16
(0,1,3,6) : 5
(0,1,3,6,2) : 2
(0,1,3,6,2,4,5) : 7
(0,1,3,6,2,5,4) : 25
(0,1,3,6,4,2,5) : 3
(0,1,3,6,4,5,2) : 5
(0,1,3,6,5) : 1
(0,1,3,6,5,2) : 1
(0,1,3,6,5,2,4) : 18
(0,1,3,6,5,4) : 1
(0,1,3,6,5,4,2) : 30
(0,1,4) : 2
(0,1,4,2,3,5,6) : 1
(0,1,4,3,5,2,6) : 1
(0,1,4,5,6,2,3) : 4
(0,1,4,5,6,3,2) : 2
(0,1,4,6,5,2,3) : 1
(0,1,4,6,5,3,2) : 1
(0,1,5) : 1
(0,1,5,3,2,6,4) : 2
(0,1,5,3,6) : 1
(0,1,5,3,6,2,4) : 2
(0,1,5,3,6,4,2) : 1
(0,1,5,4,3,2,6) : 2
(0,1,5,6,2,3,4) : 2
(0,1,5,6,3,2,4) : 4
(0,1,5,6,3,4,2) : 1
(0,1,5,6,4,3,2) : 3
(0,1,6) : 8
(0,1,6,2) : 2
(0,1,6,2,3,4,5) : 1
(0,1,6,2,3,5,4) : 3
(0,1,6,2,5) : 1
(0,1,6,3) : 125
(0,1,6,3,2,4,5) : 6
(0,1,6,3,2,5,4) : 8
(0,1,6,3,4,2,5) : 3
(0,1,6,3,4,5,2) : 2
(0,1,6,3,5) : 1
(0,1,6,3,5,2,4) : 19
(0,1,6,3,5,4,2) : 19
(0,1,6,4) : 1
(0,1,6,4,3,2,5) : 1
(0,1,6,4,5,2,3) : 2
(0,1,6,4,5,3,2) : 2
(0,1,6,5) : 1
(0,1,6,5,2,3,4) : 5
(0,1,6,5,3) : 1
(0,1,6,5,3,2,4) : 7
(0,1,6,5,3,4,2) : 7
(0,1,6,5,4,2,3) : 2
(0,1,6,5,4,3,2) : 13
(0,2) : 14
(0,2,1) : 1
(0,2,1,3,4,5) : 1
(0,2,1,3,4,5,6) : 5
(0,2,1,3,6,4,5) : 1
(0,2,1,3,6,5,4) : 3
(0,2,1,4,3,5,6) : 2
(0,2,1,4,3,6,5) : 1
(0,2,1,4,5,6,3) : 1
(0,2,1,4,6,5,3) : 1
(0,2,1,5,6,4,3) : 1
(0,2,3) : 1
(0,2,3,1,4,5,6) : 3
(0,2,3,1,6,5,4) : 1
(0,2,3,4,5,6,1) : 1
(0,2,3,5,6,4,1) : 1
(0,2,3,6,5,1,4) : 1
(0,2,4) : 1
(0,2,4,6) : 2
(0,2,5,4,3,6,1) : 1
(0,2,6) : 2
(0,2,6,5,1,4,3) : 1
(0,3) : 79
(0,3,1) : 33
(0,3,1,2) : 4
(0,3,1,2,4,5,6) : 13
(0,3,1,2,4,6,5) : 1
(0,3,1,2,5,4,6) : 2
(0,3,1,2,5,6,4) : 5
(0,3,1,2,6,4,5) : 1
(0,3,1,2,6,5,4) : 8
(0,3,1,4,5,6,2) : 4
(0,3,1,4,6,5,2) : 2
(0,3,1,5) : 1
(0,3,1,5,2,6,4) : 2
(0,3,1,5,4,2,6) : 1
(0,3,1,5,4,6,2) : 1
(0,3,1,5,6,2,4) : 9
(0,3,1,5,6,4,2) : 18
(0,3,1,6) : 10
(0,3,1,6,2,4,5) : 4
(0,3,1,6,2,5,4) : 11
(0,3,1,6,4,2,5) : 1
(0,3,1,6,4,5,2) : 4
(0,3,1,6,5,2,4) : 40
(0,3,1,6,5,4,2) : 24
(0,3,2) : 3
(0,3,2,1,4,5,6) : 4
(0,3,2,1,4,6,5) : 1
(0,3,2,1,5,4,6) : 1
(0,3,2,1,5,6,4) : 5
(0,3,2,1,6,5,4) : 5
(0,3,2,4,1,5,6) : 1
(0,3,2,5,1,4,6) : 1
(0,3,2,6,1,5,4) : 1
(0,3,4,1,2,5,6) : 2
(0,3,4,1,2,6,5) : 1
(0,3,4,1,6,5,2) : 1
(0,3,4,5,6,1,2) : 4
(0,3,4,5,6,2,1) : 1
(0,3,4,6,5,1,2) : 1
(0,3,5,1,2,6,4) : 1
(0,3,5,1,4,2,6) : 1
(0,3,5,1,6,2,4) : 5
(0,3,5,1,6,4,2) : 2
(0,3,5,2,1,6,4) : 1
(0,3,5,2,4,6,1) : 1
(0,3,5,4,1,6,2) : 1
(0,3,5,4,6,1) : 1
(0,3,5,6) : 1
(0,3,5,6,1,2,4) : 5
(0,3,5,6,1,4,2) : 5
(0,3,5,6,2,1,4) : 2
(0,3,5,6,4,1,2) : 1
(0,3,5,6,4,2,1) : 1
(0,3,6) : 9
(0,3,6,1) : 7
(0,3,6,1,2,4,5) : 3
(0,3,6,1,2,5,4) : 5
(0,3,6,1,4,5,2) : 2
(0,3,6,1,5) : 1
(0,3,6,1,5,2,4) : 15
(0,3,6,1,5,4,2) : 11
(0,3,6,2,1,4,5) : 1
(0,3,6,2,1,5,4) : 1
(0,3,6,5,1,2,4) : 8
(0,3,6,5,1,4,2) : 11
(0,3,6,5,2,1,4) : 2
(0,3,6,5,4,1,2) : 3
(0,3,6,5,4,2,1) : 1
(0,4) : 6
(0,4,1,2,3,5,6) : 1
(0,4,1,6,5,3,2) : 1
(0,4,3,1,2,5,6) : 1
(0,4,3,1,2,6,5) : 1
(0,4,3,1,5,6,2) : 2
(0,4,3,1,6,5,2) : 1
(0,4,3,2,1,5,6) : 1
(0,4,3,2,6,5,1) : 1
(0,4,5,1,6,3,2) : 1
(0,4,5,6,1,2,3) : 1
(0,4,5,6,1,3,2) : 1
(0,4,5,6,2,3,1) : 1
(0,4,6,5,1,3,2) : 1
(0,5) : 4
(0,5,1,2) : 1
(0,5,1,2,3,6,4) : 1
(0,5,1,3,6,2,4) : 1
(0,5,1,3,6,4,2) : 2
(0,5,1,6,2,3,4) : 1
(0,5,1,6,4,2,3) : 1
(0,5,3) : 1
(0,5,3,1,2,6,4) : 2
(0,5,3,1,4,6,2) : 1
(0,5,3,1,6,2,4) : 1
(0,5,4,3,2,1,6) : 1
(0,5,6) : 1
(0,5,6,1) : 1
(0,5,6,1,2,3,4) : 2
(0,5,6,1,2,4,3) : 1
(0,5,6,1,3,2,4) : 2
(0,5,6,1,3,4,2) : 1
(0,5,6,1,4,2,3) : 1
(0,5,6,1,4,3,2) : 2
(0,5,6,4,3,1,2) : 1
(0,5,6,4,3,2,1) : 1
(0,6) : 36
(0,6,1) : 4
(0,6,1,2,3,4,5) : 1
(0,6,1,2,3,5,4) : 1
(0,6,1,2,5,4,3) : 1
(0,6,1,3) : 1
(0,6,1,3,2,4,5) : 3
(0,6,1,3,2,5,4) : 3
(0,6,1,3,4,5,2) : 2
(0,6,1,3,5,2,4) : 9
(0,6,1,3,5,4,2) : 7
(0,6,1,4,5,3,2) : 3
(0,6,1,5,2,4,3) : 1
(0,6,1,5,3,2,4) : 5
(0,6,1,5,3,4,2) : 2
(0,6,1,5,4,2,3) : 2
(0,6,1,5,4,3,2) : 2
(0,6,2,1,3,4,5) : 1
(0,6,2,1,3,5,4) : 1
(0,6,2,3,5,1,4) : 1
(0,6,2,5,1,4,3) : 1
(0,6,2,5,3,4,1) : 1
(0,6,3) : 6
(0,6,3,1) : 5
(0,6,3,1,2,4,5) : 1
(0,6,3,1,2,5,4) : 4
(0,6,3,1,4,5,2) : 2
(0,6,3,1,5,2,4) : 5
(0,6,3,1,5,4,2) : 1
(0,6,3,2,1,4,5) : 1
(0,6,3,2,1,5,4) : 1
(0,6,3,2,5,1,4) : 1
(0,6,3,2,5,4,1) : 1
(0,6,3,4,5,1,2) : 1
(0,6,3,5) : 1
(0,6,3,5,1,2,4) : 6
(0,6,3,5,1,4,2) : 5
(0,6,3,5,4,2,1) : 2
(0,6,5) : 2
(0,6,5,1) : 1
(0,6,5,1,3,2,4) : 3
(0,6,5,1,3,4,2) : 4
(0,6,5,1,4,3,2) : 2
(0,6,5,3,1,2) : 1
(0,6,5,3,1,2,4) : 1
(0,6,5,3,1,4,2) : 1
(0,6,5,3,2,1,4) : 1
(0,6,5,3,4) : 1
(0,6,5,3,4,2,1) : 1
(0,6,5,4,1,2,3) : 2
(0,6,5,4,3,1,2) : 1
(0,6,5,4,3,2,1) : 3
(1) : 14115
(1,0) : 111
(1,0,2) : 15
(1,0,2,3) : 8
(1,0,2,3,4) : 2
(1,0,2,3,4,5) : 1
(1,0,2,3,4,5,6) : 107
(1,0,2,3,4,6,5) : 4
(1,0,2,3,5,4,6) : 7
(1,0,2,3,5,6,4) : 18
(1,0,2,3,6) : 2
(1,0,2,3,6,4,5) : 4
(1,0,2,3,6,5,4) : 20
(1,0,2,4,3,5,6) : 11
(1,0,2,4,3,6,5) : 3
(1,0,2,4,5,3,6) : 5
(1,0,2,4,5,6) : 1
(1,0,2,4,5,6,3) : 11
(1,0,2,4,6,5,3) : 2
(1,0,2,5,4,3,6) : 4
(1,0,2,5,4,6,3) : 3
(1,0,2,5,6,3,4) : 1
(1,0,2,5,6,4,3) : 2
(1,0,2,6,3) : 1
(1,0,2,6,3,4,5) : 1
(1,0,2,6,3,5,4) : 3
(1,0,2,6,5,3,4) : 1
(1,0,2,6,5,4,3) : 3
(1,0,3) : 82
(1,0,3,2) : 7
(1,0,3,2,4) : 2
(1,0,3,2,4,5,6) : 37
(1,0,3,2,4,6,5) : 11
(1,0,3,2,5,4,6) : 13
(1,0,3,2,5,6,4) : 27
(1,0,3,2,6,4,5) : 12
(1,0,3,2,6,5,4) : 51
(1,0,3,4) : 3
(1,0,3,4,2,5,6) : 9
(1,0,3,4,2,6,5) : 4
(1,0,3,4,5,2,6) : 3
(1,0,3,4,5,6,2) : 28
(1,0,3,4,6,2,5) : 2
(1,0,3,4,6,5,2) : 11
(1,0,3,5) : 1
(1,0,3,5,2,4,6) : 9
(1,0,3,5,2,6,4) : 6
(1,0,3,5,4,2,6) : 2
(1,0,3,5,4,6) : 1
(1,0,3,5,4,6,2) : 4
(1,0,3,5,6,2) : 3
(1,0,3,5,6,2,4) : 18
(1,0,3,5,6,4,2) : 39
(1,0,3,6) : 7
(1,0,3,6,2,4,5) : 10
(1,0,3,6,2,5,4) : 24
(1,0,3,6,4,2,5) : 1
(1,0,3,6,4,5,2) : 9
(1,0,3,6,5) : 3
(1,0,3,6,5,2,4) : 51
(1,0,3,6,5,4,2) : 49
(1,0,4) : 3
(1,0,4,2,3,5,6) : 4
(1,0,4,2,3,6,5) : 3
(1,0,4,2,5,6,3) : 1
(1,0,4,3) : 1
(1,0,4,3,2,5,6) : 2
(1,0,4,3,5,6) : 1
(1,0,4,3,5,6,2) : 1
(1,0,4,3,6,5,2) : 1
(1,0,4,5,2,6,3) : 1
(1,0,4,5,3,6,2) : 2
(1,0,4,5,6,2) : 1
(1,0,4,5,6,2,3) : 5
(1,0,4,5,6,3,2) : 3
(1,0,4,6,2,3,5) : 1
(1,0,4,6,2,5,3) : 1
(1,0,4,6,3,2,5) : 1
(1,0,4,6,3,5,2) : 1
(1,0,4,6,5,2,3) : 1
(1,0,4,6,5,3,2) : 6
(1,0,5) : 3
(1,0,5,2,3,4,6) : 1
(1,0,5,3,2,4,6) : 1
(1,0,5,3,2,6,4) : 1
(1,0,5,3,4,6,2) : 1
(1,0,5,3,6,2,4) : 1
(1,0,5,3,6,4,2) : 1
(1,0,5,4,3,2) : 1
(1,0,5,4,3,2,6) : 1
(1,0,5,4,6) : 1
(1,0,5,4,6,2,3) : 1
(1,0,5,4,6,3) : 1
(1,0,5,4,6,3,2) : 1
(1,0,5,6,2,3,4) : 2
(1,0,5,6,2,4,3) : 1
(1,0,5,6,3,2,4) : 6
(1,0,5,6,3,4,2) : 1
(1,0,5,6,4) : 1
(1,0,5,6,4,2,3) : 10
(1,0,5,6,4,3,2) : 13
(1,0,6) : 15
(1,0,6,2,3) : 1
(1,0,6,2,3,4,5) : 3
(1,0,6,2,3,5,4) : 6
(1,0,6,2,5,3,4) : 3
(1,0,6,2,5,4,3) : 1
(1,0,6,3) : 8
(1,0,6,3,2) : 2
(1,0,6,3,2,4,5) : 8
(1,0,6,3,2,5,4) : 17
(1,0,6,3,4,5,2) : 3
(1,0,6,3,5,2) : 1
(1,0,6,3,5,2,4) : 12
(1,0,6,3,5,4,2) : 11
(1,0,6,4) : 2
(1,0,6,4,3,5,2) : 3
(1,0,6,4,5,2,3) : 3
(1,0,6,4,5,3,2) : 2
(1,0,6,5) : 2
(1,0,6,5,2,3,4) : 4
(1,0,6,5,3,2,4) : 13
(1,0,6,5,3,4,2) : 10
(1,0,6,5,4,2,3) : 9
(1,0,6,5,4,3,2) : 21
(1,2) : 466
(1,2,0) : 24
(1,2,0,3) : 7
(1,2,0,3,4,5,6) : 73
(1,2,0,3,4,6,5) : 10
(1,2,0,3,5,4) : 1
(1,2,0,3,5,4,6) : 11
(1,2,0,3,5,6,4) : 17
(1,2,0,3,6,4,5) : 3
(1,2,0,3,6,5,4) : 18
(1,2,0,4,3) : 1
(1,2,0,4,3,5,6) : 9
(1,2,0,4,3,6,5) : 5
(1,2,0,4,5,3,6) : 3
(1,2,0,4,5,6,3) : 21
(1,2,0,4,6,3,5) : 1
(1,2,0,4,6,5,3) : 6
(1,2,0,5,3,4,6) : 2
(1,2,0,5,3,6,4) : 1
(1,2,0,5,4,3,6) : 2
(1,2,0,5,4,6) : 1
(1,2,0,5,4,6,3) : 2
(1,2,0,5,6,3,4) : 3
(1,2,0,5,6,4,3) : 14
(1,2,0,6) : 1
(1,2,0,6,3,4,5) : 3
(1,2,0,6,3,5,4) : 3
(1,2,0,6,4,5,3) : 5
(1,2,0,6,5,3,4) : 4
(1,2,0,6,5,4,3) : 18
(1,2,3) : 37
(1,2,3,0) : 7
(1,2,3,0,4,5,6) : 56
(1,2,3,0,4,6,5) : 12
(1,2,3,0,5,4,6) : 8
(1,2,3,0,5,6,4) : 22
(1,2,3,0,6,4,5) : 6
(1,2,3,0,6,5,4) : 21
(1,2,3,4) : 8
(1,2,3,4,0) : 2
(1,2,3,4,0,5,6) : 31
(1,2,3,4,0,6,5) : 6
(1,2,3,4,5) : 1
(1,2,3,4,5,0,6) : 7
(1,2,3,4,5,6) : 4
(1,2,3,4,5,6,0) : 64
(1,2,3,4,6,0,5) : 4
(1,2,3,4,6,5,0) : 12
(1,2,3,5) : 1
(1,2,3,5,0,4,6) : 2
(1,2,3,5,0,6,4) : 3
(1,2,3,5,4,0,6) : 6
(1,2,3,5,4,6,0) : 8
(1,2,3,5,6) : 1
(1,2,3,5,6,0,4) : 9
(1,2,3,5,6,4,0) : 29
(1,2,3,6,0,4,5) : 7
(1,2,3,6,0,5,4) : 5
(1,2,3,6,4,0,5) : 2
(1,2,3,6,4,5,0) : 6
(1,2,3,6,5,0,4) : 4
(1,2,3,6,5,4) : 1
(1,2,3,6,5,4,0) : 10
(1,2,4) : 81
(1,2,4,0,3,5,6) : 23
(1,2,4,0,3,6) : 1
(1,2,4,0,3,6,5) : 9
(1,2,4,0,5,3,6) : 3
(1,2,4,0,5,6) : 3
(1,2,4,0,5,6,3) : 8
(1,2,4,0,6,5,3) : 4
(1,2,4,3) : 3
(1,2,4,3,0,5,6) : 30
(1,2,4,3,0,6,5) : 17
(1,2,4,3,5,0,6) : 7
(1,2,4,3,5,6) : 1
(1,2,4,3,5,6,0) : 29
(1,2,4,3,6,5,0) : 10
(1,2,4,5) : 3
(1,2,4,5,0,3,6) : 10
(1,2,4,5,0,6,3) : 2
(1,2,4,5,3,0,6) : 7
(1,2,4,5,3,6,0) : 3
(1,2,4,5,6) : 1
(1,2,4,5,6,0) : 2
(1,2,4,5,6,0,3) : 46
(1,2,4,5,6,3) : 1
(1,2,4,5,6,3,0) : 79
(1,2,4,6) : 1
(1,2,4,6,0,3,5) : 4
(1,2,4,6,0,5) : 1
(1,2,4,6,0,5,3) : 2
(1,2,4,6,3,0,5) : 2
(1,2,4,6,3,5,0) : 3
(1,2,4,6,5,0) : 1
(1,2,4,6,5,0,3) : 21
(1,2,4,6,5,3,0) : 36
(1,2,5) : 13
(1,2,5,0,3,4,6) : 3
(1,2,5,0,3,6,4) : 3
(1,2,5,0,4,3,6) : 3
(1,2,5,0,4,6) : 1
(1,2,5,0,4,6,3) : 3
(1,2,5,0,6,3,4) : 2
(1,2,5,0,6,4,3) : 4
(1,2,5,3,0,4,6) : 2
(1,2,5,3,0,6,4) : 3
(1,2,5,3,4,0,6) : 2
(1,2,5,3,4,6,0) : 4
(1,2,5,3,6,4,0) : 4
(1,2,5,4) : 2
(1,2,5,4,0,3,6) : 1
(1,2,5,4,0,6,3) : 1
(1,2,5,4,3,0,6) : 3
(1,2,5,4,3,6,0) : 9
(1,2,5,4,6,0) : 1
(1,2,5,4,6,0,3) : 9
(1,2,5,4,6,3,0) : 11
(1,2,5,6) : 2
(1,2,5,6,0,3,4) : 11
(1,2,5,6,0,4,3) : 11
(1,2,5,6,3,0) : 1
(1,2,5,6,3,0,4) : 8
(1,2,5,6,3,4,0) : 10
(1,2,5,6,4,0,3) : 34
(1,2,5,6,4,3) : 1
(1,2,5,6,4,3,0) : 37
(1,2,6) : 17
(1,2,6,0,3,4) : 1
(1,2,6,0,3,4,5) : 5
(1,2,6,0,3,5,4) : 5
(1,2,6,0,4,3,5) : 2
(1,2,6,0,4,5,3) : 3
(1,2,6,0,5,3,4) : 3
(1,2,6,0,5,4,3) : 9
(1,2,6,3,0,5,4) : 2
(1,2,6,3,4,5,0) : 4
(1,2,6,3,5,4,0) : 3
(1,2,6,4) : 1
(1,2,6,4,0,3,5) : 2
(1,2,6,4,0,5,3) : 2
(1,2,6,4,3,5,0) : 2
(1,2,6,4,5) : 1
(1,2,6,4,5,0) : 1
(1,2,6,4,5,0,3) : 4
(1,2,6,4,5,3,0) : 10
(1,2,6,5) : 1
(1,2,6,5,0,3,4) : 7
(1,2,6,5,0,4,3) : 7
(1,2,6,5,3,0,4) : 3
(1,2,6,5,3,4,0) : 6
(1,2,6,5,4) : 2
(1,2,6,5,4,0,3) : 16
(1,2,6,5,4,3,0) : 21
(1,3) : 474
(1,3,0) : 105
(1,3,0,2) : 13
(1,3,0,2,4) : 1
(1,3,0,2,4,5,6) : 102
(1,3,0,2,4,6,5) : 24
(1,3,0,2,5,4,6) : 19
(1,3,0,2,5,6,4) : 42
(1,3,0,2,6,4,5) : 11
(1,3,0,2,6,5,4) : 42
(1,3,0,4) : 3
(1,3,0,4,2) : 2
(1,3,0,4,2,5,6) : 13
(1,3,0,4,2,6,5) : 6
(1,3,0,4,5) : 1
(1,3,0,4,5,2,6) : 9
(1,3,0,4,5,6,2) : 65
(1,3,0,4,6,2,5) : 3
(1,3,0,4,6,5,2) : 20
(1,3,0,5) : 3
(1,3,0,5,2) : 1
(1,3,0,5,2,4,6) : 4
(1,3,0,5,2,6,4) : 8
(1,3,0,5,4,2,6) : 4
(1,3,0,5,4,6,2) : 13
(1,3,0,5,6,2) : 5
(1,3,0,5,6,2,4) : 27
(1,3,0,5,6,4,2) : 65
(1,3,0,6) : 5
(1,3,0,6,2,4,5) : 12
(1,3,0,6,2,5,4) : 19
(1,3,0,6,4,2,5) : 4
(1,3,0,6,4,5,2) : 22
(1,3,0,6,5,2) : 1
(1,3,0,6,5,2,4) : 56
(1,3,0,6,5,4) : 1
(1,3,0,6,5,4,2) : 102
(1,3,2) : 39
(1,3,2,0) : 7
(1,3,2,0,4) : 1
(1,3,2,0,4,5) : 2
(1,3,2,0,4,5,6) : 76
(1,3,2,0,4,6) : 1
(1,3,2,0,4,6,5) : 18
(1,3,2,0,5,4,6) : 19
(1,3,2,0,5,6,4) : 28
(1,3,2,0,6,4,5) : 2
(1,3,2,0,6,5) : 1
(1,3,2,0,6,5,4) : 23
(1,3,2,4) : 1
(1,3,2,4,0,5,6) : 8
(1,3,2,4,0,6,5) : 3
(1,3,2,4,5,0,6) : 2
(1,3,2,4,5,6) : 3
(1,3,2,4,5,6,0) : 22
(1,3,2,4,6,5,0) : 9
(1,3,2,5) : 1
(1,3,2,5,0,4,6) : 5
(1,3,2,5,0,6,4) : 7
(1,3,2,5,4) : 1
(1,3,2,5,4,0,6) : 2
(1,3,2,5,4,6,0) : 9
(1,3,2,5,6,0) : 2
(1,3,2,5,6,0,4) : 11
(1,3,2,5,6,4,0) : 12
(1,3,2,6,0,4,5) : 1
(1,3,2,6,0,5,4) : 5
(1,3,2,6,4,0,5) : 3
(1,3,2,6,4,5,0) : 3
(1,3,2,6,5,0) : 1
(1,3,2,6,5,0,4) : 5
(1,3,2,6,5,4,0) : 15
(1,3,4) : 7
(1,3,4,0) : 3
(1,3,4,0,2) : 1
(1,3,4,0,2,5,6) : 9
(1,3,4,0,2,6,5) : 4
(1,3,4,0,5,2,6) : 1
(1,3,4,0,5,6,2) : 16
(1,3,4,0,6,2,5) : 3
(1,3,4,0,6,5) : 2
(1,3,4,0,6,5,2) : 9
(1,3,4,2) : 2
(1,3,4,2,0) : 1
(1,3,4,2,0,5,6) : 3
(1,3,4,2,0,6,5) : 2
(1,3,4,2,5,6,0) : 2
(1,3,4,2,6,5,0) : 2
(1,3,4,5,0,2,6) : 2
(1,3,4,5,0,6,2) : 5
(1,3,4,5,2,0,6) : 2
(1,3,4,5,2,6,0) : 2
(1,3,4,5,6,0) : 4
(1,3,4,5,6,0,2) : 17
(1,3,4,5,6,2) : 3
(1,3,4,5,6,2,0) : 11
(1,3,4,6) : 1
(1,3,4,6,0,2) : 1
(1,3,4,6,0,2,5) : 4
(1,3,4,6,0,5,2) : 2
(1,3,4,6,2,5) : 1
(1,3,4,6,2,5,0) : 1
(1,3,4,6,5,0,2) : 8
(1,3,4,6,5,2,0) : 3
(1,3,5) : 8
(1,3,5,0) : 1
(1,3,5,0,2,4,6) : 6
(1,3,5,0,2,6) : 1
(1,3,5,0,2,6,4) : 6
(1,3,5,0,4,2,6) : 2
(1,3,5,0,4,6,2) : 5
(1,3,5,0,6,2) : 2
(1,3,5,0,6,2,4) : 8
(1,3,5,0,6,4,2) : 10
(1,3,5,2) : 1
(1,3,5,2,0,4,6) : 3
(1,3,5,2,0,6,4) : 5
(1,3,5,2,4) : 1
(1,3,5,2,4,6,0) : 4
(1,3,5,2,6,0,4) : 3
(1,3,5,2,6,4,0) : 3
(1,3,5,4) : 1
(1,3,5,4,0,2,6) : 1
(1,3,5,4,0,6,2) : 3
(1,3,5,4,2,0,6) : 4
(1,3,5,4,2,6,0) : 3
(1,3,5,4,6,0) : 2
(1,3,5,4,6,0,2) : 6
(1,3,5,4,6,2) : 1
(1,3,5,4,6,2,0) : 3
(1,3,5,6) : 1
(1,3,5,6,0,2) : 5
(1,3,5,6,0,2,4) : 14
(1,3,5,6,0,4) : 1
(1,3,5,6,0,4,2) : 23
(1,3,5,6,2,0) : 3
(1,3,5,6,2,0,4) : 6
(1,3,5,6,2,4,0) : 8
(1,3,5,6,4,0) : 1
(1,3,5,6,4,0,2) : 19
(1,3,5,6,4,2,0) : 17
(1,3,6) : 18
(1,3,6,0) : 4
(1,3,6,0,2,4) : 1
(1,3,6,0,2,4,5) : 23
(1,3,6,0,2,5) : 2
(1,3,6,0,2,5,4) : 12
(1,3,6,0,4,5,2) : 5
(1,3,6,0,5,2,4) : 14
(1,3,6,0,5,4,2) : 23
(1,3,6,2,0,4,5) : 2
(1,3,6,2,0,5,4) : 4
(1,3,6,2,4,0,5) : 1
(1,3,6,2,4,5,0) : 4
(1,3,6,2,5,0,4) : 3
(1,3,6,2,5,4) : 1
(1,3,6,4,0,2,5) : 2
(1,3,6,4,0,5) : 1
(1,3,6,4,0,5,2) : 4
(1,3,6,4,5,0,2) : 1
(1,3,6,4,5,2) : 1
(1,3,6,4,5,2,0) : 3
(1,3,6,5) : 2
(1,3,6,5,0,2,4) : 11
(1,3,6,5,0,4) : 2
(1,3,6,5,0,4,2) : 14
(1,3,6,5,2,0,4) : 7
(1,3,6,5,2,4,0) : 4
(1,3,6,5,4,0,2) : 17
(1,3,6,5,4,2) : 1
(1,3,6,5,4,2,0) : 23
(1,4) : 41
(1,4,0) : 6
(1,4,0,2,3,5,6) : 8
(1,4,0,2,3,6,5) : 2
(1,4,0,2,5,6,3) : 1
(1,4,0,2,6,5,3) : 1
(1,4,0,3,2,5,6) : 6
(1,4,0,3,2,6,5) : 2
(1,4,0,3,5,2,6) : 1
(1,4,0,3,5,6,2) : 2
(1,4,0,3,6,2,5) : 1
(1,4,0,3,6,5,2) : 1
(1,4,0,5,2,3,6) : 1
(1,4,0,5,3,6,2) : 1
(1,4,0,5,6) : 1
(1,4,0,5,6,2,3) : 2
(1,4,0,6,2,5,3) : 1
(1,4,0,6,3,5,2) : 1
(1,4,0,6,5,2,3) : 2
(1,4,2) : 10
(1,4,2,0,3,5,6) : 7
(1,4,2,0,3,6,5) : 2
(1,4,2,0,5,3,6) : 1
(1,4,2,0,5,6,3) : 5
(1,4,2,0,6,5) : 1
(1,4,2,0,6,5,3) : 5
(1,4,2,3) : 4
(1,4,2,3,0,5,6) : 10
(1,4,2,3,0,6,5) : 6
(1,4,2,3,5,0,6) : 1
(1,4,2,3,5,6,0) : 7
(1,4,2,3,6,0,5) : 1
(1,4,2,3,6,5,0) : 8
(1,4,2,5) : 1
(1,4,2,5,0,3,6) : 1
(1,4,2,5,3,0,6) : 2
(1,4,2,5,3,6,0) : 5
(1,4,2,5,6,0,3) : 4
(1,4,2,5,6,3,0) : 12
(1,4,2,6) : 1
(1,4,2,6,0,3,5) : 4
(1,4,2,6,0,5,3) : 3
(1,4,2,6,3) : 1
(1,4,2,6,3,5,0) : 2
(1,4,2,6,5,0,3) : 1
(1,4,2,6,5,3,0) : 11
(1,4,3) : 10
(1,4,3,0,2,5,6) : 1
(1,4,3,0,2,6,5) : 1
(1,4,3,0,5,6,2) : 2
(1,4,3,2,0,5,6) : 5
(1,4,3,2,0,6,5) : 3
(1,4,3,2,5) : 1
(1,4,3,2,5,0,6) : 1
(1,4,3,2,5,6,0) : 9
(1,4,3,2,6,0,5) : 1
(1,4,3,2,6,5,0) : 4
(1,4,3,5,2,0,6) : 2
(1,4,3,5,2,6,0) : 1
(1,4,3,5,6,0,2) : 3
(1,4,3,5,6,2,0) : 2
(1,4,3,6) : 1
(1,4,3,6,5,0,2) : 2
(1,4,3,6,5,2,0) : 1
(1,4,5) : 1
(1,4,5,0,2,6,3) : 1
(1,4,5,0,6,2,3) : 1
(1,4,5,0,6,3,2) : 2
(1,4,5,2,0,6,3) : 1
(1,4,5,2,3,0,6) : 3
(1,4,5,2,6,3,0) : 2
(1,4,5,6) : 1
(1,4,5,6,0) : 1
(1,4,5,6,0,2,3) : 5
(1,4,5,6,0,3,2) : 5
(1,4,5,6,2,0,3) : 2
(1,4,5,6,2,3,0) : 8
(1,4,5,6,3,0,2) : 2
(1,4,5,6,3,2,0) : 8
(1,4,6) : 8
(1,4,6,0) : 1
(1,4,6,0,2,3) : 2
(1,4,6,0,2,3,5) : 4
(1,4,6,0,2,5,3) : 1
(1,4,6,0,3,2) : 2
(1,4,6,0,5,3,2) : 1
(1,4,6,2,0,3,5) : 1
(1,4,6,2,0,5,3) : 2
(1,4,6,2,3,0,5) : 2
(1,4,6,2,5,3,0) : 1
(1,4,6,3,2,0,5) : 2
(1,4,6,3,2,5,0) : 2
(1,4,6,3,5,0,2) : 1
(1,4,6,3,5,2,0) : 1
(1,4,6,5,0,2) : 1
(1,4,6,5,0,2,3) : 3
(1,4,6,5,0,3) : 1
(1,4,6,5,0,3,2) : 4
(1,4,6,5,2,3,0) : 1
(1,4,6,5,3,0,2) : 1
(1,4,6,5,3,2,0) : 2
(1,5) : 34
(1,5,0) : 2
(1,5,0,2,3,4,6) : 2
(1,5,0,2,3,6,4) : 2
(1,5,0,2,4,6,3) : 1
(1,5,0,3,2,4,6) : 1
(1,5,0,3,4,6,2) : 1
(1,5,0,3,6,2,4) : 1
(1,5,0,4,2,3,6) : 1
(1,5,0,4,3,2) : 1
(1,5,0,4,6,2,3) : 2
(1,5,0,4,6,3,2) : 2
(1,5,0,6,4,2,3) : 2
(1,5,0,6,4,3,2) : 1
(1,5,2) : 1
(1,5,2,0,4,3,6) : 2
(1,5,2,0,6,4,3) : 3
(1,5,2,3,0,4,6) : 1
(1,5,2,3,0,6,4) : 2
(1,5,2,3,4,0,6) : 4
(1,5,2,3,4,6,0) : 6
(1,5,2,4,3) : 1
(1,5,2,4,3,0) : 1
(1,5,2,4,3,0,6) : 2
(1,5,2,4,3,6,0) : 4
(1,5,2,4,6,3,0) : 4
(1,5,2,6,0,3,4) : 2
(1,5,2,6,4) : 1
(1,5,2,6,4,0,3) : 1
(1,5,2,6,4,3,0) : 2
(1,5,3) : 1
(1,5,3,0) : 1
(1,5,3,0,2,4,6) : 2
(1,5,3,0,2,6,4) : 2
(1,5,3,0,4,2,6) : 1
(1,5,3,0,4,6,2) : 1
(1,5,3,0,6,4,2) : 2
(1,5,3,2,0,4,6) : 5
(1,5,3,2,0,6,4) : 3
(1,5,3,2,4,0,6) : 2
(1,5,3,2,4,6,0) : 6
(1,5,3,2,6,0,4) : 5
(1,5,3,2,6,4,0) : 6
(1,5,3,4,0,2,6) : 1
(1,5,3,4,2,6,0) : 1
(1,5,3,6,0,4,2) : 1
(1,5,3,6,4,0,2) : 1
(1,5,3,6,4,2,0) : 1
(1,5,4) : 1
(1,5,4,0,2,3,6) : 1
(1,5,4,0,6,2,3) : 1
(1,5,4,2,3,0,6) : 2
(1,5,4,2,6,0,3) : 1
(1,5,4,2,6,3,0) : 1
(1,5,4,3) : 1
(1,5,4,3,2,0,6) : 4
(1,5,4,3,2,6,0) : 1
(1,5,4,3,6,0,2) : 2
(1,5,4,3,6,2,0) : 1
(1,5,4,6,0) : 1
(1,5,4,6,0,3,2) : 1
(1,5,4,6,2,0,3) : 3
(1,5,4,6,2,3,0) : 1
(1,5,4,6,3,2,0) : 4
(1,5,6) : 8
(1,5,6,0) : 1
(1,5,6,0,2,3) : 1
(1,5,6,0,2,3,4) : 5
(1,5,6,0,3,2) : 1
(1,5,6,0,3,2,4) : 7
(1,5,6,0,3,4,2) : 1
(1,5,6,0,4,3,2) : 2
(1,5,6,2) : 1
(1,5,6,2,0,3,4) : 1
(1,5,6,2,3,0,4) : 3
(1,5,6,2,3,4,0) : 3
(1,5,6,3) : 1
(1,5,6,3,0,2,4) : 4
(1,5,6,3,0,4,2) : 3
(1,5,6,3,2,0,4) : 2
(1,5,6,3,2,4,0) : 3
(1,5,6,3,4,2,0) : 1
(1,5,6,4,0,2,3) : 3
(1,5,6,4,0,3,2) : 6
(1,5,6,4,2,0,3) : 4
(1,5,6,4,2,3) : 1
(1,5,6,4,2,3,0) : 1
(1,5,6,4,3,0,2) : 2
(1,5,6,4,3,2,0) : 6
(1,6) : 55
(1,6,0) : 6
(1,6,0,2,3,4,5) : 5
(1,6,0,2,3,5,4) : 4
(1,6,0,2,4,5,3) : 1
(1,6,0,2,5,3,4) : 2
(1,6,0,2,5,4,3) : 1
(1,6,0,3) : 3
(1,6,0,3,2) : 1
(1,6,0,3,2,4) : 1
(1,6,0,3,2,4,5) : 7
(1,6,0,3,2,5,4) : 8
(1,6,0,3,5,2,4) : 5
(1,6,0,3,5,4,2) : 8
(1,6,0,4,3,2,5) : 1
(1,6,0,4,5,2,3) : 1
(1,6,0,4,5,3,2) : 2
(1,6,0,5) : 1
(1,6,0,5,2,3,4) : 2
(1,6,0,5,2,4,3) : 1
(1,6,0,5,3,2,4) : 2
(1,6,0,5,3,4,2) : 3
(1,6,0,5,4,2,3) : 5
(1,6,0,5,4,3,2) : 5
(1,6,2) : 3
(1,6,2,0) : 1
(1,6,2,0,3,4) : 1
(1,6,2,0,3,4,5) : 2
(1,6,2,0,3,5,4) : 1
(1,6,2,0,4,5,3) : 3
(1,6,2,0,5,3,4) : 3
(1,6,2,0,5,4,3) : 2
(1,6,2,3,0,5,4) : 1
(1,6,2,3,4,5,0) : 1
(1,6,2,4,3,0,5) : 1
(1,6,2,4,3,5,0) : 1
(1,6,2,4,5,0,3) : 1
(1,6,2,4,5,3,0) : 1
(1,6,2,5) : 1
(1,6,2,5,0,3,4) : 1
(1,6,2,5,0,4,3) : 2
(1,6,2,5,3,0,4) : 1
(1,6,2,5,3,4,0) : 1
(1,6,2,5,4,0,3) : 1
(1,6,2,5,4,3,0) : 1
(1,6,3) : 5
(1,6,3,0) : 1
(1,6,3,0,2,4,5) : 3
(1,6,3,0,2,5,4) : 1
(1,6,3,0,4,5,2) : 2
(1,6,3,0,5) : 1
(1,6,3,0,5,2,4) : 6
(1,6,3,0,5,4,2) : 7
(1,6,3,2,0,4,5) : 3
(1,6,3,4,5,0) : 1
(1,6,3,4,5,2,0) : 1
(1,6,3,5,0,2) : 1
(1,6,3,5,0,2,4) : 1
(1,6,3,5,0,4,2) : 2
(1,6,3,5,2,0,4) : 2
(1,6,3,5,2,4,0) : 1
(1,6,3,5,4,0,2) : 4
(1,6,3,5,4,2,0) : 1
(1,6,4) : 1
(1,6,4,0,5,3,2) : 1
(1,6,4,2,3,0,5) : 1
(1,6,4,3,0,2,5) : 1
(1,6,4,3,0,5,2) : 1
(1,6,4,5,0,3,2) : 3
(1,6,4,5,2,0,3) : 1
(1,6,4,5,2,3,0) : 1
(1,6,4,5,3,2,0) : 2
(1,6,5) : 7
(1,6,5,0) : 3
(1,6,5,0,2,3,4) : 7
(1,6,5,0,2,4,3) : 1
(1,6,5,0,3,2,4) : 7
(1,6,5,0,3,4,2) : 5
(1,6,5,0,4,2,3) : 1
(1,6,5,0,4,3,2) : 4
(1,6,5,2) : 1
(1,6,5,2,0,3,4) : 3
(1,6,5,2,0,4,3) : 2
(1,6,5,2,3,0,4) : 3
(1,6,5,2,3,4,0) : 3
(1,6,5,2,4,0,3) : 1
(1,6,5,2,4,3,0) : 3
(1,6,5,3,0,2,4) : 3
(1,6,5,3,0,4,2) : 1
(1,6,5,3,2,0,4) : 6
(1,6,5,3,2,4) : 1
(1,6,5,3,2,4,0) : 1
(1,6,5,3,4,0,2) : 3
(1,6,5,3,4,2,0) : 1
(1,6,5,4) : 1
(1,6,5,4,0,2,3) : 5
(1,6,5,4,0,3,2) : 3
(1,6,5,4,2,0,3) : 2
(1,6,5,4,2,3,0) : 3
(1,6,5,4,3,0) : 1
(1,6,5,4,3,0,2) : 9
(1,6,5,4,3,2) : 1
(1,6,5,4,3,2,0) : 7
(2) : 5139
(2,0) : 17
(2,0,1) : 4
(2,0,1,3) : 2
(2,0,1,3,4) : 1
(2,0,1,3,4,5,6) : 14
(2,0,1,3,5,6,4) : 3
(2,0,1,3,6,5,4) : 3
(2,0,1,4,3,5,6) : 1
(2,0,1,4,3,6,5) : 2
(2,0,1,4,5,6,3) : 2
(2,0,1,4,6,5,3) : 1
(2,0,1,5) : 1
(2,0,1,5,3,6,4) : 1
(2,0,1,5,6,3,4) : 3
(2,0,1,5,6,4,3) : 7
(2,0,1,6,3,5,4) : 1
(2,0,1,6,5,3,4) : 2
(2,0,1,6,5,4,3) : 5
(2,0,3) : 1
(2,0,3,1) : 1
(2,0,3,1,4,5,6) : 2
(2,0,3,1,6,4,5) : 1
(2,0,3,4,1,5,6) : 1
(2,0,3,4,5,6,1) : 2
(2,0,3,4,6,5,1) : 1
(2,0,3,6,1) : 1
(2,0,3,6,5,1,4) : 1
(2,0,4) : 2
(2,0,4,1,5,6) : 1
(2,0,4,5,6) : 1
(2,0,4,5,6,1,3) : 1
(2,0,4,5,6,3,1) : 3
(2,0,5,1,6,4,3) : 1
(2,0,5,4,3,6,1) : 2
(2,0,5,4,6,1,3) : 1
(2,0,5,6,1,4,3) : 1
(2,0,5,6,3,1,4) : 1
(2,0,6) : 2
(2,0,6,1,3,5,4) : 2
(2,0,6,1,5,4,3) : 1
(2,0,6,4,5,1,3) : 1
(2,0,6,5,1,4,3) : 2
(2,0,6,5,3,1,4) : 1
(2,0,6,5,4,1,3) : 1
(2,0,6,5,4,3,1) : 1
(2,1) : 751
(2,1,0) : 23
(2,1,0,3) : 9
(2,1,0,3,4) : 1
(2,1,0,3,4,5,6) : 54
(2,1,0,3,4,6,5) : 10
(2,1,0,3,5,4,6) : 8
(2,1,0,3,5,6,4) : 9
(2,1,0,3,6) : 1
(2,1,0,3,6,4,5) : 5
(2,1,0,3,6,5,4) : 11
(2,1,0,4,3,5,6) : 11
(2,1,0,4,3,6,5) : 1
(2,1,0,4,5,3,6) : 4
(2,1,0,4,5,6,3) : 15
(2,1,0,4,6,5,3) : 1
(2,1,0,5,3,6,4) : 1
(2,1,0,5,4,6,3) : 2
(2,1,0,5,6,3,4) : 4
(2,1,0,5,6,4,3) : 15
(2,1,0,6,3,4,5) : 1
(2,1,0,6,3,5,4) : 2
(2,1,0,6,4,5,3) : 6
(2,1,0,6,5,3,4) : 4
(2,1,0,6,5,4,3) : 15
(2,1,3) : 28
(2,1,3,0) : 6
(2,1,3,0,4,5,6) : 22
(2,1,3,0,4,6,5) : 7
(2,1,3,0,5,4,6) : 8
(2,1,3,0,5,6,4) : 9
(2,1,3,0,6,4,5) : 1
(2,1,3,0,6,5,4) : 15
(2,1,3,4,0,5,6) : 8
(2,1,3,4,0,6,5) : 5
(2,1,3,4,5,0,6) : 5
(2,1,3,4,5,6) : 1
(2,1,3,4,5,6,0) : 21
(2,1,3,4,6,5,0) : 3
(2,1,3,5,0,4,6) : 1
(2,1,3,5,0,6,4) : 4
(2,1,3,5,4,0,6) : 1
(2,1,3,5,4,6) : 1
(2,1,3,5,4,6,0) : 6
(2,1,3,5,6,0,4) : 5
(2,1,3,5,6,4,0) : 8
(2,1,3,6,0,4,5) : 5
(2,1,3,6,0,5,4) : 1
(2,1,3,6,4,0) : 1
(2,1,3,6,4,0,5) : 1
(2,1,3,6,4,5,0) : 2
(2,1,3,6,5,0,4) : 2
(2,1,3,6,5,4,0) : 8
(2,1,4) : 366
(2,1,4,0) : 1
(2,1,4,0,3,5,6) : 15
(2,1,4,0,3,6,5) : 3
(2,1,4,0,5,3) : 1
(2,1,4,0,5,3,6) : 2
(2,1,4,0,5,6,3) : 5
(2,1,4,0,6,5,3) : 4
(2,1,4,3) : 2
(2,1,4,3,0,5,6) : 26
(2,1,4,3,0,6,5) : 4
(2,1,4,3,5,0,6) : 3
(2,1,4,3,5,6,0) : 15
(2,1,4,3,6,0,5) : 4
(2,1,4,3,6,5,0) : 12
(2,1,4,5,0,3,6) : 5
(2,1,4,5,0,6,3) : 7
(2,1,4,5,3,0) : 1
(2,1,4,5,3,0,6) : 4
(2,1,4,5,3,6,0) : 11
(2,1,4,5,6) : 2
(2,1,4,5,6,0,3) : 56
(2,1,4,5,6,3) : 2
(2,1,4,5,6,3,0) : 59
(2,1,4,6) : 1
(2,1,4,6,0,3) : 1
(2,1,4,6,0,3,5) : 3
(2,1,4,6,0,5) : 1
(2,1,4,6,0,5,3) : 2
(2,1,4,6,3,0) : 1
(2,1,4,6,3,0,5) : 2
(2,1,4,6,3,5,0) : 3
(2,1,4,6,5,0) : 4
(2,1,4,6,5,0,3) : 28
(2,1,4,6,5,3,0) : 38
(2,1,5) : 17
(2,1,5,0,3,4,6) : 2
(2,1,5,0,3,6,4) : 1
(2,1,5,0,4,3,6) : 1
(2,1,5,0,4,6,3) : 1
(2,1,5,0,6,3,4) : 1
(2,1,5,0,6,4,3) : 4
(2,1,5,3,0,6,4) : 1
(2,1,5,3,4,0,6) : 1
(2,1,5,3,4,6,0) : 6
(2,1,5,3,6,4,0) : 2
(2,1,5,4) : 1
(2,1,5,4,0,3,6) : 4
(2,1,5,4,0,6,3) : 5
(2,1,5,4,3,0,6) : 2
(2,1,5,4,3,6,0) : 6
(2,1,5,4,6) : 1
(2,1,5,4,6,0,3) : 11
(2,1,5,4,6,3,0) : 14
(2,1,5,6) : 2
(2,1,5,6,0,3,4) : 10
(2,1,5,6,0,4,3) : 15
(2,1,5,6,3,0) : 2
(2,1,5,6,3,0,4) : 7
(2,1,5,6,3,4) : 1
(2,1,5,6,3,4,0) : 10
(2,1,5,6,4) : 1
(2,1,5,6,4,0,3) : 28
(2,1,5,6,4,3,0) : 40
(2,1,6) : 8
(2,1,6,0,3,4,5) : 1
(2,1,6,0,4,3,5) : 1
(2,1,6,0,5,3,4) : 1
(2,1,6,0,5,4,3) : 3
(2,1,6,3,0,4,5) : 2
(2,1,6,3,0,5,4) : 1
(2,1,6,3,4,0,5) : 1
(2,1,6,3,5,0) : 1
(2,1,6,3,5,4,0) : 2
(2,1,6,4,0,3,5) : 2
(2,1,6,4,3,0,5) : 1
(2,1,6,4,3,5,0) : 2
(2,1,6,4,5,0,3) : 8
(2,1,6,4,5,3,0) : 7
(2,1,6,5,0) : 1
(2,1,6,5,0,3,4) : 4
(2,1,6,5,0,4,3) : 10
(2,1,6,5,3,0,4) : 4
(2,1,6,5,3,4,0) : 7
(2,1,6,5,4,0,3) : 28
(2,1,6,5,4,3,0) : 22
(2,3) : 34
(2,3,0) : 1
(2,3,0,1,4,5,6) : 1
(2,3,0,1,4,6,5) : 1
(2,3,0,1,5,4,6) : 1
(2,3,0,1,6,5,4) : 5
(2,3,0,4,5,6,1) : 1
(2,3,0,6,5,4,1) : 1
(2,3,1) : 2
(2,3,1,0) : 2
(2,3,1,0,4,5,6) : 23
(2,3,1,0,4,6,5) : 5
(2,3,1,0,5,4,6) : 1
(2,3,1,0,5,6,4) : 7
(2,3,1,0,6,4,5) : 3
(2,3,1,0,6,5,4) : 4
(2,3,1,4) : 1
(2,3,1,4,0,5,6) : 1
(2,3,1,4,5,6,0) : 3
(2,3,1,4,6,5,0) : 1
(2,3,1,5,0,4,6) : 2
(2,3,1,5,0,6,4) : 2
(2,3,1,5,4,0,6) : 1
(2,3,1,5,4,6,0) : 2
(2,3,1,5,6,0,4) : 5
(2,3,1,5,6,4,0) : 5
(2,3,1,6,5,0,4) : 3
(2,3,1,6,5,4,0) : 2
(2,3,4,0,1,5,6) : 1
(2,3,4,1,0,5,6) : 2
(2,3,4,1,5,6,0) : 1
(2,3,4,5,0,1,6) : 1
(2,3,4,5,6,0,1) : 5
(2,3,4,5,6,1,0) : 3
(2,3,4,6,1,0,5) : 1
(2,3,4,6,5,0,1) : 1
(2,3,4,6,5,1,0) : 2
(2,3,5,1,0,6,4) : 1
(2,3,5,6,0,1,4) : 1
(2,3,5,6,1,0,4) : 1
(2,3,5,6,1,4,0) : 1
(2,3,5,6,4,0,1) : 1
(2,3,5,6,4,1,0) : 1
(2,3,6) : 1
(2,3,6,0,5,1,4) : 1
(2,3,6,1,0,4,5) : 1
(2,3,6,1,0,5,4) : 1
(2,3,6,4,0,1,5) : 1
(2,3,6,4,5,1,0) : 1
(2,3,6,5,4,0) : 1
(2,3,6,5,4,1,0) : 2
(2,4) : 49
(2,4,0,1,3,5,6) : 1
(2,4,0,1,5,6,3) : 1
(2,4,0,5,1,6,3) : 1
(2,4,0,6,1,5,3) : 1
(2,4,1) : 27
(2,4,1,0,3) : 1
(2,4,1,0,3,5,6) : 3
(2,4,1,0,5,6) : 1
(2,4,1,0,5,6,3) : 3
(2,4,1,0,6,3,5) : 1
(2,4,1,0,6,5,3) : 1
(2,4,1,3) : 1
(2,4,1,3,0,5,6) : 6
(2,4,1,3,0,6,5) : 5
(2,4,1,3,5,0,6) : 3
(2,4,1,3,5,6,0) : 8
(2,4,1,3,6,5,0) : 2
(2,4,1,5,0,3,6) : 1
(2,4,1,5,0,6,3) : 1
(2,4,1,5,3,0,6) : 1
(2,4,1,5,3,6,0) : 5
(2,4,1,5,6,0) : 1
(2,4,1,5,6,0,3) : 7
(2,4,1,5,6,3,0) : 13
(2,4,1,6,0,5,3) : 1
(2,4,1,6,3,0,5) : 1
(2,4,1,6,3,5,0) : 2
(2,4,1,6,5,0,3) : 4
(2,4,1,6,5,3,0) : 9
(2,4,3) : 3
(2,4,3,0,5,1,6) : 1
(2,4,3,1,0,6,5) : 2
(2,4,3,1,5,0,6) : 1
(2,4,3,1,5,6,0) : 1
(2,4,3,1,6,5,0) : 2
(2,4,5,0,1,6,3) : 1
(2,4,5,1,0,6,3) : 1
(2,4,5,1,3,6,0) : 1
(2,4,5,1,6,0,3) : 1
(2,4,5,1,6,3,0) : 3
(2,4,5,3,6,0,1) : 1
(2,4,5,6,0,1) : 1
(2,4,5,6,0,1,3) : 6
(2,4,5,6,1,0) : 1
(2,4,5,6,1,0,3) : 4
(2,4,5,6,1,3,0) : 9
(2,4,5,6,3,0,1) : 1
(2,4,5,6,3,1,0) : 4
(2,4,6) : 1
(2,4,6,1,0,3,5) : 1
(2,4,6,1,3,0) : 1
(2,4,6,1,5,0,3) : 1
(2,4,6,3,1,5,0) : 1
(2,4,6,5,0,1,3) : 2
(2,4,6,5,1,0,3) : 3
(2,4,6,5,3,0,1) : 1
(2,4,6,5,3,1,0) : 2
(2,5) : 12
(2,5,0,1,3,4,6) : 1
(2,5,0,1,4,6,3) : 1
(2,5,0,6,1,4,3) : 1
(2,5,0,6,4,1,3) : 1
(2,5,1) : 1
(2,5,1,0) : 1
(2,5,1,0,3,4,6) : 1
(2,5,1,0,4,6,3) : 1
(2,5,1,0,6,4,3) : 3
(2,5,1,3) : 1
(2,5,1,3,0,4,6) : 1
(2,5,1,3,4,6,0) : 1
(2,5,1,3,6,0,4) : 1
(2,5,1,4,3,0,6) : 1
(2,5,1,4,6,0,3) : 2
(2,5,1,4,6,3,0) : 4
(2,5,1,6,4,0,3) : 1
(2,5,1,6,4,3,0) : 7
(2,5,3,1,4,6,0) : 1
(2,5,3,1,6,0,4) : 1
(2,5,4,1,0,3,6) : 1
(2,5,4,1,3,0,6) : 3
(2,5,4,1,6,0,3) : 1
(2,5,4,1,6,3,0) : 1
(2,5,4,3,1,6,0) : 2
(2,5,4,3,6,1,0) : 1
(2,5,4,6,0,1,3) : 1
(2,5,4,6,1,0,3) : 1
(2,5,4,6,1,3,0) : 2
(2,5,4,6,3,1,0) : 2
(2,5,6,0) : 1
(2,5,6,0,1,3,4) : 1
(2,5,6,0,1,4,3) : 4
(2,5,6,0,3,1,4) : 1
(2,5,6,1,0,3,4) : 3
(2,5,6,1,0,4) : 1
(2,5,6,1,0,4,3) : 5
(2,5,6,1,3,0,4) : 1
(2,5,6,1,3,4,0) : 1
(2,5,6,1,4,0,3) : 3
(2,5,6,1,4,3,0) : 4
(2,5,6,3) : 1
(2,5,6,3,1,0,4) : 1
(2,5,6,3,4,1,0) : 1
(2,5,6,4,0,1,3) : 2
(2,5,6,4,0,3,1) : 1
(2,5,6,4,1,0,3) : 5
(2,5,6,4,1,3,0) : 2
(2,5,6,4,3,0,1) : 4
(2,5,6,4,3,1,0) : 2
(2,6) : 32
(2,6,0) : 2
(2,6,0,1,3,4,5) : 1
(2,6,0,1,4,3,5) : 1
(2,6,0,1,5,3,4) : 2
(2,6,0,1,5,4,3) : 1
(2,6,0,3,4,1,5) : 1
(2,6,0,4,1,5,3) : 1
(2,6,0,4,5,3,1) : 1
(2,6,0,5,1,4,3) : 1
(2,6,1) : 1
(2,6,1,0,4,5,3) : 2
(2,6,1,0,5,4,3) : 1
(2,6,1,3,4,0,5) : 1
(2,6,1,3,4,5,0) : 2
(2,6,1,3,5,4,0) : 1
(2,6,1,4,0,3,5) : 1
(2,6,1,4,3,0,5) : 1
(2,6,1,4,3,5,0) : 1
(2,6,1,4,5,0,3) : 2
(2,6,1,5,0,3,4) : 2
(2,6,1,5,0,4,3) : 3
(2,6,1,5,3,0,4) : 1
(2,6,1,5,4,0,3) : 5
(2,6,1,5,4,3,0) : 4
(2,6,3) : 1
(2,6,3,0,1,5,4) : 1
(2,6,3,1,0,4,5) : 2
(2,6,3,1,0,5,4) : 1
(2,6,3,4,5,1,0) : 1
(2,6,4,0,1,3,5) : 1
(2,6,4,0,5,1,3) : 1
(2,6,4,1,3,0,5) : 2
(2,6,4,1,5,3,0) : 1
(2,6,4,5,1,0,3) : 3
(2,6,4,5,3) : 1
(2,6,5) : 2
(2,6,5,0,1,3,4) : 5
(2,6,5,0,1,4,3) : 1
(2,6,5,0,3,1,4) : 2
(2,6,5,1) : 1
(2,6,5,1,0) : 2
(2,6,5,1,0,3,4) : 1
(2,6,5,1,0,4,3) : 3
(2,6,5,1,3,4,0) : 1
(2,6,5,1,4,0,3) : 3
(2,6,5,1,4,3,0) : 2
(2,6,5,3,1,0,4) : 1
(2,6,5,3,4,0,1) : 1
(2,6,5,3,4,1,0) : 3
(2,6,5,4,0,1,3) : 2
(2,6,5,4,0,3,1) : 2
(2,6,5,4,1,0,3) : 3
(2,6,5,4,1,3,0) : 3
(2,6,5,4,3,0,1) : 3
(2,6,5,4,3,1,0) : 4
(3) : 7870
(3,0) : 152
(3,0,1) : 37
(3,0,1,2) : 4
(3,0,1,2,4,5,6) : 60
(3,0,1,2,4,6,5) : 6
(3,0,1,2,5,4,6) : 8
(3,0,1,2,5,6,4) : 18
(3,0,1,2,6,4,5) : 4
(3,0,1,2,6,5) : 2
(3,0,1,2,6,5,4) : 18
(3,0,1,4) : 1
(3,0,1,4,2,5,6) : 10
(3,0,1,4,2,6,5) : 1
(3,0,1,4,5,6,2) : 60
(3,0,1,4,6,2,5) : 2
(3,0,1,4,6,5,2) : 15
(3,0,1,5) : 4
(3,0,1,5,2,4,6) : 3
(3,0,1,5,2,6,4) : 2
(3,0,1,5,4,2,6) : 5
(3,0,1,5,4,6,2) : 11
(3,0,1,5,6,2) : 3
(3,0,1,5,6,2,4) : 21
(3,0,1,5,6,4,2) : 56
(3,0,1,6) : 5
(3,0,1,6,2,4,5) : 9
(3,0,1,6,2,5,4) : 15
(3,0,1,6,4) : 1
(3,0,1,6,4,2) : 1
(3,0,1,6,4,2,5) : 3
(3,0,1,6,4,5) : 1
(3,0,1,6,4,5,2) : 14
(3,0,1,6,5) : 2
(3,0,1,6,5,2) : 1
(3,0,1,6,5,2,4) : 43
(3,0,1,6,5,4) : 3
(3,0,1,6,5,4,2) : 80
(3,0,2) : 2
(3,0,2,1) : 4
(3,0,2,1,4) : 1
(3,0,2,1,4,5,6) : 7
(3,0,2,1,4,6,5) : 1
(3,0,2,1,5,4,6) : 1
(3,0,2,1,5,6,4) : 4
(3,0,2,1,6,5,4) : 3
(3,0,2,4,1,5,6) : 1
(3,0,2,4,5,6,1) : 2
(3,0,2,4,6,1,5) : 1
(3,0,2,4,6,5,1) : 1
(3,0,2,5,1,4,6) : 3
(3,0,2,5,6,1,4) : 2
(3,0,2,5,6,4,1) : 1
(3,0,2,6,1,5,4) : 2
(3,0,2,6,5,1,4) : 2
(3,0,2,6,5,4,1) : 2
(3,0,4,1,2,5,6) : 3
(3,0,4,1,2,6,5) : 1
(3,0,4,1,5,2,6) : 2
(3,0,4,1,5,6) : 1
(3,0,4,1,5,6,2) : 1
(3,0,4,1,6,5,2) : 3
(3,0,4,2,1,5,6) : 2
(3,0,4,2,1,6,5) : 1
(3,0,4,5,1,6,2) : 1
(3,0,4,5,6,1,2) : 9
(3,0,4,5,6,2,1) : 3
(3,0,4,6) : 2
(3,0,4,6,1,5,2) : 4
(3,0,4,6,5,1,2) : 1
(3,0,4,6,5,2,1) : 3
(3,0,5) : 5
(3,0,5,1,2,4,6) : 2
(3,0,5,1,4,2,6) : 2
(3,0,5,1,4,6,2) : 1
(3,0,5,1,6,4,2) : 8
(3,0,5,4,1,2,6) : 2
(3,0,5,4,1,6,2) : 1
(3,0,5,4,2,6,1) : 1
(3,0,5,4,6,1,2) : 5
(3,0,5,6) : 1
(3,0,5,6,1) : 1
(3,0,5,6,1,2) : 3
(3,0,5,6,1,2,4) : 6
(3,0,5,6,1,4,2) : 11
(3,0,5,6,2,1) : 1
(3,0,5,6,2,1,4) : 3
(3,0,5,6,4,1,2) : 14
(3,0,5,6,4,2,1) : 6
(3,0,6) : 19
(3,0,6,1) : 4
(3,0,6,1,2,4,5) : 23
(3,0,6,1,2,5,4) : 3
(3,0,6,1,4,2) : 1
(3,0,6,1,4,2,5) : 3
(3,0,6,1,4,5,2) : 7
(3,0,6,1,5,2,4) : 21
(3,0,6,1,5,4,2) : 30
(3,0,6,2,1,5,4) : 1
(3,0,6,2,5,1,4) : 1
(3,0,6,2,5,4,1) : 1
(3,0,6,4,1,5,2) : 3
(3,0,6,4,5,1,2) : 9
(3,0,6,4,5,2,1) : 1
(3,0,6,5) : 3
(3,0,6,5,1) : 1
(3,0,6,5,1,2,4) : 21
(3,0,6,5,1,4,2) : 27
(3,0,6,5,2,1,4) : 4
(3,0,6,5,2,4,1) : 4
(3,0,6,5,4,1,2) : 12
(3,0,6,5,4,2) : 1
(3,0,6,5,4,2,1) : 8
(3,1) : 330
(3,1,0) : 64
(3,1,0,2) : 3
(3,1,0,2,4) : 1
(3,1,0,2,4,5,6) : 116
(3,1,0,2,4,6,5) : 13
(3,1,0,2,5,4,6) : 12
(3,1,0,2,5,6,4) : 32
(3,1,0,2,6) : 1
(3,1,0,2,6,4,5) : 7
(3,1,0,2,6,5,4) : 35
(3,1,0,4,2,5,6) : 23
(3,1,0,4,2,6,5) : 7
(3,1,0,4,5,2) : 1
(3,1,0,4,5,2,6) : 3
(3,1,0,4,5,6) : 8
(3,1,0,4,5,6,2) : 79
(3,1,0,4,6,2,5) : 2
(3,1,0,4,6,5,2) : 18
(3,1,0,5) : 2
(3,1,0,5,2,4,6) : 5
(3,1,0,5,2,6) : 1
(3,1,0,5,2,6,4) : 6
(3,1,0,5,4,2,6) : 4
(3,1,0,5,4,6) : 1
(3,1,0,5,4,6,2) : 24
(3,1,0,5,6) : 4
(3,1,0,5,6,2) : 4
(3,1,0,5,6,2,4) : 27
(3,1,0,5,6,4) : 3
(3,1,0,5,6,4,2) : 117
(3,1,0,6) : 5
(3,1,0,6,2,4,5) : 22
(3,1,0,6,2,5,4) : 17
(3,1,0,6,4) : 1
(3,1,0,6,4,2,5) : 6
(3,1,0,6,4,5,2) : 28
(3,1,0,6,5) : 1
(3,1,0,6,5,2) : 1
(3,1,0,6,5,2,4) : 46
(3,1,0,6,5,4) : 5
(3,1,0,6,5,4,2) : 123
(3,1,2) : 12
(3,1,2,0) : 1
(3,1,2,0,4,5,6) : 37
(3,1,2,0,4,6,5) : 7
(3,1,2,0,5,4) : 1
(3,1,2,0,5,4,6) : 8
(3,1,2,0,5,6,4) : 6
(3,1,2,0,6,4,5) : 1
(3,1,2,0,6,5,4) : 14
(3,1,2,4) : 2
(3,1,2,4,0,5,6) : 6
(3,1,2,4,0,6,5) : 1
(3,1,2,4,5,0,6) : 2
(3,1,2,4,5,6,0) : 13
(3,1,2,4,6,0,5) : 1
(3,1,2,4,6,5,0) : 3
(3,1,2,5,0,4,6) : 1
(3,1,2,5,0,6,4) : 6
(3,1,2,5,4,0,6) : 1
(3,1,2,5,4,6,0) : 4
(3,1,2,5,6,0,4) : 10
(3,1,2,5,6,4,0) : 4
(3,1,2,6,0,4,5) : 1
(3,1,2,6,0,5,4) : 2
(3,1,2,6,4,5,0) : 2
(3,1,2,6,5,0,4) : 2
(3,1,2,6,5,4,0) : 3
(3,1,4) : 8
(3,1,4,0) : 1
(3,1,4,0,2,5,6) : 5
(3,1,4,0,2,6,5) : 5
(3,1,4,0,5,6) : 2
(3,1,4,0,5,6,2) : 9
(3,1,4,0,6,5,2) : 5
(3,1,4,2,0,5,6) : 4
(3,1,4,2,0,6,5) : 1
(3,1,4,5,0,2) : 1
(3,1,4,5,0,2,6) : 3
(3,1,4,5,0,6) : 1
(3,1,4,5,0,6,2) : 3
(3,1,4,5,2,0,6) : 1
(3,1,4,5,2,6,0) : 1
(3,1,4,5,6,0) : 1
(3,1,4,5,6,0,2) : 21
(3,1,4,5,6,2) : 2
(3,1,4,5,6,2,0) : 14
(3,1,4,6,0,2,5) : 2
(3,1,4,6,0,5,2) : 4
(3,1,4,6,2,0,5) : 1
(3,1,4,6,5,0) : 2
(3,1,4,6,5,0,2) : 4
(3,1,4,6,5,2,0) : 2
(3,1,5) : 11
(3,1,5,0,2,4,6) : 10
(3,1,5,0,2,6) : 2
(3,1,5,0,2,6,4) : 2
(3,1,5,0,4,2) : 2
(3,1,5,0,4,6,2) : 6
(3,1,5,0,6,2,4) : 3
(3,1,5,0,6,4,2) : 14
(3,1,5,2) : 1
(3,1,5,2,0,4,6) : 3
(3,1,5,2,0,6,4) : 3
(3,1,5,2,4,0,6) : 1
(3,1,5,2,4,6,0) : 1
(3,1,5,2,6,0,4) : 1
(3,1,5,2,6,4,0) : 1
(3,1,5,4) : 1
(3,1,5,4,0,2,6) : 2
(3,1,5,4,0,6,2) : 6
(3,1,5,4,2,0,6) : 1
(3,1,5,4,6,0,2) : 5
(3,1,5,4,6,2,0) : 3
(3,1,5,6) : 1
(3,1,5,6,0,2) : 5
(3,1,5,6,0,2,4) : 22
(3,1,5,6,0,4,2) : 22
(3,1,5,6,2,0) : 3
(3,1,5,6,2,0,4) : 8
(3,1,5,6,2,4) : 1
(3,1,5,6,2,4,0) : 4
(3,1,5,6,4) : 1
(3,1,5,6,4,0,2) : 23
(3,1,5,6,4,2) : 3
(3,1,5,6,4,2,0) : 23
(3,1,6) : 17
(3,1,6,0) : 5
(3,1,6,0,2,4,5) : 25
(3,1,6,0,2,5,4) : 8
(3,1,6,0,4,2) : 1
(3,1,6,0,4,2,5) : 3
(3,1,6,0,4,5,2) : 6
(3,1,6,0,5,2) : 1
(3,1,6,0,5,2,4) : 13
(3,1,6,0,5,4,2) : 19
(3,1,6,2) : 2
(3,1,6,2,0,4,5) : 3
(3,1,6,2,0,5,4) : 4
(3,1,6,2,4,0,5) : 3
(3,1,6,2,5,0,4) : 1
(3,1,6,2,5,4,0) : 2
(3,1,6,4) : 1
(3,1,6,4,0,2,5) : 2
(3,1,6,4,0,5,2) : 7
(3,1,6,4,2,0,5) : 1
(3,1,6,4,2,5,0) : 1
(3,1,6,4,5,0,2) : 6
(3,1,6,4,5,2,0) : 3
(3,1,6,5,0,2) : 1
(3,1,6,5,0,2,4) : 13
(3,1,6,5,0,4) : 1
(3,1,6,5,0,4,2) : 20
(3,1,6,5,2,0) : 2
(3,1,6,5,2,0,4) : 5
(3,1,6,5,2,4,0) : 5
(3,1,6,5,4) : 3
(3,1,6,5,4,0) : 2
(3,1,6,5,4,0,2) : 33
(3,1,6,5,4,2) : 1
(3,1,6,5,4,2,0) : 22
(3,2) : 23
(3,2,0) : 3
(3,2,0,1,4,5,6) : 4
(3,2,0,1,4,6,5) : 3
(3,2,0,1,5,4,6) : 3
(3,2,0,1,5,6,4) : 3
(3,2,0,1,6) : 1
(3,2,0,1,6,4,5) : 1
(3,2,0,1,6,5,4) : 5
(3,2,0,4,6,5,1) : 2
(3,2,0,5,1,4,6) : 2
(3,2,0,5,4,1,6) : 1
(3,2,0,5,6,1,4) : 1
(3,2,0,6,1,5,4) : 2
(3,2,0,6,5,1) : 1
(3,2,0,6,5,1,4) : 1
(3,2,0,6,5,4,1) : 2
(3,2,1) : 11
(3,2,1,0) : 5
(3,2,1,0,4,5,6) : 29
(3,2,1,0,4,6,5) : 5
(3,2,1,0,5,4,6) : 3
(3,2,1,0,5,6,4) : 5
(3,2,1,0,6,4,5) : 3
(3,2,1,0,6,5,4) : 9
(3,2,1,4,0) : 1
(3,2,1,4,0,5,6) : 1
(3,2,1,4,0,6,5) : 3
(3,2,1,4,5,6,0) : 4
(3,2,1,4,6,5,0) : 1
(3,2,1,5,0,4,6) : 1
(3,2,1,5,0,6,4) : 1
(3,2,1,5,4,0,6) : 2
(3,2,1,5,4,6,0) : 1
(3,2,1,5,6,0,4) : 1
(3,2,1,5,6,4,0) : 8
(3,2,1,6,0,5) : 1
(3,2,1,6,0,5,4) : 1
(3,2,1,6,4,5,0) : 2
(3,2,1,6,5,0,4) : 2
(3,2,1,6,5,4,0) : 5
(3,2,4) : 1
(3,2,4,1,0,5,6) : 2
(3,2,4,1,0,6,5) : 1
(3,2,4,1,5,0,6) : 2
(3,2,4,5,1,0,6) : 2
(3,2,4,5,1,6,0) : 3
(3,2,4,5,6,0,1) : 2
(3,2,4,5,6,1,0) : 3
(3,2,4,6,5,0,1) : 1
(3,2,4,6,5,1,0) : 1
(3,2,5) : 1
(3,2,5,1) : 1
(3,2,5,4,1,6,0) : 2
(3,2,5,6,0,1,4) : 1
(3,2,5,6,1,4,0) : 1
(3,2,5,6,4,0,1) : 1
(3,2,5,6,4,1,0) : 2
(3,2,6) : 2
(3,2,6,0,1,4) : 1
(3,2,6,0,1,5,4) : 1
(3,2,6,0,5,1,4) : 2
(3,2,6,1) : 1
(3,2,6,1,4,5,0) : 1
(3,2,6,1,5,0,4) : 2
(3,2,6,1,5,4,0) : 1
(3,2,6,5,1,0,4) : 1
(3,2,6,5,4,1,0) : 5
(3,4) : 12
(3,4,0) : 1
(3,4,0,1,2,5,6) : 1
(3,4,0,1,2,6,5) : 2
(3,4,0,1,5,6,2) : 3
(3,4,0,1,6,5,2) : 3
(3,4,0,2,1,5,6) : 2
(3,4,0,2,5,6,1) : 1
(3,4,0,5,6,1,2) : 1
(3,4,0,5,6,2,1) : 2
(3,4,0,6,1,2,5) : 1
(3,4,0,6,5,1,2) : 2
(3,4,1) : 4
(3,4,1,0,2,5,6) : 4
(3,4,1,0,2,6,5) : 1
(3,4,1,0,5,6,2) : 9
(3,4,1,0,6,5,2) : 6
(3,4,1,2) : 1
(3,4,1,2,5,6,0) : 1
(3,4,1,2,6,5,0) : 1
(3,4,1,5,0,2,6) : 1
(3,4,1,5,0,6,2) : 1
(3,4,1,5,6,0,2) : 1
(3,4,1,5,6,2,0) : 3
(3,4,1,6,0,2) : 1
(3,4,1,6,0,5,2) : 1
(3,4,1,6,5,2,0) : 4
(3,4,2,0,5,1,6) : 1
(3,4,2,0,5,6,1) : 1
(3,4,2,1,0,5,6) : 3
(3,4,2,1,0,6,5) : 1
(3,4,2,1,5,6,0) : 1
(3,4,2,1,6,0,5) : 1
(3,4,5,0,1,2,6) : 2
(3,4,5,0,6,1,2) : 1
(3,4,5,0,6,2,1) : 1
(3,4,5,1,0,6,2) : 3
(3,4,5,1,6,0,2) : 1
(3,4,5,2,1,0,6) : 2
(3,4,5,2,1,6,0) : 3
(3,4,5,2,6,0,1) : 1
(3,4,5,2,6,1,0) : 1
(3,4,5,6,0,1,2) : 12
(3,4,5,6,0,2,1) : 3
(3,4,5,6,1,0,2) : 4
(3,4,5,6,1,2) : 1
(3,4,5,6,2) : 1
(3,4,5,6,2,0,1) : 3
(3,4,5,6,2,1,0) : 9
(3,4,6,0,1,2,5) : 1
(3,4,6,0,2,1,5) : 1
(3,4,6,1,0,2,5) : 1
(3,4,6,1,0,5,2) : 1
(3,4,6,1,2,5,0) : 1
(3,4,6,1,5,0,2) : 2
(3,4,6,1,5,2,0) : 2
(3,4,6,2,0,5,1) : 1
(3,4,6,2,1,5,0) : 1
(3,4,6,5,0,1,2) : 2
(3,4,6,5,0,2,1) : 2
(3,4,6,5,1,0,2) : 2
(3,4,6,5,1,2,0) : 1
(3,4,6,5,2,1,0) : 1
(3,5) : 28
(3,5,0,1,2) : 2
(3,5,0,1,2,4,6) : 2
(3,5,0,1,2,6,4) : 2
(3,5,0,1,4,2,6) : 1
(3,5,0,1,4,6,2) : 3
(3,5,0,1,6,2) : 1
(3,5,0,1,6,4,2) : 6
(3,5,0,2,1,4,6) : 1
(3,5,0,2,6,4,1) : 1
(3,5,0,4,6,1,2) : 1
(3,5,0,6,1,2) : 1
(3,5,0,6,1,2,4) : 4
(3,5,0,6,1,4,2) : 1
(3,5,0,6,2,1) : 1
(3,5,0,6,2,1,4) : 1
(3,5,0,6,4,1,2) : 3
(3,5,0,6,4,2,1) : 2
(3,5,1) : 3
(3,5,1,0) : 1
(3,5,1,0,2,4,6) : 4
(3,5,1,0,4,2,6) : 2
(3,5,1,0,4,6,2) : 6
(3,5,1,0,6,2,4) : 3
(3,5,1,0,6,4,2) : 5
(3,5,1,2) : 1
(3,5,1,2,0,4,6) : 1
(3,5,1,2,0,6,4) : 2
(3,5,1,2,4,6,0) : 2
(3,5,1,2,6,0,4) : 2
(3,5,1,2,6,4,0) : 4
(3,5,1,4,2,6,0) : 1
(3,5,1,4,6,0,2) : 3
(3,5,1,6,0,2,4) : 3
(3,5,1,6,0,4,2) : 5
(3,5,1,6,4,0,2) : 6
(3,5,1,6,4,2,0) : 3
(3,5,2,1,0,4,6) : 1
(3,5,2,1,0,6,4) : 1
(3,5,2,4,0,1,6) : 1
(3,5,2,6,0,1) : 1
(3,5,4) : 2
(3,5,4,0,1,2,6) : 1
(3,5,4,0,1,6,2) : 1
(3,5,4,0,2,6,1) : 1
(3,5,4,0,6,2,1) : 1
(3,5,4,1,6,0,2) : 2
(3,5,4,1,6,2,0) : 1
(3,5,4,2,0,1,6) : 1
(3,5,4,2,0,6,1) : 1
(3,5,4,2,1,0,6) : 1
(3,5,4,6,0,1,2) : 1
(3,5,4,6,0,2,1) : 1
(3,5,4,6,1,0,2) : 1
(3,5,4,6,2,1,0) : 1
(3,5,6) : 7
(3,5,6,0) : 2
(3,5,6,0,1) : 1
(3,5,6,0,1,2) : 3
(3,5,6,0,1,2,4) : 9
(3,5,6,0,1,4,2) : 13
(3,5,6,0,2,1,4) : 1
(3,5,6,0,2,4,1) : 1
(3,5,6,0,4,1,2) : 3
(3,5,6,0,4,2,1) : 2
(3,5,6,1) : 1
(3,5,6,1,0,2) : 4
(3,5,6,1,0,2,4) : 5
(3,5,6,1,0,4) : 1
(3,5,6,1,0,4,2) : 7
(3,5,6,1,4,0,2) : 5
(3,5,6,1,4,2,0) : 2
(3,5,6,2) : 1
(3,5,6,2,0,1) : 1
(3,5,6,2,1) : 1
(3,5,6,2,1,0,4) : 2
(3,5,6,2,1,4,0) : 2
(3,5,6,4,0,1,2) : 11
(3,5,6,4,1,0,2) : 12
(3,5,6,4,1,2,0) : 3
(3,5,6,4,2,0,1) : 2
(3,5,6,4,2,1,0) : 4
(3,6) : 67
(3,6,0) : 19
(3,6,0,1) : 19
(3,6,0,1,2) : 5
(3,6,0,1,2,4) : 10
(3,6,0,1,2,4,5) : 2698
(3,6,0,1,2,5,4) : 10
(3,6,0,1,4,2) : 1
(3,6,0,1,4,2,5) : 10
(3,6,0,1,4,5) : 1
(3,6,0,1,4,5,2) : 15
(3,6,0,1,5) : 2
(3,6,0,1,5,2,4) : 17
(3,6,0,1,5,4,2) : 32
(3,6,0,2,1,4,5) : 2
(3,6,0,2,1,5,4) : 1
(3,6,0,2,4,1,5) : 1
(3,6,0,2,4,5,1) : 5
(3,6,0,2,5,1,4) : 1
(3,6,0,2,5,4,1) : 1
(3,6,0,4) : 1
(3,6,0,4,1,2,5) : 2
(3,6,0,4,1,5) : 1
(3,6,0,4,1,5,2) : 2
(3,6,0,4,2,1,5) : 1
(3,6,0,4,5,1,2) : 5
(3,6,0,5,1) : 1
(3,6,0,5,1,2,4) : 5
(3,6,0,5,1,4,2) : 5
(3,6,0,5,2,4,1) : 1
(3,6,0,5,4,1,2) : 8
(3,6,0,5,4,2,1) : 4
(3,6,1) : 2
(3,6,1,0) : 4
(3,6,1,0,2,4,5) : 15
(3,6,1,0,2,5,4) : 8
(3,6,1,0,4,2,5) : 1
(3,6,1,0,4,5,2) : 5
(3,6,1,0,5,2,4) : 12
(3,6,1,0,5,4,2) : 16
(3,6,1,2) : 1
(3,6,1,2,0,4,5) : 4
(3,6,1,2,0,5,4) : 1
(3,6,1,2,4,0,5) : 1
(3,6,1,2,4,5,0) : 4
(3,6,1,4,5,2,0) : 2
(3,6,1,5,0,2,4) : 5
(3,6,1,5,0,4,2) : 4
(3,6,1,5,2,0,4) : 2
(3,6,1,5,4,0,2) : 7
(3,6,1,5,4,2,0) : 1
(3,6,2) : 1
(3,6,2,0) : 1
(3,6,2,0,1,5,4) : 2
(3,6,2,1,0,4,5) : 4
(3,6,2,1,4,5,0) : 1
(3,6,2,1,5,0,4) : 1
(3,6,2,4,1,0,5) : 1
(3,6,2,4,5,0,1) : 2
(3,6,2,4,5,1,0) : 1
(3,6,2,5,0,4,1) : 1
(3,6,2,5,4,0,1) : 2
(3,6,4,0,1,2,5) : 1
(3,6,4,0,1,5,2) : 1
(3,6,4,0,5,1,2) : 1
(3,6,4,0,5,2,1) : 1
(3,6,4,1,0,5,2) : 2
(3,6,4,1,2,5,0) : 1
(3,6,4,2,0,1,5) : 1
(3,6,4,5) : 1
(3,6,4,5,0,1,2) : 2
(3,6,4,5,0,2,1) : 2
(3,6,4,5,1,0,2) : 1
(3,6,4,5,1,2,0) : 1
(3,6,5) : 4
(3,6,5,0) : 1
(3,6,5,0,1,2) : 2
(3,6,5,0,1,2,4) : 6
(3,6,5,0,1,4) : 1
(3,6,5,0,1,4,2) : 15
(3,6,5,0,2,1,4) : 1
(3,6,5,0,2,4,1) : 1
(3,6,5,0,4,1,2) : 6
(3,6,5,0,4,2,1) : 3
(3,6,5,1,0,2,4) : 5
(3,6,5,1,0,4) : 1
(3,6,5,1,0,4,2) : 20
(3,6,5,1,2,0,4) : 3
(3,6,5,1,2,4,0) : 7
(3,6,5,1,4,0,2) : 12
(3,6,5,1,4,2,0) : 3
(3,6,5,2,0,1,4) : 2
(3,6,5,2,1,0) : 1
(3,6,5,2,1,0,4) : 2
(3,6,5,4,0,1,2) : 15
(3,6,5,4,0,2,1) : 2
(3,6,5,4,1,0,2) : 12
(3,6,5,4,1,2,0) : 2
(3,6,5,4,2,0,1) : 1
(3,6,5,4,2,1,0) : 13
(4) : 405
(4,0) : 3
(4,0,1,2,3,5,6) : 2
(4,0,1,2,5,6,3) : 1
(4,0,1,2,6,5,3) : 1
(4,0,1,3,2,6,5) : 1
(4,0,1,3,5,6) : 1
(4,0,1,6,5,3,2) : 1
(4,0,3,2,1,5,6) : 1
(4,0,5,1,6,2,3) : 1
(4,0,6,2,1,3,5) : 1
(4,1) : 28
(4,1,0,2) : 1
(4,1,0,2,6,5,3) : 1
(4,1,0,3,2) : 1
(4,1,0,3,2,5,6) : 5
(4,1,0,5) : 1
(4,1,0,5,6,2) : 1
(4,1,0,5,6,3,2) : 2
(4,1,2) : 25
(4,1,2,0,3,5,6) : 2
(4,1,2,0,3,6,5) : 3
(4,1,2,0,5,6,3) : 1
(4,1,2,0,6,3,5) : 1
(4,1,2,3) : 2
(4,1,2,3,0) : 1
(4,1,2,3,0,5,6) : 14
(4,1,2,3,0,6,5) : 2
(4,1,2,3,5,0,6) : 2
(4,1,2,3,5,6,0) : 21
(4,1,2,3,6,0,5) : 1
(4,1,2,3,6,5,0) : 8
(4,1,2,5,3,0,6) : 2
(4,1,2,5,3,6,0) : 1
(4,1,2,5,6,0) : 1
(4,1,2,5,6,0,3) : 3
(4,1,2,5,6,3,0) : 4
(4,1,2,6,0,5,3) : 1
(4,1,2,6,3,0,5) : 1
(4,1,2,6,3,5,0) : 1
(4,1,2,6,5,0,3) : 3
(4,1,2,6,5,3,0) : 14
(4,1,3) : 1
(4,1,3,0,2,6,5) : 2
(4,1,3,0,6,2,5) : 1
(4,1,3,2,0) : 1
(4,1,3,2,0,5,6) : 3
(4,1,3,2,0,6,5) : 3
(4,1,3,2,5,6,0) : 3
(4,1,3,2,6,5,0) : 3
(4,1,3,5,0,2,6) : 1
(4,1,3,5,0,6,2) : 1
(4,1,3,5,6,0,2) : 1
(4,1,3,5,6,2,0) : 2
(4,1,3,6,0,2,5) : 1
(4,1,3,6,5,2,0) : 2
(4,1,5,2,3,0,6) : 1
(4,1,5,2,3,6,0) : 1
(4,1,5,3,2,6,0) : 1
(4,1,5,6,0,3,2) : 2
(4,1,5,6,2,0,3) : 1
(4,1,5,6,2,3,0) : 1
(4,1,5,6,3,2,0) : 1
(4,1,6) : 1
(4,1,6,0) : 1
(4,1,6,2,3,5,0) : 1
(4,1,6,3,5,0,2) : 1
(4,1,6,5,0,3,2) : 1
(4,1,6,5,2,0,3) : 2
(4,1,6,5,2,3,0) : 1
(4,1,6,5,3,2,0) : 2
(4,2) : 59
(4,2,0,1,6,3,5) : 1
(4,2,0,6,5,3,1) : 1
(4,2,1) : 17
(4,2,1,0,3,5,6) : 1
(4,2,1,3,0,5,6) : 4
(4,2,1,3,0,6,5) : 4
(4,2,1,3,5,0,6) : 3
(4,2,1,3,5,6) : 1
(4,2,1,3,5,6,0) : 17
(4,2,1,3,6,5,0) : 3
(4,2,1,5,0,3,6) : 1
(4,2,1,5,3,0,6) : 4
(4,2,1,5,3,6,0) : 5
(4,2,1,5,6) : 1
(4,2,1,5,6,0,3) : 4
(4,2,1,5,6,3,0) : 13
(4,2,1,6,3,0,5) : 1
(4,2,1,6,3,5,0) : 1
(4,2,1,6,5,0) : 1
(4,2,1,6,5,0,3) : 3
(4,2,1,6,5,3,0) : 12
(4,2,3) : 1
(4,2,3,1,0,5,6) : 2
(4,2,3,1,5,0,6) : 1
(4,2,3,1,6,5,0) : 1
(4,2,3,5,1,6,0) : 2
(4,2,5) : 2
(4,2,5,0,3,1,6) : 1
(4,2,5,1,0,6,3) : 1
(4,2,5,1,3,6,0) : 1
(4,2,5,1,6,3,0) : 5
(4,2,5,3,1,6,0) : 1
(4,2,5,6,0,1,3) : 2
(4,2,5,6,1,3,0) : 2
(4,2,5,6,3,0,1) : 1
(4,2,5,6,3,1,0) : 2
(4,2,6,0,1,3,5) : 1
(4,2,6,1,0,3,5) : 1
(4,2,6,1,3,5,0) : 2
(4,2,6,1,5,0,3) : 1
(4,2,6,5,0,1,3) : 1
(4,2,6,5,3) : 1
(4,2,6,5,3,1,0) : 2
(4,3) : 8
(4,3,0) : 1
(4,3,0,1,2,5,6) : 1
(4,3,0,1,2,6,5) : 1
(4,3,0,1,5,2,6) : 1
(4,3,0,1,6,2,5) : 1
(4,3,0,1,6,5,2) : 1
(4,3,1) : 2
(4,3,1,0,2,5,6) : 2
(4,3,1,0,5,2,6) : 1
(4,3,1,0,6,5,2) : 3
(4,3,1,2,0,6,5) : 1
(4,3,1,2,5,6,0) : 1
(4,3,1,2,6,0,5) : 1
(4,3,1,5,6,0,2) : 2
(4,3,1,6,5,2,0) : 1
(4,3,2) : 1
(4,3,2,0,1,5,6) : 1
(4,3,2,0,5,1,6) : 1
(4,3,2,1) : 1
(4,3,2,1,0,5,6) : 2
(4,3,2,1,5,6,0) : 2
(4,3,5,0,1,6,2) : 1
(4,3,5,1) : 1
(4,3,5,1,2,0,6) : 1
(4,3,5,6,1,0,2) : 3
(4,3,5,6,1,2,0) : 3
(4,3,6,1,2,5,0) : 1
(4,3,6,5,0,1,2) : 1
(4,5) : 2
(4,5,1,2,3,6,0) : 1
(4,5,1,2,6,0,3) : 1
(4,5,2,1,3,6,0) : 1
(4,5,2,1,6,0,3) : 1
(4,5,2,1,6,3,0) : 1
(4,5,2,6,1,0,3) : 1
(4,5,3) : 1
(4,5,6,0,1,2,3) : 1
(4,5,6,0,1,3,2) : 1
(4,5,6,1,0,2,3) : 3
(4,5,6,1,2,3,0) : 3
(4,5,6,1,3,0,2) : 1
(4,5,6,2,1,3,0) : 2
(4,5,6,3,1,0,2) : 1
(4,6) : 6
(4,6,0,1,2,5,3) : 1
(4,6,1) : 2
(4,6,1,0,3,5,2) : 1
(4,6,1,0,5,3,2) : 1
(4,6,1,2,3,0,5) : 1
(4,6,1,3,2,0,5) : 1
(4,6,1,5) : 1
(4,6,1,5,2,3,0) : 2
(4,6,2,0,5,1,3) : 1
(4,6,2,1) : 1
(4,6,2,1,5,3,0) : 1
(4,6,5) : 1
(4,6,5,0,1,2,3) : 1
(4,6,5,1,2,0,3) : 1
(4,6,5,1,3,2,0) : 1
(4,6,5,3,2,1,0) : 1
(5) : 268
(5,0) : 3
(5,0,1) : 1
(5,0,1,2,3,4,6) : 1
(5,0,1,4,3,2,6) : 1
(5,0,1,6,2,3,4) : 1
(5,0,1,6,3,4,2) : 1
(5,0,2,3,1,6,4) : 1
(5,0,2,4,1,3,6) : 1
(5,0,3) : 1
(5,0,3,1,2,6,4) : 1
(5,0,3,2,6,1,4) : 1
(5,0,3,4,6,2,1) : 1
(5,0,6) : 1
(5,0,6,4,1,2,3) : 1
(5,1) : 7
(5,1,0) : 1
(5,1,0,2) : 1
(5,1,0,2,3,6,4) : 1
(5,1,2,3,0,4,6) : 2
(5,1,2,3,4,6,0) : 1
(5,1,2,3,6,4,0) : 1
(5,1,2,6,0,4,3) : 1
(5,1,3) : 1
(5,1,3,0,2,4,6) : 1
(5,1,3,2,0,6,4) : 1
(5,1,3,2,4,6,0) : 1
(5,1,3,2,6,4,0) : 1
(5,1,4,2,6,0,3) : 1
(5,1,4,6,2,3,0) : 2
(5,1,6,0,3,2,4) : 1
(5,1,6,0,4,3,2) : 1
(5,1,6,4,2,3,0) : 1
(5,1,6,4,3,2,0) : 1
(5,2) : 4
(5,2,1,4,6,0,3) : 1
(5,2,1,6,4,3,0) : 1
(5,2,3,0,6,1,4) : 1
(5,2,6,4,1,0,3) : 1
(5,2,6,4,3,1,0) : 1
(5,3) : 3
(5,3,0,1,2,4,6) : 2
(5,3,0,1,4,6,2) : 1
(5,3,0,4,1,2,6) : 1
(5,3,1) : 1
(5,3,1,0,2,4,6) : 2
(5,3,1,0,6,4,2) : 1
(5,3,1,2,6,4,0) : 1
(5,3,1,6,0,4,2) : 2
(5,3,1,6,4,0,2) : 1
(5,3,2,1,0,4,6) : 3
(5,3,2,1,0,6,4) : 1
(5,3,2,1,4,6,0) : 1
(5,3,2,4,1,6,0) : 1
(5,3,2,6,4,0,1) : 1
(5,3,6,0,2,1,4) : 1
(5,3,6,1,2,0,4) : 2
(5,3,6,1,4,2,0) : 1
(5,3,6,2,1,4,0) : 2
(5,4) : 1
(5,4,1) : 1
(5,4,1,0,6,3,2) : 1
(5,4,1,2,3,6,0) : 1
(5,4,2,1,0,6,3) : 1
(5,4,3,2,1,0,6) : 1
(5,4,6,3,1,0,2) : 1
(5,4,6,3,2,1,0) : 1
(5,6) : 10
(5,6,0) : 2
(5,6,0,1,2,3,4) : 3
(5,6,0,1,3,2,4) : 2
(5,6,0,3,1,4,2) : 1
(5,6,0,3,2,1,4) : 1
(5,6,0,4,1,2,3) : 1
(5,6,0,4,1,3,2) : 2
(5,6,1,0) : 1
(5,6,1,0,2,3,4) : 2
(5,6,1,0,3,2,4) : 3
(5,6,1,0,3,4,2) : 1
(5,6,1,0,4,3,2) : 1
(5,6,1,3) : 1
(5,6,1,3,2,0,4) : 1
(5,6,1,4,0,3,2) : 1
(5,6,1,4,2,3,0) : 1
(5,6,2,0,3,1,4) : 1
(5,6,2,1,0,3,4) : 1
(5,6,2,1,3,0,4) : 1
(5,6,2,3,1,0,4) : 1
(5,6,3) : 1
(5,6,3,0,2,1,4) : 1
(5,6,3,1) : 1
(5,6,3,1,0,2,4) : 1
(5,6,3,2,0,1,4) : 1
(5,6,3,2,4,0,1) : 1
(5,6,3,4,1,0) : 1
(5,6,4) : 1
(5,6,4,1,2,3,0) : 2
(5,6,4,1,3,2,0) : 1
(5,6,4,2) : 1
(5,6,4,2,3,1,0) : 1
(5,6,4,3,0,1,2) : 2
(5,6,4,3,2,0,1) : 2
(5,6,4,3,2,1,0) : 1
(6) : 702
(6,0) : 33
(6,0,1) : 4
(6,0,1,2,3,4,5) : 4
(6,0,1,2,3,5,4) : 1
(6,0,1,2,4,3,5) : 1
(6,0,1,3) : 2
(6,0,1,3,2,4,5) : 3
(6,0,1,3,2,5,4) : 5
(6,0,1,3,4,2,5) : 1
(6,0,1,3,4,5,2) : 1
(6,0,1,3,5,2,4) : 3
(6,0,1,3,5,4,2) : 4
(6,0,1,4) : 1
(6,0,1,4,5,2,3) : 1
(6,0,1,5,2,3,4) : 2
(6,0,1,5,3) : 1
(6,0,1,5,3,2,4) : 2
(6,0,1,5,3,4,2) : 1
(6,0,1,5,4,2,3) : 1
(6,0,2) : 1
(6,0,2,1,3,4,5) : 1
(6,0,2,3,5,4,1) : 1
(6,0,3) : 16
(6,0,3,1) : 3
(6,0,3,1,2) : 1
(6,0,3,1,2,5,4) : 2
(6,0,3,1,4) : 1
(6,0,3,1,5,2,4) : 1
(6,0,3,1,5,4,2) : 3
(6,0,3,2,1,5,4) : 3
(6,0,3,5,1,2,4) : 4
(6,0,3,5,1,4,2) : 2
(6,0,3,5,4) : 1
(6,0,4,1,5,2,3) : 1
(6,0,4,3,2,1,5) : 1
(6,0,4,5,1,2,3) : 1
(6,0,4,5,3,2,1) : 1
(6,0,5) : 1
(6,0,5,1,2,3,4) : 1
(6,0,5,1,2,4,3) : 1
(6,0,5,1,3) : 1
(6,0,5,2,1,3,4) : 1
(6,0,5,2,3,4,1) : 1
(6,0,5,3,1,4,2) : 2
(6,0,5,4,1,2,3) : 1
(6,0,5,4,1,3,2) : 3
(6,0,5,4,2,3,1) : 1
(6,1) : 22
(6,1,0) : 3
(6,1,0,2,3,4) : 1
(6,1,0,2,3,4,5) : 2
(6,1,0,2,3,5,4) : 3
(6,1,0,2,5,3,4) : 1
(6,1,0,3,2,4,5) : 2
(6,1,0,3,2,5,4) : 3
(6,1,0,3,4,5,2) : 2
(6,1,0,3,5,2,4) : 3
(6,1,0,3,5,4,2) : 3
(6,1,0,4,5,3,2) : 1
(6,1,0,5) : 1
(6,1,0,5,2,3,4) : 1
(6,1,0,5,3,4,2) : 2
(6,1,0,5,4,2,3) : 1
(6,1,0,5,4,3,2) : 1
(6,1,2) : 1
(6,1,2,0,3,4,5) : 1
(6,1,2,0,3,5,4) : 5
(6,1,2,0,5,4,3) : 1
(6,1,2,3,0,4,5) : 2
(6,1,2,3,0,5,4) : 3
(6,1,2,3,4,5,0) : 1
(6,1,2,5,4,0) : 1
(6,1,3) : 4
(6,1,3,0,2,4,5) : 2
(6,1,3,0,2,5,4) : 2
(6,1,3,0,5,2,4) : 1
(6,1,3,2,0) : 1
(6,1,3,2,0,5,4) : 2
(6,1,3,4,0,5,2) : 1
(6,1,3,5,0,2,4) : 1
(6,1,3,5,0,4,2) : 2
(6,1,3,5,4,2,0) : 1
(6,1,4) : 1
(6,1,4,3,5,2,0) : 1
(6,1,4,5,0,2,3) : 1
(6,1,4,5,0,3,2) : 2
(6,1,5,0,3,2,4) : 1
(6,1,5,0,4,3,2) : 1
(6,1,5,3,0,2,4) : 1
(6,1,5,4,0,2,3) : 1
(6,1,5,4,0,3,2) : 2
(6,1,5,4,3,0,2) : 1
(6,2) : 10
(6,2,0,1,5,4,3) : 1
(6,2,1,0,3,5,4) : 1
(6,2,1,0,5,4,3) : 1
(6,2,1,3,0,5,4) : 1
(6,2,1,3,4,5,0) : 1
(6,2,1,4,5,0,3) : 2
(6,2,1,5,4,0,3) : 1
(6,2,3,4,5,0,1) : 1
(6,2,3,5,1,4,0) : 2
(6,2,4,1,0,5,3) : 2
(6,2,5,1,4,3,0) : 1
(6,2,5,4,1,3,0) : 1
(6,3) : 19
(6,3,0) : 3
(6,3,0,1,2,4,5) : 3
(6,3,0,1,4,5,2) : 1
(6,3,0,1,5,2,4) : 3
(6,3,0,1,5,4) : 1
(6,3,0,1,5,4,2) : 3
(6,3,0,2,1,5,4) : 1
(6,3,0,5,1,2,4) : 1
(6,3,0,5,4,2,1) : 2
(6,3,1) : 5
(6,3,1,0,2,5,4) : 1
(6,3,1,0,4,5,2) : 1
(6,3,1,0,5,2,4) : 4
(6,3,1,0,5,4,2) : 5
(6,3,1,2,0,5,4) : 1
(6,3,1,2,5,4,0) : 1
(6,3,1,5,0,2,4) : 1
(6,3,1,5,4,0,2) : 1
(6,3,2,0,5,4,1) : 1
(6,3,2,1,0,4,5) : 1
(6,3,2,1,0,5,4) : 1
(6,3,2,4,5,1,0) : 2
(6,3,2,5,4,1,0) : 1
(6,3,4) : 1
(6,3,4,2,1,0,5) : 1
(6,3,4,5,2,1,0) : 1
(6,3,5) : 1
(6,3,5,0,1,2,4) : 1
(6,3,5,1,0,2,4) : 3
(6,3,5,1,4,0,2) : 1
(6,3,5,2,4,0,1) : 1
(6,3,5,4,1) : 1
(6,4) : 3
(6,4,0) : 1
(6,4,0,1,2,3,5) : 1
(6,4,1,0,5,3,2) : 1
(6,4,1,5,2,0,3) : 1
(6,4,2,0,1,3,5) : 1
(6,4,2,0,1,5,3) : 1
(6,4,2,1,5,0,3) : 1
(6,4,2,3,1,0,5) : 1
(6,4,2,3,1,5,0) : 1
(6,4,3) : 1
(6,4,3,0,2,1,5) : 1
(6,4,3,1,0,5,2) : 1
(6,4,3,1,5,2,0) : 1
(6,4,3,2,5) : 1
(6,4,3,5,0,1,2) : 3
(6,4,5,0,1,2,3) : 2
(6,4,5,1,0,3,2) : 1
(6,4,5,2,3,1,0) : 1
(6,4,5,3,0,2,1) : 1
(6,4,5,3,1,0,2) : 1
(6,4,5,3,1,2,0) : 1
(6,4,5,3,2,1,0) : 2
(6,5) : 21
(6,5,0) : 2
(6,5,0,1,2,3) : 1
(6,5,0,1,2,3,4) : 2
(6,5,0,1,3,2,4) : 4
(6,5,0,1,4,2,3) : 1
(6,5,0,1,4,3,2) : 2
(6,5,0,3,2,1,4) : 2
(6,5,0,3,4,2) : 1
(6,5,1) : 1
(6,5,1,0,2,3,4) : 4
(6,5,1,0,3,2,4) : 1
(6,5,1,0,3,4,2) : 1
(6,5,1,0,4,3,2) : 5
(6,5,1,2,3,4,0) : 1
(6,5,1,3,2,0,4) : 1
(6,5,1,3,2,4,0) : 1
(6,5,1,4,0,3,2) : 1
(6,5,2,0,1,3,4) : 1
(6,5,2,0,3,1,4) : 1
(6,5,2,1,0,3,4) : 1
(6,5,2,1,0,4,3) : 1
(6,5,2,3,4,1) : 1
(6,5,2,4,1,3,0) : 1
(6,5,3) : 3
(6,5,3,0,1,2,4) : 2
(6,5,3,0,4,1,2) : 1
(6,5,3,1,0) : 1
(6,5,3,1,0,2,4) : 5
(6,5,3,1,2,0,4) : 1
(6,5,3,2) : 1
(6,5,3,2,1,0,4) : 1
(6,5,4,0,1,2,3) : 2
(6,5,4,0,2,3,1) : 1
(6,5,4,1,2,0,3) : 1
(6,5,4,1,2,3,0) : 1
(6,5,4,1,3,2) : 1
(6,5,4,1,3,2,0) : 1
(6,5,4,2,3,1,0) : 1
(6,5,4,3,2,0,1) : 1
(6,5,4,3,2,1,0) : 7
