0, 1, 2, 3, 4
LAB,CDP,GRN,LIB,NLT
-+-+-+-+-
() : 78
(0) : 9949
(0,1) : 80
(0,1,2) : 13
(0,1,2,3) : 4
(0,1,2,3,4) : 377
(0,1,2,4) : 2
(0,1,2,4,3) : 201
(0,1,3) : 2
(0,1,3,2,4) : 55
(0,1,3,4,2) : 49
(0,1,4) : 7
(0,1,4,2) : 1
(0,1,4,2,3) : 112
(0,1,4,3,2) : 49
(0,2) : 325
(0,2,1) : 10
(0,2,1,3) : 7
(0,2,1,3,4) : 2192
(0,2,1,4) : 4
(0,2,1,4,3) : 307
(0,2,3) : 32
(0,2,3,1,4) : 118
(0,2,3,4) : 2
(0,2,3,4,1) : 269
(0,2,4) : 20
(0,2,4,1) : 5
(0,2,4,1,3) : 533
(0,2,4,3) : 2
(0,2,4,3,1) : 251
(0,3) : 217
(0,3,1) : 12
(0,3,1,2) : 1
(0,3,1,2,4) : 148
(0,3,1,4) : 1
(0,3,1,4,2) : 72
(0,3,2) : 19
(0,3,2,1) : 5
(0,3,2,1,4) : 165
(0,3,2,4,1) : 199
(0,3,4) : 12
(0,3,4,1,2) : 82
(0,3,4,2,1) : 154
(0,4) : 113
(0,4,1) : 8
(0,4,1,2,3) : 171
(0,4,1,3,2) : 53
(0,4,2) : 12
(0,4,2,1) : 1
(0,4,2,1,3) : 204
(0,4,2,3) : 2
(0,4,2,3,1) : 116
(0,4,3) : 4
(0,4,3,1,2) : 48
(0,4,3,2,1) : 112
(1) : 1225
(1,0) : 35
(1,0,2) : 4
(1,0,2,3,4) : 33
(1,0,2,4,3) : 25
(1,0,3) : 5
(1,0,3,2,4) : 31
(1,0,3,4) : 1
(1,0,3,4,2) : 47
(1,0,4) : 1
(1,0,4,2) : 1
(1,0,4,2,3) : 23
(1,0,4,3,2) : 21
(1,2) : 10
(1,2,0) : 3
(1,2,0,3) : 1
(1,2,0,3,4) : 11
(1,2,0,4,3) : 5
(1,2,3) : 2
(1,2,3,0,4) : 12
(1,2,3,4,0) : 8
(1,2,4) : 1
(1,2,4,0,3) : 7
(1,2,4,3,0) : 9
(1,3) : 240
(1,3,0) : 10
(1,3,0,2) : 1
(1,3,0,2,4) : 51
(1,3,0,4) : 1
(1,3,0,4,2) : 87
(1,3,2) : 2
(1,3,2,0,4) : 14
(1,3,2,4) : 1
(1,3,2,4,0) : 9
(1,3,4) : 11
(1,3,4,0,2) : 115
(1,3,4,2,0) : 38
(1,4) : 14
(1,4,0,2,3) : 11
(1,4,0,3,2) : 8
(1,4,2,0,3) : 13
(1,4,2,3) : 1
(1,4,2,3,0) : 9
(1,4,3,0,2) : 28
(1,4,3,2,0) : 8
(2) : 1079
(2,0) : 112
(2,0,1) : 3
(2,0,1,3) : 2
(2,0,1,3,4) : 26
(2,0,1,4,3) : 26
(2,0,3) : 13
(2,0,3,1,4) : 42
(2,0,3,4) : 4
(2,0,3,4,1) : 93
(2,0,4) : 5
(2,0,4,1) : 1
(2,0,4,1,3) : 79
(2,0,4,3) : 1
(2,0,4,3,1) : 184
(2,1) : 8
(2,1,0) : 1
(2,1,0,3,4) : 25
(2,1,0,4,3) : 3
(2,1,3,0,4) : 8
(2,1,3,4,0) : 6
(2,1,4,0,3) : 9
(2,1,4,3,0) : 4
(2,3) : 35
(2,3,0) : 9
(2,3,0,1) : 1
(2,3,0,1,4) : 25
(2,3,0,4) : 1
(2,3,0,4,1) : 39
(2,3,1,0,4) : 6
(2,3,1,4,0) : 5
(2,3,4) : 2
(2,3,4,0,1) : 15
(2,3,4,1,0) : 20
(2,4) : 24
(2,4,0,1,3) : 23
(2,4,0,3) : 2
(2,4,0,3,1) : 26
(2,4,1) : 1
(2,4,1,0,3) : 20
(2,4,1,3,0) : 12
(2,4,3,0,1) : 13
(2,4,3,1,0) : 10
(3) : 20538
(3,0) : 356
(3,0,1) : 6
(3,0,1,2) : 5
(3,0,1,2,4) : 270
(3,0,1,4) : 3
(3,0,1,4,2) : 147
(3,0,2) : 37
(3,0,2,1) : 5
(3,0,2,1,4) : 195
(3,0,2,4,1) : 267
(3,0,4) : 8
(3,0,4,1) : 2
(3,0,4,1,2) : 138
(3,0,4,2,1) : 187
(3,1) : 649
(3,1,0) : 16
(3,1,0,2) : 1
(3,1,0,2,4) : 160
(3,1,0,4) : 1
(3,1,0,4,2) : 144
(3,1,2) : 8
(3,1,2,0) : 1
(3,1,2,0,4) : 68
(3,1,2,4) : 2
(3,1,2,4,0) : 104
(3,1,4) : 16
(3,1,4,0) : 5
(3,1,4,0,2) : 262
(3,1,4,2) : 2
(3,1,4,2,0) : 250
(3,2) : 90
(3,2,0) : 15
(3,2,0,1) : 1
(3,2,0,1,4) : 91
(3,2,0,4) : 1
(3,2,0,4,1) : 96
(3,2,1) : 5
(3,2,1,0) : 1
(3,2,1,0,4) : 69
(3,2,1,4,0) : 70
(3,2,4) : 3
(3,2,4,0) : 1
(3,2,4,0,1) : 76
(3,2,4,1) : 2
(3,2,4,1,0) : 113
(3,4) : 182
(3,4,0) : 5
(3,4,0,1) : 1
(3,4,0,1,2) : 132
(3,4,0,2) : 2
(3,4,0,2,1) : 87
(3,4,1) : 6
(3,4,1,0,2) : 193
(3,4,1,2) : 1
(3,4,1,2,0) : 236
(3,4,2) : 7
(3,4,2,0) : 1
(3,4,2,0,1) : 93
(3,4,2,1) : 2
(3,4,2,1,0) : 273
(4) : 963
(4,0) : 25
(4,0,1) : 1
(4,0,1,2) : 1
(4,0,1,2,3) : 29
(4,0,1,3,2) : 3
(4,0,2) : 1
(4,0,2,1) : 1
(4,0,2,1,3) : 28
(4,0,2,3,1) : 15
(4,0,3) : 3
(4,0,3,1,2) : 24
(4,0,3,2,1) : 25
(4,1) : 16
(4,1,0,2,3) : 3
(4,1,0,3,2) : 5
(4,1,2,0,3) : 11
(4,1,2,3,0) : 10
(4,1,3,0,2) : 8
(4,1,3,2,0) : 7
(4,2) : 17
(4,2,0,1,3) : 13
(4,2,0,3,1) : 15
(4,2,1,0,3) : 16
(4,2,1,3,0) : 9
(4,2,3,0,1) : 13
(4,2,3,1,0) : 7
(4,3) : 29
(4,3,0) : 1
(4,3,0,1) : 1
(4,3,0,1,2) : 20
(4,3,0,2) : 1
(4,3,0,2,1) : 19
(4,3,1) : 1
(4,3,1,0,2) : 18
(4,3,1,2,0) : 12
(4,3,2) : 1
(4,3,2,0,1) : 15
(4,3,2,1) : 2
(4,3,2,1,0) : 35
