0, 1, 2, 3, 4, 5, 6, 7
LAB,LIB,IND,CDP,IND,IND,GRN,NLT
-+-+-+-+-
() : 227
(0) : 6827
(0,1) : 109
(0,1,2) : 3
(0,1,2,3,4,7,5,6) : 1
(0,1,2,3,4,7,6,5) : 1
(0,1,2,3,5) : 1
(0,1,2,3,5,6,4,7) : 1
(0,1,2,3,7) : 1
(0,1,2,3,7,4,5,6) : 1
(0,1,2,3,7,4,6,5) : 1
(0,1,2,4,3,5,6,7) : 1
(0,1,2,4,3,7,5,6) : 2
(0,1,2,4,5,6,7,3) : 1
(0,1,2,4,5,7,3,6) : 1
(0,1,2,4,5,7,6,3) : 2
(0,1,2,5,4,3,7,6) : 2
(0,1,2,5,4,6,7,3) : 1
(0,1,2,6,5,4,3,7) : 1
(0,1,2,6,5,4,7,3) : 1
(0,1,2,6,5,7,4,3) : 1
(0,1,2,7) : 6
(0,1,2,7,3) : 4
(0,1,2,7,3,4,5,6) : 132
(0,1,2,7,3,4,6,5) : 1
(0,1,2,7,3,5,4,6) : 1
(0,1,2,7,3,5,6,4) : 1
(0,1,2,7,3,6,5,4) : 1
(0,1,2,7,4,3,6,5) : 1
(0,1,2,7,4,5,6,3) : 1
(0,1,2,7,4,6,3,5) : 1
(0,1,2,7,6,5,4,3) : 1
(0,1,3) : 4
(0,1,3,2,4,5,7,6) : 1
(0,1,3,2,4,6,5,7) : 1
(0,1,3,2,7,4,5,6) : 3
(0,1,3,2,7,6,5,4) : 1
(0,1,3,4,5,6,7) : 1
(0,1,3,4,5,7,6,2) : 1
(0,1,3,5,2,7,4,6) : 1
(0,1,3,5,4,7,2,6) : 1
(0,1,3,6) : 1
(0,1,3,6,4,5,2,7) : 1
(0,1,3,6,4,5,7,2) : 1
(0,1,3,6,5,2,7) : 1
(0,1,3,6,5,4,2,7) : 1
(0,1,3,7,4,2) : 1
(0,1,3,7,4,5,2,6) : 1
(0,1,3,7,4,5,6,2) : 2
(0,1,3,7,5,6,4,2) : 1
(0,1,4) : 2
(0,1,4,2,5,3,7,6) : 1
(0,1,4,3,5,2,6,7) : 1
(0,1,4,3,5,2,7,6) : 1
(0,1,4,3,7,2) : 1
(0,1,4,3,7,2,6,5) : 1
(0,1,4,5) : 2
(0,1,4,5,2,6,7,3) : 1
(0,1,4,5,2,7,3,6) : 1
(0,1,4,5,3,6,2,7) : 1
(0,1,4,5,6,2,3,7) : 1
(0,1,4,5,6,2,7,3) : 4
(0,1,4,5,6,3,2,7) : 1
(0,1,4,5,6,3,7,2) : 4
(0,1,4,5,6,7,2) : 2
(0,1,4,5,6,7,2,3) : 1
(0,1,4,5,7,3,6,2) : 1
(0,1,4,6,7,3,5,2) : 1
(0,1,4,7,5,3,2,6) : 1
(0,1,5) : 4
(0,1,5,3,2,4,7,6) : 1
(0,1,5,4) : 2
(0,1,5,4,2,6,7,3) : 1
(0,1,5,4,2,7,3,6) : 2
(0,1,5,4,2,7,6,3) : 1
(0,1,5,4,3,7,2,6) : 1
(0,1,5,4,6,2,7,3) : 1
(0,1,5,4,6,3,7,2) : 1
(0,1,5,4,7,2,3,6) : 2
(0,1,5,4,7,2,6,3) : 1
(0,1,5,4,7,3,2,6) : 2
(0,1,5,4,7,6,2,3) : 1
(0,1,5,6) : 1
(0,1,5,6,2,3,7,4) : 1
(0,1,5,6,2,7,3,4) : 1
(0,1,5,6,4,2,3,7) : 1
(0,1,5,6,4,2,7,3) : 2
(0,1,5,6,4,3,2,7) : 1
(0,1,5,6,4,3,7,2) : 2
(0,1,5,6,4,7,2,3) : 1
(0,1,5,7,2,4,3,6) : 1
(0,1,5,7,4,6,3,2) : 1
(0,1,5,7,6,3,4,2) : 1
(0,1,6) : 20
(0,1,6,2,4,7,5,3) : 1
(0,1,6,2,5,4,7,3) : 3
(0,1,6,2,7,3,4,5) : 3
(0,1,6,2,7,5,4,3) : 1
(0,1,6,3,2,5,4,7) : 1
(0,1,6,3,4,5,7,2) : 2
(0,1,6,3,5,4,7,2) : 1
(0,1,6,4,5,2,7,3) : 1
(0,1,6,4,5,3,2,7) : 1
(0,1,6,4,5,3,7,2) : 1
(0,1,6,4,5,7,3,2) : 1
(0,1,6,4,7,2,5,3) : 1
(0,1,6,5,2,3,7,4) : 1
(0,1,6,5,2,7,4,3) : 1
(0,1,6,5,3,4,7,2) : 1
(0,1,6,5,4) : 1
(0,1,6,5,4,2,3,7) : 1
(0,1,6,5,4,2,7,3) : 6
(0,1,6,5,4,3,2,7) : 1
(0,1,6,5,4,3,7,2) : 9
(0,1,6,5,4,7,2,3) : 2
(0,1,6,5,4,7,3,2) : 2
(0,1,6,5,7,3,4,2) : 2
(0,1,6,5,7,4,2,3) : 1
(0,1,6,7,2,3,4,5) : 1
(0,1,7) : 8
(0,1,7,2) : 1
(0,1,7,2,3,4,5,6) : 8
(0,1,7,2,3,5,4,6) : 1
(0,1,7,2,3,6,4,5) : 1
(0,1,7,2,3,6,5,4) : 1
(0,1,7,2,4,3,5,6) : 3
(0,1,7,2,4,5,6,3) : 2
(0,1,7,2,5,3,4,6) : 1
(0,1,7,2,5,6,4,3) : 2
(0,1,7,2,6,4,5,3) : 1
(0,1,7,3,2,4,5,6) : 1
(0,1,7,3,4,2,5,6) : 2
(0,1,7,3,4,5,2,6) : 2
(0,1,7,3,4,5,6,2) : 1
(0,1,7,3,5,2,6) : 1
(0,1,7,3,5,4,6,2) : 1
(0,1,7,3,5,6,2,4) : 1
(0,1,7,3,6,5,4,2) : 2
(0,1,7,4,2,5,3,6) : 4
(0,1,7,4,5,2,3,6) : 1
(0,1,7,4,5,3,2,6) : 2
(0,1,7,4,5,6,2,3) : 2
(0,1,7,4,5,6,3,2) : 3
(0,1,7,4,6,5,2,3) : 2
(0,1,7,5) : 1
(0,1,7,5,4) : 1
(0,1,7,5,4,2,3,6) : 1
(0,1,7,5,4,3,2,6) : 1
(0,1,7,6,3,4,5,2) : 1
(0,1,7,6,5,4,2,3) : 2
(0,1,7,6,5,4,3,2) : 2
(0,2) : 15
(0,2,1) : 2
(0,2,1,3,5,6,7,4) : 1
(0,2,1,3,7,4,5,6) : 1
(0,2,1,3,7,5,4,6) : 2
(0,2,1,3,7,5,6,4) : 1
(0,2,1,3,7,6,5,4) : 2
(0,2,1,5,6,7,4,3) : 1
(0,2,1,7) : 1
(0,2,1,7,3) : 1
(0,2,1,7,3,4,5,6) : 8
(0,2,1,7,3,4,6,5) : 2
(0,2,1,7,3,5,4,6) : 1
(0,2,1,7,3,6,5,4) : 1
(0,2,1,7,4,3,5,6) : 1
(0,2,1,7,6,5,4,3) : 1
(0,2,3) : 5
(0,2,3,1,5,7,4,6) : 1
(0,2,3,1,7) : 1
(0,2,3,1,7,4,5,6) : 1
(0,2,3,1,7,4,6,5) : 1
(0,2,3,4,5,1,6) : 1
(0,2,3,4,5,6,1) : 1
(0,2,3,4,5,6,7,1) : 3
(0,2,3,4,5,7,6,1) : 1
(0,2,3,4,6) : 1
(0,2,3,4,7,5,6,1) : 1
(0,2,3,5,6,1,7,4) : 1
(0,2,3,5,6,7,1) : 1
(0,2,3,7) : 1
(0,2,4) : 2
(0,2,4,5,1,7,6,3) : 1
(0,2,4,5,3,7,1,6) : 1
(0,2,4,5,6,3,1,7) : 1
(0,2,4,5,6,3,7,1) : 2
(0,2,4,5,6,7,1,3) : 4
(0,2,4,5,6,7,3,1) : 3
(0,2,4,5,7,1,3,6) : 1
(0,2,4,5,7,6,1,3) : 1
(0,2,4,6,5,3,7,1) : 1
(0,2,4,6,5,7,1,3) : 1
(0,2,4,7,3,5,6,1) : 1
(0,2,4,7,5,1,3,6) : 1
(0,2,5) : 2
(0,2,5,3,4,6,1,7) : 1
(0,2,5,3,6,4,7,1) : 1
(0,2,5,4) : 2
(0,2,5,4,1,3,7,6) : 1
(0,2,5,4,1,7,3,6) : 1
(0,2,5,4,3,6,7,1) : 1
(0,2,5,4,3,7,1,6) : 1
(0,2,5,4,6,7,3,1) : 3
(0,2,5,4,7,1,6,3) : 1
(0,2,5,4,7,3,1,6) : 1
(0,2,5,4,7,6,1,3) : 1
(0,2,5,6,4,1,7,3) : 1
(0,2,5,6,4,3,7,1) : 2
(0,2,5,6,4,7,3,1) : 3
(0,2,5,7,1,4,6,3) : 1
(0,2,5,7,3,4,6,1) : 1
(0,2,6) : 3
(0,2,6,1,7,4,3,5) : 1
(0,2,6,3,4,5,7,1) : 1
(0,2,6,4,5,7,1,3) : 1
(0,2,6,4,5,7,3,1) : 1
(0,2,6,5,3,4,7,1) : 1
(0,2,6,5,4,3,7,1) : 2
(0,2,6,5,4,7,3,1) : 1
(0,2,7) : 1
(0,2,7,1) : 2
(0,2,7,1,3,4,5,6) : 4
(0,2,7,1,3,4,6,5) : 1
(0,2,7,1,3,6,4,5) : 2
(0,2,7,1,4,6,3,5) : 1
(0,2,7,3,1) : 1
(0,2,7,3,1,4,5,6) : 2
(0,2,7,3,4,5,1,6) : 1
(0,2,7,3,4,5,6,1) : 17
(0,2,7,3,4,6,5,1) : 1
(0,2,7,3,5,4,1,6) : 1
(0,2,7,3,5,4,6,1) : 1
(0,2,7,4,3,5,6,1) : 2
(0,2,7,4,5) : 1
(0,2,7,4,5,3,6,1) : 2
(0,2,7,4,5,6) : 1
(0,2,7,4,5,6,1,3) : 1
(0,2,7,4,5,6,3,1) : 4
(0,2,7,4,6,5,3,1) : 2
(0,2,7,5,4,1,6,3) : 1
(0,2,7,5,4,3,1,6) : 1
(0,2,7,5,4,6,3,1) : 2
(0,2,7,5,6,3,1) : 1
(0,2,7,6,4,3,5,1) : 1
(0,2,7,6,5,4,3,1) : 3
(0,3) : 27
(0,3,1) : 4
(0,3,1,2,7,4,5,6) : 1
(0,3,1,4,5,6,2,7) : 1
(0,3,1,4,5,6,7,2) : 1
(0,3,1,6,4,5,7,2) : 1
(0,3,1,7,2,4,5,6) : 2
(0,3,2,5,6,7,4,1) : 1
(0,3,2,5,7,1,6,4) : 1
(0,3,2,6,4,5,1) : 1
(0,3,4,1,2,7,6,5) : 1
(0,3,4,2,7,1,5,6) : 1
(0,3,4,2,7,5,6,1) : 1
(0,3,4,5) : 1
(0,3,4,5,2,1,6,7) : 1
(0,3,4,5,2,7,1,6) : 1
(0,3,4,5,6) : 1
(0,3,4,5,6,2,1) : 1
(0,3,4,5,6,2,1,7) : 1
(0,3,4,5,6,7,2,1) : 8
(0,3,4,5,7,2,1,6) : 1
(0,3,4,5,7,2,6,1) : 3
(0,3,4,7,2,5,6,1) : 1
(0,3,4,7,5,2,6,1) : 1
(0,3,5) : 3
(0,3,5,2,1,4,7,6) : 1
(0,3,5,2,4,6,7,1) : 1
(0,3,5,2,6,1,4,7) : 1
(0,3,5,2,7,4,1,6) : 1
(0,3,5,4,2,7,1,6) : 1
(0,3,5,4,6,2,7,1) : 2
(0,3,5,4,6,7,2,1) : 2
(0,3,5,4,7,2,6,1) : 2
(0,3,5,6) : 1
(0,3,5,6,4,1,2,7) : 1
(0,3,5,6,4,2,7,1) : 1
(0,3,5,6,4,7,2,1) : 4
(0,3,5,6,7,2,1) : 1
(0,3,6) : 4
(0,3,6,1,4,5,7,2) : 1
(0,3,6,2,7,4,5,1) : 1
(0,3,6,4,2,5,1,7) : 1
(0,3,6,5,2,4,7,1) : 1
(0,3,6,5,4,1) : 1
(0,3,6,5,4,1,2,7) : 1
(0,3,6,5,4,2,1,7) : 1
(0,3,6,5,4,2,7,1) : 1
(0,3,6,5,4,7,2,1) : 1
(0,3,6,5,7,4,2,1) : 1
(0,3,6,7,4,5,2,1) : 1
(0,3,6,7,5,4,2,1) : 1
(0,3,7) : 6
(0,3,7,2,4,5,1,6) : 1
(0,3,7,2,4,5,6) : 1
(0,3,7,2,4,5,6,1) : 1
(0,3,7,2,4,6,5,1) : 1
(0,3,7,4,2,5,6,1) : 1
(0,3,7,4,5,6,2,1) : 2
(0,3,7,5,1,6,4,2) : 1
(0,3,7,6,4,5,2,1) : 1
(0,3,7,6,5,4,2,1) : 1
(0,4) : 15
(0,4,1,2,7,3,5,6) : 3
(0,4,1,2,7,5,3,6) : 1
(0,4,1,5,2,7,3,6) : 1
(0,4,1,6,5,2,7,3) : 1
(0,4,1,7,3,2,5,6) : 1
(0,4,2,1,7,3,5,6) : 1
(0,4,2,1,7,5,3,6) : 1
(0,4,2,3,5,6,1) : 1
(0,4,2,5,6,3,7,1) : 1
(0,4,2,5,6,7,3,1) : 1
(0,4,2,5,7,3,6,1) : 1
(0,4,2,6,5,1,3,7) : 1
(0,4,2,7,3,5,6,1) : 1
(0,4,2,7,6) : 1
(0,4,3,5) : 1
(0,4,3,5,6,2,7,1) : 1
(0,4,3,5,7,2,6,1) : 1
(0,4,3,6,5,7,2,1) : 1
(0,4,5) : 7
(0,4,5,1,2) : 1
(0,4,5,1,2,6,7,3) : 1
(0,4,5,1,2,7,3,6) : 2
(0,4,5,1,2,7,6,3) : 1
(0,4,5,1,6,3,7,2) : 2
(0,4,5,1,7,2,6,3) : 1
(0,4,5,1,7,3,2,6) : 1
(0,4,5,2,1,7,3,6) : 2
(0,4,5,2,3,1,7,6) : 2
(0,4,5,2,6,1,7) : 1
(0,4,5,2,6,7,3,1) : 1
(0,4,5,2,7,1,3,6) : 1
(0,4,5,2,7,3,6,1) : 2
(0,4,5,2,7,6,1) : 1
(0,4,5,2,7,6,3,1) : 1
(0,4,5,3,2,7,6,1) : 1
(0,4,5,3,6,2,7,1) : 1
(0,4,5,3,7,2,1,6) : 3
(0,4,5,3,7,2,6,1) : 2
(0,4,5,6) : 11
(0,4,5,6,1,2,7,3) : 4
(0,4,5,6,1,7,2,3) : 1
(0,4,5,6,1,7,3) : 1
(0,4,5,6,2,1,3,7) : 1
(0,4,5,6,2,1,7,3) : 1
(0,4,5,6,2,3,7,1) : 2
(0,4,5,6,2,7,1) : 2
(0,4,5,6,2,7,1,3) : 3
(0,4,5,6,2,7,3,1) : 3
(0,4,5,6,3,1,2,7) : 1
(0,4,5,6,3,2,7,1) : 1
(0,4,5,6,3,7,2,1) : 21
(0,4,5,6,7) : 2
(0,4,5,6,7,1,2,3) : 2
(0,4,5,6,7,2,1) : 3
(0,4,5,6,7,2,1,3) : 5
(0,4,5,6,7,2,3) : 1
(0,4,5,6,7,2,3,1) : 14
(0,4,5,6,7,3,1,2) : 1
(0,4,5,6,7,3,2,1) : 2
(0,4,5,7) : 2
(0,4,5,7,1,2,3,6) : 1
(0,4,5,7,1,2,6,3) : 1
(0,4,5,7,2) : 1
(0,4,5,7,2,1,6) : 1
(0,4,5,7,2,1,6,3) : 1
(0,4,5,7,2,3,1) : 1
(0,4,5,7,2,3,1,6) : 1
(0,4,5,7,2,3,6,1) : 6
(0,4,5,7,2,6) : 1
(0,4,5,7,2,6,1) : 1
(0,4,5,7,2,6,1,3) : 1
(0,4,5,7,2,6,3,1) : 1
(0,4,5,7,3,2,6,1) : 1
(0,4,5,7,6,1,2) : 1
(0,4,5,7,6,2,1,3) : 1
(0,4,5,7,6,2,3,1) : 2
(0,4,5,7,6,3,1,2) : 1
(0,4,5,7,6,3,2,1) : 1
(0,4,6) : 2
(0,4,6,1,2,5,7,3) : 1
(0,4,6,2,1,3,7,5) : 1
(0,4,6,2,7,3,1) : 1
(0,4,6,5) : 1
(0,4,6,5,1) : 1
(0,4,6,5,2,7,1,3) : 1
(0,4,6,5,2,7,3,1) : 1
(0,4,6,5,3,2,1,7) : 1
(0,4,6,5,3,2,7,1) : 2
(0,4,6,5,3,7,2,1) : 4
(0,4,6,5,7,1,2,3) : 1
(0,4,6,5,7,2,3,1) : 2
(0,4,6,5,7,3,2,1) : 4
(0,4,6,7,3,5,2,1) : 1
(0,4,7) : 2
(0,4,7,1,5,6,2,3) : 1
(0,4,7,2,5,3,6,1) : 1
(0,4,7,2,5,6,3,1) : 1
(0,4,7,3,5,6,1,2) : 1
(0,4,7,3,5,6,2,1) : 1
(0,4,7,5,2,6,3,1) : 1
(0,4,7,6,5,1,2,3) : 1
(0,4,7,6,5,3,2,1) : 1
(0,5) : 52
(0,5,1) : 6
(0,5,1,2,6,3,7,4) : 1
(0,5,1,2,7,3,4,6) : 1
(0,5,1,2,7,3,6,4) : 1
(0,5,1,2,7,4,3,6) : 3
(0,5,1,3,4,7,2,6) : 1
(0,5,1,4,3,7,2,6) : 2
(0,5,1,4,6,7,2,3) : 1
(0,5,1,4,7,2,6,3) : 1
(0,5,1,6,2) : 1
(0,5,1,6,2,7,3,4) : 1
(0,5,1,6,4,2,7,3) : 1
(0,5,1,6,4,3,2,7) : 2
(0,5,1,6,7,4,2,3) : 1
(0,5,1,7,2,3,6,4) : 1
(0,5,1,7,3,2,4,6) : 1
(0,5,1,7,4,2,6,3) : 1
(0,5,1,7,4,6,2,3) : 1
(0,5,2,1,6,4,3,7) : 1
(0,5,2,1,7,3,4,6) : 2
(0,5,2,1,7,4,3,6) : 1
(0,5,2,3,1,6,7,4) : 1
(0,5,2,3,1,7,4,6) : 1
(0,5,2,6,1,4,7,3) : 1
(0,5,2,6,4,3,7,1) : 3
(0,5,2,7,4,1,6,3) : 1
(0,5,3) : 2
(0,5,3,2,1,7,4,6) : 1
(0,5,3,4,6,7,2,1) : 1
(0,5,3,7,2,4,1,6) : 1
(0,5,3,7,2,4,6,1) : 1
(0,5,4) : 9
(0,5,4,1) : 1
(0,5,4,1,2,3,6,7) : 1
(0,5,4,1,2,6,3,7) : 1
(0,5,4,1,2,6,7,3) : 3
(0,5,4,1,2,7,6,3) : 3
(0,5,4,1,6,2,7,3) : 1
(0,5,4,1,7,2,3,6) : 2
(0,5,4,1,7,6,3,2) : 1
(0,5,4,2,1,3,7,6) : 1
(0,5,4,2,3,6,7,1) : 1
(0,5,4,2,6,1,7,3) : 1
(0,5,4,2,6,3,1,7) : 1
(0,5,4,2,6,3,7,1) : 1
(0,5,4,2,6,7,1,3) : 1
(0,5,4,2,6,7,3,1) : 4
(0,5,4,2,7,3,1,6) : 1
(0,5,4,2,7,3,6,1) : 6
(0,5,4,2,7,6,1,3) : 2
(0,5,4,2,7,6,3,1) : 3
(0,5,4,3,2,6,1,7) : 1
(0,5,4,3,6,2,7,1) : 1
(0,5,4,3,6,7,2,1) : 2
(0,5,4,3,7,2,1,6) : 4
(0,5,4,3,7,2,6) : 1
(0,5,4,3,7,2,6,1) : 4
(0,5,4,3,7,6,2,1) : 1
(0,5,4,6) : 6
(0,5,4,6,1,2,7,3) : 5
(0,5,4,6,1,7,2,3) : 2
(0,5,4,6,1,7,3,2) : 1
(0,5,4,6,2,1,3,7) : 1
(0,5,4,6,2,1,7,3) : 3
(0,5,4,6,2,3,1,7) : 2
(0,5,4,6,3,2,7,1) : 2
(0,5,4,6,3,7,1,2) : 1
(0,5,4,6,3,7,2,1) : 13
(0,5,4,6,7,1,2,3) : 2
(0,5,4,6,7,1,3,2) : 1
(0,5,4,6,7,2,1) : 1
(0,5,4,6,7,2,1,3) : 4
(0,5,4,6,7,2,3,1) : 6
(0,5,4,6,7,3,1,2) : 1
(0,5,4,6,7,3,2,1) : 4
(0,5,4,7,1,6,2,3) : 1
(0,5,4,7,2) : 1
(0,5,4,7,2,1,3,6) : 3
(0,5,4,7,2,1,6) : 1
(0,5,4,7,2,1,6,3) : 3
(0,5,4,7,2,3,1,6) : 1
(0,5,4,7,2,3,6,1) : 3
(0,5,4,7,2,6,1,3) : 1
(0,5,4,7,2,6,3,1) : 5
(0,5,4,7,3,2,6,1) : 1
(0,5,4,7,3,6,2,1) : 3
(0,5,4,7,6,1,2,3) : 1
(0,5,4,7,6,2,1,3) : 1
(0,5,4,7,6,2,3,1) : 2
(0,5,4,7,6,3,1,2) : 1
(0,5,4,7,6,3,2,1) : 2
(0,5,6) : 788
(0,5,6,1) : 5
(0,5,6,1,2,7,3,4) : 10
(0,5,6,1,3,2,4,7) : 1
(0,5,6,1,4,2,7,3) : 3
(0,5,6,1,4,3,7,2) : 2
(0,5,6,1,4,7,2,3) : 2
(0,5,6,1,7,2,3,4) : 1
(0,5,6,1,7,2,4,3) : 1
(0,5,6,1,7,4,3,2) : 1
(0,5,6,2) : 1
(0,5,6,2,1,3,7,4) : 1
(0,5,6,2,1,4,7,3) : 5
(0,5,6,2,1,7,3) : 1
(0,5,6,2,1,7,3,4) : 1
(0,5,6,2,1,7,4,3) : 1
(0,5,6,2,3,4,7,1) : 4
(0,5,6,2,3,7,4,1) : 1
(0,5,6,2,4,1,3,7) : 1
(0,5,6,2,4,1,7,3) : 1
(0,5,6,2,4,3,7,1) : 2
(0,5,6,2,4,7,1) : 1
(0,5,6,2,4,7,1,3) : 3
(0,5,6,2,4,7,3) : 1
(0,5,6,2,4,7,3,1) : 3
(0,5,6,2,7,1,3,4) : 1
(0,5,6,2,7,3,1,4) : 1
(0,5,6,2,7,3,4,1) : 2
(0,5,6,2,7,4,1,3) : 2
(0,5,6,2,7,4,3,1) : 5
(0,5,6,3) : 2
(0,5,6,3,2,1,7) : 1
(0,5,6,3,2,4,1,7) : 1
(0,5,6,3,2,4,7,1) : 2
(0,5,6,3,4,1,2,7) : 1
(0,5,6,3,4,2,1,7) : 1
(0,5,6,3,4,7,2,1) : 9
(0,5,6,3,7,2,1) : 2
(0,5,6,3,7,2,4,1) : 2
(0,5,6,3,7,4,2,1) : 2
(0,5,6,4) : 5
(0,5,6,4,1) : 1
(0,5,6,4,1,2,7,3) : 4
(0,5,6,4,1,3,7,2) : 1
(0,5,6,4,1,7,2,3) : 2
(0,5,6,4,2,1,3,7) : 1
(0,5,6,4,2,1,7,3) : 4
(0,5,6,4,2,3,7,1) : 4
(0,5,6,4,2,7,1,3) : 10
(0,5,6,4,2,7,3,1) : 31
(0,5,6,4,3,1,2,7) : 2
(0,5,6,4,3,1,7,2) : 2
(0,5,6,4,3,2,7,1) : 1
(0,5,6,4,3,7,2,1) : 62
(0,5,6,4,7,1,2,3) : 1
(0,5,6,4,7,2,1,3) : 4
(0,5,6,4,7,2,3,1) : 29
(0,5,6,4,7,3,1,2) : 3
(0,5,6,4,7,3,2,1) : 14
(0,5,6,7,1,2,3,4) : 1
(0,5,6,7,1,4,3,2) : 1
(0,5,6,7,2,1,4,3) : 1
(0,5,6,7,2,3,1) : 1
(0,5,6,7,2,3,4,1) : 3
(0,5,6,7,2,4,3,1) : 6
(0,5,6,7,3,2,4,1) : 1
(0,5,6,7,3,4,2) : 1
(0,5,6,7,3,4,2,1) : 3
(0,5,6,7,4,2,1) : 1
(0,5,6,7,4,2,3,1) : 4
(0,5,6,7,4,3,2,1) : 4
(0,5,7) : 6
(0,5,7,1,6,4,3,2) : 1
(0,5,7,2,3,1,6,4) : 1
(0,5,7,2,3,4,1,6) : 1
(0,5,7,2,3,6,4,1) : 1
(0,5,7,2,4,3,6,1) : 1
(0,5,7,2,4,6,1,3) : 1
(0,5,7,2,4,6,3,1) : 1
(0,5,7,3,1,2,4,6) : 1
(0,5,7,3,2,1,4,6) : 1
(0,5,7,3,4,6,2,1) : 1
(0,5,7,4,2,1,6) : 1
(0,5,7,4,2,1,6,3) : 1
(0,5,7,4,2,3,1,6) : 1
(0,5,7,4,2,3,6,1) : 1
(0,5,7,4,2,6,3,1) : 1
(0,5,7,4,6,1,2,3) : 1
(0,5,7,6,1,2,4,3) : 1
(0,5,7,6,4,3,2,1) : 1
(0,6) : 248
(0,6,1) : 20
(0,6,1,2,3,5,7,4) : 1
(0,6,1,2,4,5,7,3) : 5
(0,6,1,2,5,4,3,7) : 1
(0,6,1,2,5,4,7,3) : 1
(0,6,1,2,7,3,4,5) : 7
(0,6,1,2,7,5,4,3) : 2
(0,6,1,4,2,7,3,5) : 1
(0,6,1,4,5,2,7,3) : 1
(0,6,1,4,5,7,2,3) : 2
(0,6,1,5) : 1
(0,6,1,5,2,4,3,7) : 1
(0,6,1,5,2,7,4,3) : 2
(0,6,1,5,4,2,3,7) : 2
(0,6,1,5,4,2,7,3) : 8
(0,6,1,5,4,3,7,2) : 3
(0,6,1,5,4,7,2,3) : 1
(0,6,1,5,4,7,3,2) : 2
(0,6,1,7,2,3,4,5) : 2
(0,6,1,7,2,3,5,4) : 1
(0,6,1,7,2,4,5,3) : 1
(0,6,1,7,2,5,4,3) : 1
(0,6,1,7,4,5,2,3) : 1
(0,6,1,7,5,4,3,2) : 2
(0,6,2) : 4
(0,6,2,1,3,7,4,5) : 1
(0,6,2,1,5,4,7,3) : 1
(0,6,2,1,7,3,4,5) : 2
(0,6,2,3,7,4,5,1) : 2
(0,6,2,4,3) : 1
(0,6,2,4,5,1,7,3) : 1
(0,6,2,4,5,7,1,3) : 2
(0,6,2,4,5,7,3,1) : 6
(0,6,2,5,1) : 1
(0,6,2,5,3,4,1,7) : 1
(0,6,2,5,4,1,7,3) : 2
(0,6,2,5,4,3,1,7) : 1
(0,6,2,5,4,3,7,1) : 5
(0,6,2,5,4,7,1,3) : 3
(0,6,2,5,4,7,3,1) : 7
(0,6,2,7,3,4,1,5) : 1
(0,6,2,7,3,4,5,1) : 2
(0,6,2,7,4,5,1,3) : 1
(0,6,2,7,5,4,1,3) : 1
(0,6,3) : 4
(0,6,3,1,5,2,7,4) : 1
(0,6,3,2) : 1
(0,6,3,4,1,5,2,7) : 1
(0,6,3,4,5,2,1) : 1
(0,6,3,4,5,2,1,7) : 3
(0,6,3,4,5,2,7,1) : 1
(0,6,3,4,5,7,2,1) : 4
(0,6,3,5) : 1
(0,6,3,5,2,4,7,1) : 1
(0,6,3,5,4,2,7,1) : 4
(0,6,3,5,4,7,2,1) : 5
(0,6,3,7,2,4,5,1) : 3
(0,6,3,7,5,1,2,4) : 1
(0,6,3,7,5,4,2,1) : 2
(0,6,4) : 7
(0,6,4,2,7,3,5,1) : 2
(0,6,4,2,7,5,3,1) : 1
(0,6,4,3,7,2,5,1) : 1
(0,6,4,5) : 3
(0,6,4,5,1,2,7,3) : 5
(0,6,4,5,2,1,7,3) : 1
(0,6,4,5,2,3,1,7) : 1
(0,6,4,5,2,3,7,1) : 2
(0,6,4,5,2,7,1,3) : 4
(0,6,4,5,2,7,3,1) : 5
(0,6,4,5,3,1,2,7) : 2
(0,6,4,5,3,1,7,2) : 1
(0,6,4,5,3,7,2,1) : 8
(0,6,4,5,7,1) : 1
(0,6,4,5,7,1,2,3) : 1
(0,6,4,5,7,1,3,2) : 1
(0,6,4,5,7,2,1,3) : 8
(0,6,4,5,7,2,3,1) : 5
(0,6,4,5,7,3,2,1) : 4
(0,6,4,7,3,5,2,1) : 1
(0,6,4,7,5,2,1,3) : 1
(0,6,4,7,5,2,3,1) : 1
(0,6,5) : 105
(0,6,5,1) : 1
(0,6,5,1,2,7,3,4) : 3
(0,6,5,1,3,4,7,2) : 1
(0,6,5,1,4,2,7,3) : 3
(0,6,5,1,4,3,7,2) : 3
(0,6,5,1,4,7,2,3) : 1
(0,6,5,1,7,4,3,2) : 1
(0,6,5,2) : 3
(0,6,5,2,1,4,7,3) : 1
(0,6,5,2,3,7,4,1) : 3
(0,6,5,2,4,1,7,3) : 4
(0,6,5,2,4,3,1,7) : 1
(0,6,5,2,4,3,7,1) : 3
(0,6,5,2,4,7,1,3) : 1
(0,6,5,2,4,7,3,1) : 4
(0,6,5,2,7,3,1,4) : 1
(0,6,5,2,7,3,4,1) : 2
(0,6,5,2,7,4,1,3) : 2
(0,6,5,2,7,4,3,1) : 3
(0,6,5,3,1,2,4,7) : 1
(0,6,5,3,2,1,7,4) : 1
(0,6,5,3,2,4,7,1) : 2
(0,6,5,3,4,2,7,1) : 3
(0,6,5,3,4,7,2,1) : 6
(0,6,5,3,7,2,4,1) : 1
(0,6,5,3,7,4,2,1) : 1
(0,6,5,4) : 11
(0,6,5,4,1) : 2
(0,6,5,4,1,2,3,7) : 2
(0,6,5,4,1,2,7,3) : 23
(0,6,5,4,1,3,2,7) : 1
(0,6,5,4,1,7,2) : 1
(0,6,5,4,1,7,2,3) : 5
(0,6,5,4,1,7,3,2) : 2
(0,6,5,4,2) : 3
(0,6,5,4,2,1,3,7) : 3
(0,6,5,4,2,1,7,3) : 12
(0,6,5,4,2,3,1,7) : 1
(0,6,5,4,2,3,7,1) : 13
(0,6,5,4,2,7) : 1
(0,6,5,4,2,7,1,3) : 26
(0,6,5,4,2,7,3) : 1
(0,6,5,4,2,7,3,1) : 58
(0,6,5,4,3) : 1
(0,6,5,4,3,1,2,7) : 4
(0,6,5,4,3,2,1,7) : 1
(0,6,5,4,3,2,7,1) : 7
(0,6,5,4,3,7,1) : 1
(0,6,5,4,3,7,1,2) : 3
(0,6,5,4,3,7,2,1) : 86
(0,6,5,4,7) : 1
(0,6,5,4,7,1,2,3) : 3
(0,6,5,4,7,2) : 1
(0,6,5,4,7,2,1,3) : 28
(0,6,5,4,7,2,3,1) : 51
(0,6,5,4,7,3,1,2) : 3
(0,6,5,4,7,3,2,1) : 30
(0,6,5,7,1,2,3,4) : 1
(0,6,5,7,1,4,2,3) : 2
(0,6,5,7,2,1,4,3) : 1
(0,6,5,7,2,3,4,1) : 2
(0,6,5,7,2,4,3,1) : 2
(0,6,5,7,3,1,4,2) : 1
(0,6,5,7,3,4,2,1) : 3
(0,6,5,7,4,2,1,3) : 2
(0,6,5,7,4,2,3,1) : 2
(0,6,5,7,4,3,2,1) : 5
(0,6,7) : 7
(0,6,7,1) : 2
(0,6,7,1,2,3,4,5) : 2
(0,6,7,1,2,3,5,4) : 1
(0,6,7,1,5,4,2,3) : 1
(0,6,7,2,1,3,4,5) : 1
(0,6,7,2,1,3,5,4) : 1
(0,6,7,2,1,4,5,3) : 2
(0,6,7,2,3,4,5,1) : 2
(0,6,7,2,3,5,4,1) : 3
(0,6,7,2,4,5,1,3) : 1
(0,6,7,2,4,5,3,1) : 5
(0,6,7,2,5,4,1,3) : 2
(0,6,7,2,5,4,3,1) : 1
(0,6,7,3,4,5,1,2) : 1
(0,6,7,3,4,5,2,1) : 3
(0,6,7,3,5,1,2,4) : 1
(0,6,7,4) : 1
(0,6,7,4,1,2,5) : 1
(0,6,7,4,2,1,5,3) : 1
(0,6,7,4,2,5,1,3) : 1
(0,6,7,4,2,5,3,1) : 1
(0,6,7,4,5) : 1
(0,6,7,4,5,1,2) : 1
(0,6,7,4,5,2,1) : 1
(0,6,7,4,5,2,1,3) : 4
(0,6,7,4,5,2,3,1) : 7
(0,6,7,4,5,3,1,2) : 1
(0,6,7,4,5,3,2,1) : 6
(0,6,7,5,1,2,3,4) : 2
(0,6,7,5,2,4,3,1) : 2
(0,6,7,5,4,1,3,2) : 1
(0,6,7,5,4,2,1,3) : 2
(0,6,7,5,4,2,3,1) : 6
(0,6,7,5,4,3,2,1) : 6
(0,7) : 42
(0,7,1) : 5
(0,7,1,2,3,4,5,6) : 4
(0,7,1,2,3,4,6,5) : 1
(0,7,1,2,3,6,5,4) : 1
(0,7,1,2,4,5,6,3) : 3
(0,7,1,2,6,5,3,4) : 1
(0,7,1,2,6,5,4,3) : 1
(0,7,1,3,2,4,5,6) : 1
(0,7,1,3,2,5,4,6) : 1
(0,7,1,3,5,4,6,2) : 1
(0,7,1,4,3,6,5,2) : 1
(0,7,1,4,5,2,6,3) : 1
(0,7,1,4,5,3,2,6) : 1
(0,7,1,4,5,6,2,3) : 1
(0,7,2) : 1
(0,7,2,1,3,4,5,6) : 2
(0,7,2,1,3,4,6,5) : 1
(0,7,2,1,3,5,4,6) : 1
(0,7,2,1,4,5,6,3) : 1
(0,7,2,3) : 1
(0,7,2,3,4,5,6,1) : 3
(0,7,2,4,3,5,6,1) : 1
(0,7,2,4,5,3,6,1) : 1
(0,7,2,4,5,6,1,3) : 1
(0,7,2,4,5,6,3,1) : 4
(0,7,2,5,1,3,6,4) : 1
(0,7,2,5,4,6,1,3) : 2
(0,7,2,5,4,6,3,1) : 2
(0,7,2,5,6,4,3,1) : 1
(0,7,2,6,5,3,4,1) : 1
(0,7,3) : 3
(0,7,3,1,2,4,5,6) : 1
(0,7,3,1,2,6,4,5) : 1
(0,7,3,1,4,5,2,6) : 1
(0,7,3,2,1,5,6,4) : 1
(0,7,3,2,4,5,1,6) : 1
(0,7,3,2,4,5,6,1) : 1
(0,7,3,2,4,6,5,1) : 1
(0,7,3,2,6,4,5,1) : 1
(0,7,3,4) : 1
(0,7,3,4,2,5,6,1) : 1
(0,7,3,4,5,1,6) : 1
(0,7,3,4,5,2,1) : 1
(0,7,3,4,5,2,1,6) : 2
(0,7,3,4,5,2,6,1) : 2
(0,7,3,4,5,6,1,2) : 1
(0,7,3,4,5,6,2,1) : 9
(0,7,3,4,6,5,2,1) : 4
(0,7,3,5,4,2,1,6) : 1
(0,7,3,5,4,6,2,1) : 1
(0,7,3,5,6,4,2,1) : 1
(0,7,3,6) : 1
(0,7,3,6,5,4,2,1) : 2
(0,7,4) : 2
(0,7,4,1,2,3,5,6) : 1
(0,7,4,3,5,2,1,6) : 2
(0,7,4,3,5,6,2,1) : 1
(0,7,4,5) : 1
(0,7,4,5,1,2,3,6) : 3
(0,7,4,5,1,6,3,2) : 2
(0,7,4,5,2,1,3,6) : 4
(0,7,4,5,2,3,1,6) : 1
(0,7,4,5,2,6,1) : 1
(0,7,4,5,2,6,3,1) : 1
(0,7,4,5,3,2,6,1) : 2
(0,7,4,5,3,6,1,2) : 1
(0,7,4,5,3,6,2,1) : 2
(0,7,4,5,6,1,2,3) : 2
(0,7,4,5,6,2,1) : 5
(0,7,4,5,6,2,1,3) : 3
(0,7,4,5,6,2,3,1) : 7
(0,7,4,5,6,3,2,1) : 8
(0,7,4,6,5,2,1,3) : 1
(0,7,4,6,5,3,2,1) : 3
(0,7,5) : 1
(0,7,5,1,3,4,2,6) : 1
(0,7,5,2,4,3,1,6) : 1
(0,7,5,2,4,6,3,1) : 1
(0,7,5,3,4,2,6,1) : 2
(0,7,5,3,4,6,2,1) : 1
(0,7,5,4,1,2,3,6) : 1
(0,7,5,4,2,1,3,6) : 1
(0,7,5,4,2,1,6,3) : 1
(0,7,5,4,2,3,1,6) : 1
(0,7,5,4,2,3,6,1) : 1
(0,7,5,4,2,6,3,1) : 1
(0,7,5,4,3,2,1,6) : 1
(0,7,5,4,6,2,3,1) : 2
(0,7,5,4,6,3,2,1) : 3
(0,7,5,6) : 1
(0,7,5,6,1,4,2,3) : 1
(0,7,5,6,2,4,3,1) : 1
(0,7,5,6,4,3,2,1) : 6
(0,7,6) : 4
(0,7,6,1) : 1
(0,7,6,1,2,3,5,4) : 1
(0,7,6,1,5,4,2,3) : 1
(0,7,6,2,3,5,4,1) : 2
(0,7,6,2,4,5,1,3) : 1
(0,7,6,2,4,5,3,1) : 1
(0,7,6,2,5,4,3,1) : 1
(0,7,6,3,4,1,5,2) : 1
(0,7,6,4,5,2,1,3) : 1
(0,7,6,4,5,3,2,1) : 3
(0,7,6,5,2,4,1,3) : 1
(0,7,6,5,4,2) : 1
(0,7,6,5,4,2,1) : 1
(0,7,6,5,4,2,1,3) : 1
(0,7,6,5,4,2,3,1) : 3
(0,7,6,5,4,3,2,1) : 5
(1) : 23262
(1,0) : 136
(1,0,2) : 4
(1,0,2,3) : 1
(1,0,2,3,4,5,7,6) : 1
(1,0,2,3,4,7,5,6) : 1
(1,0,2,3,4,7,6,5) : 1
(1,0,2,3,6,5,4,7) : 2
(1,0,2,3,7) : 1
(1,0,2,3,7,4,5,6) : 9
(1,0,2,3,7,4,6,5) : 1
(1,0,2,4,3,6,5,7) : 1
(1,0,2,4,5,6,3,7) : 1
(1,0,2,4,5,6,7,3) : 5
(1,0,2,4,5,7,3,6) : 1
(1,0,2,4,5,7,6,3) : 2
(1,0,2,4,7,3,5,6) : 2
(1,0,2,4,7,5) : 1
(1,0,2,5,4,3,7,6) : 2
(1,0,2,5,4,6,7,3) : 1
(1,0,2,5,4,7,3,6) : 1
(1,0,2,5,7,3,6,4) : 1
(1,0,2,6,5,4,3,7) : 3
(1,0,2,6,5,4,7,3) : 1
(1,0,2,6,7,3,4,5) : 1
(1,0,2,6,7,4,3,5) : 1
(1,0,2,6,7,4,5,3) : 1
(1,0,2,7,3) : 1
(1,0,2,7,3,4) : 1
(1,0,2,7,3,4,5,6) : 77
(1,0,2,7,3,4,6,5) : 1
(1,0,2,7,3,5,4,6) : 5
(1,0,2,7,3,5,6,4) : 3
(1,0,2,7,3,6,5,4) : 2
(1,0,2,7,4,3,5,6) : 6
(1,0,2,7,4,5,3,6) : 1
(1,0,2,7,4,5,6,3) : 7
(1,0,2,7,5,3,6,4) : 1
(1,0,2,7,5,4,3) : 1
(1,0,2,7,5,4,3,6) : 2
(1,0,2,7,5,4,6,3) : 1
(1,0,2,7,5,6,4,3) : 1
(1,0,2,7,6,4,5,3) : 1
(1,0,2,7,6,5,4,3) : 1
(1,0,3) : 3
(1,0,3,2,4,5,6,7) : 1
(1,0,3,2,4,5,7,6) : 1
(1,0,3,2,7,4,5,6) : 2
(1,0,3,4,2,5,6,7) : 1
(1,0,3,4,5,2,7,6) : 3
(1,0,3,4,5,6,2,7) : 4
(1,0,3,4,5,6,7,2) : 2
(1,0,3,4,5,7,2,6) : 1
(1,0,3,4,7,2,6,5) : 1
(1,0,3,5,4,6,2,7) : 2
(1,0,3,5,4,7,2,6) : 1
(1,0,3,5,6,2,4,7) : 1
(1,0,3,6) : 1
(1,0,3,6,4,5,7,2) : 1
(1,0,3,6,5,4,7,2) : 1
(1,0,3,7) : 1
(1,0,3,7,2,4,5,6) : 7
(1,0,3,7,5,4,6,2) : 1
(1,0,4) : 4
(1,0,4,2,5,6,3,7) : 1
(1,0,4,2,5,7,3,6) : 1
(1,0,4,3,5,6,7,2) : 1
(1,0,4,3,7,2,5,6) : 1
(1,0,4,5) : 1
(1,0,4,5,2) : 1
(1,0,4,5,2,3,6,7) : 1
(1,0,4,5,2,3,7,6) : 1
(1,0,4,5,2,7,3,6) : 4
(1,0,4,5,2,7,6) : 2
(1,0,4,5,2,7,6,3) : 5
(1,0,4,5,3) : 1
(1,0,4,5,3,2,6,7) : 1
(1,0,4,5,6) : 1
(1,0,4,5,6,2,3,7) : 3
(1,0,4,5,6,2,7,3) : 5
(1,0,4,5,6,3,2,7) : 1
(1,0,4,5,6,3,7,2) : 8
(1,0,4,5,6,7,2,3) : 2
(1,0,4,5,6,7,3,2) : 1
(1,0,4,5,7) : 1
(1,0,4,5,7,2,3,6) : 3
(1,0,4,5,7,2,6) : 1
(1,0,4,5,7,2,6,3) : 2
(1,0,4,5,7,3,2,6) : 2
(1,0,4,5,7,6) : 1
(1,0,4,5,7,6,2) : 1
(1,0,4,6,5,2,7,3) : 2
(1,0,5) : 4
(1,0,5,2,4,7,3,6) : 2
(1,0,5,2,7,4,3,6) : 1
(1,0,5,2,7,6,4,3) : 1
(1,0,5,3,4,7,2,6) : 1
(1,0,5,4) : 1
(1,0,5,4,2,3,7,6) : 2
(1,0,5,4,2,7,6,3) : 2
(1,0,5,4,3,2,7,6) : 2
(1,0,5,4,3,6,2,7) : 2
(1,0,5,4,3,7,2,6) : 1
(1,0,5,4,3,7,6,2) : 1
(1,0,5,4,6,2,7,3) : 3
(1,0,5,4,6,3,2,7) : 1
(1,0,5,4,6,3,7,2) : 1
(1,0,5,4,6,7,2,3) : 3
(1,0,5,4,7,2,3,6) : 4
(1,0,5,4,7,2,6) : 1
(1,0,5,4,7,2,6,3) : 2
(1,0,5,4,7,3,2,6) : 1
(1,0,5,6,4,2,7,3) : 3
(1,0,5,6,4,3,7,2) : 5
(1,0,5,6,4,7,2,3) : 1
(1,0,5,6,7,2,3,4) : 1
(1,0,5,6,7,4,3,2) : 1
(1,0,5,7) : 1
(1,0,5,7,3,4,6,2) : 1
(1,0,5,7,4,2,6,3) : 1
(1,0,5,7,4,6,3,2) : 1
(1,0,6) : 8
(1,0,6,2,5,7,4,3) : 1
(1,0,6,2,7,3,4,5) : 1
(1,0,6,2,7,5,3,4) : 1
(1,0,6,2,7,5,4,3) : 1
(1,0,6,3,4,5,7,2) : 1
(1,0,6,4) : 1
(1,0,6,4,2,5,7,3) : 1
(1,0,6,4,3,5,7,2) : 1
(1,0,6,4,5,2,7,3) : 1
(1,0,6,4,5,7,2,3) : 1
(1,0,6,5,2,4,3,7) : 1
(1,0,6,5,2,4,7,3) : 3
(1,0,6,5,2,7,4,3) : 2
(1,0,6,5,3,2,4,7) : 1
(1,0,6,5,3,4,2,7) : 2
(1,0,6,5,4,2,3,7) : 6
(1,0,6,5,4,2,7,3) : 10
(1,0,6,5,4,3,2,7) : 2
(1,0,6,5,4,3,7,2) : 6
(1,0,6,5,4,7,2,3) : 3
(1,0,6,5,4,7,3) : 1
(1,0,6,5,4,7,3,2) : 1
(1,0,6,5,7) : 1
(1,0,6,5,7,2,3,4) : 1
(1,0,6,5,7,3,4,2) : 1
(1,0,6,5,7,4,3,2) : 1
(1,0,6,7,2,3,4,5) : 2
(1,0,6,7,2,4,3,5) : 1
(1,0,6,7,2,4,5,3) : 1
(1,0,6,7,3,4,5,2) : 1
(1,0,6,7,5,4,2,3) : 2
(1,0,6,7,5,4,3,2) : 1
(1,0,7) : 1
(1,0,7,2,3) : 1
(1,0,7,2,3,4,5,6) : 12
(1,0,7,2,3,5,4,6) : 3
(1,0,7,2,4,3,5,6) : 3
(1,0,7,2,4,3,6,5) : 1
(1,0,7,2,4,5,3,6) : 3
(1,0,7,2,5,4,3,6) : 1
(1,0,7,2,5,4,6,3) : 2
(1,0,7,2,6,4,5,3) : 1
(1,0,7,2,6,5,4,3) : 1
(1,0,7,3) : 3
(1,0,7,3,2,4,5,6) : 2
(1,0,7,3,4,2,6,5) : 1
(1,0,7,3,4,5,2,6) : 2
(1,0,7,3,4,5,6,2) : 1
(1,0,7,3,4,6,5) : 1
(1,0,7,4,2,5,3,6) : 1
(1,0,7,4,3,2,5,6) : 1
(1,0,7,4,3,5,6,2) : 1
(1,0,7,4,5) : 3
(1,0,7,4,5,2,3,6) : 1
(1,0,7,4,5,2,6) : 1
(1,0,7,4,5,2,6,3) : 3
(1,0,7,4,5,3,2,6) : 1
(1,0,7,4,5,6,2) : 1
(1,0,7,4,5,6,2,3) : 3
(1,0,7,4,5,6,3,2) : 2
(1,0,7,4,6,2,3,5) : 1
(1,0,7,5,4,2,3,6) : 1
(1,0,7,5,4,2,6,3) : 1
(1,0,7,5,4,6,2,3) : 2
(1,0,7,5,4,6,3,2) : 1
(1,0,7,5,6,4,2,3) : 1
(1,0,7,6,3,4,5,2) : 1
(1,0,7,6,5,3,4,2) : 1
(1,0,7,6,5,4,2,3) : 1
(1,0,7,6,5,4,3,2) : 1
(1,2) : 12
(1,2,0) : 3
(1,2,0,3,6,5,4,7) : 1
(1,2,0,3,7,4,5,6) : 2
(1,2,0,4,5,3,6) : 1
(1,2,0,4,5,3,7,6) : 1
(1,2,0,4,5,6,7,3) : 1
(1,2,0,4,5,7,3,6) : 1
(1,2,0,5,4,6,3,7) : 1
(1,2,0,5,7,3,4,6) : 1
(1,2,0,6,5,4,7,3) : 1
(1,2,0,7,3,4,5,6) : 6
(1,2,0,7,3,5,4,6) : 1
(1,2,0,7,4,5,6,3) : 3
(1,2,0,7,4,6,5,3) : 1
(1,2,0,7,5,6,4,3) : 1
(1,2,0,7,6,4,3,5) : 1
(1,2,3,0,6) : 1
(1,2,3,4,0,7,5,6) : 1
(1,2,3,4,5,0,6,7) : 2
(1,2,3,4,5,0,7,6) : 1
(1,2,3,4,5,6,0) : 1
(1,2,3,4,5,6,7,0) : 3
(1,2,3,4,5,7,0,6) : 1
(1,2,3,4,5,7,6,0) : 1
(1,2,3,5,4,6,7,0) : 1
(1,2,3,5,6,4,7,0) : 2
(1,2,3,6,5,4,7,0) : 2
(1,2,3,7,0,4,5,6) : 1
(1,2,3,7,4,5,0,6) : 1
(1,2,3,7,4,5,6,0) : 1
(1,2,4) : 1
(1,2,4,3,5,7,0,6) : 1
(1,2,4,3,7,0,5,6) : 1
(1,2,4,5,0,7,3,6) : 1
(1,2,4,5,3,0,6,7) : 1
(1,2,4,5,3,6,7,0) : 3
(1,2,4,5,3,7,0,6) : 3
(1,2,4,5,6,0,7) : 1
(1,2,4,5,6,3,0) : 1
(1,2,4,5,6,3,7,0) : 4
(1,2,4,5,6,7,0) : 1
(1,2,4,5,6,7,0,3) : 1
(1,2,4,5,6,7,3,0) : 1
(1,2,4,5,7) : 1
(1,2,4,5,7,0,3,6) : 3
(1,2,4,5,7,0,6,3) : 2
(1,2,4,5,7,3,6,0) : 1
(1,2,4,5,7,6,3,0) : 1
(1,2,5) : 1
(1,2,5,0,7,3,4,6) : 1
(1,2,5,4,3,7,0,6) : 2
(1,2,5,4,7) : 1
(1,2,5,4,7,3,0,6) : 3
(1,2,5,4,7,3,6,0) : 1
(1,2,5,4,7,6,3,0) : 2
(1,2,5,6,3,7,0,4) : 1
(1,2,5,6,4,0,3,7) : 1
(1,2,5,6,4,7,0,3) : 2
(1,2,5,6,4,7,3,0) : 3
(1,2,6) : 2
(1,2,6,3) : 1
(1,2,6,3,7,4,5,0) : 1
(1,2,6,4,3,7,0,5) : 1
(1,2,6,5,0,4,7,3) : 1
(1,2,6,5,4,0,7,3) : 1
(1,2,6,5,4,3,7,0) : 2
(1,2,6,5,4,7,0,3) : 1
(1,2,7) : 1
(1,2,7,0,3,4,5,6) : 9
(1,2,7,0,3,4,6,5) : 1
(1,2,7,0,3,5,4) : 1
(1,2,7,0,3,6,5,4) : 1
(1,2,7,0,4,5,3,6) : 1
(1,2,7,0,4,5,6,3) : 1
(1,2,7,0,5,4,3,6) : 2
(1,2,7,3) : 1
(1,2,7,3,0) : 1
(1,2,7,3,0,4,5,6) : 4
(1,2,7,3,4) : 1
(1,2,7,3,4,0,5,6) : 3
(1,2,7,3,4,0,6,5) : 1
(1,2,7,3,4,5,0,6) : 7
(1,2,7,3,4,5,6) : 2
(1,2,7,3,4,5,6,0) : 51
(1,2,7,3,4,6,5,0) : 2
(1,2,7,3,5,0,6,4) : 1
(1,2,7,3,5,4,6,0) : 2
(1,2,7,4,0,5,3,6) : 1
(1,2,7,4,3) : 1
(1,2,7,4,3,5,0,6) : 1
(1,2,7,4,3,5,6,0) : 1
(1,2,7,4,5) : 1
(1,2,7,4,5,0,3,6) : 3
(1,2,7,4,5,0,6,3) : 2
(1,2,7,4,5,3,0,6) : 4
(1,2,7,4,5,3,6,0) : 2
(1,2,7,4,5,6,0,3) : 1
(1,2,7,4,5,6,3) : 1
(1,2,7,4,5,6,3,0) : 6
(1,2,7,4,6,5,3,0) : 2
(1,2,7,5,4,0,3,6) : 1
(1,2,7,5,4,3,0,6) : 3
(1,2,7,5,4,3,6,0) : 3
(1,2,7,5,4,6,3,0) : 1
(1,2,7,5,6,4,3,0) : 1
(1,2,7,6,4,5,3,0) : 1
(1,2,7,6,5,4,3,0) : 2
(1,3) : 300
(1,3,0) : 11
(1,3,0,2,4,5,6,7) : 1
(1,3,0,2,4,5,7,6) : 1
(1,3,0,2,7,4,5,6) : 7
(1,3,0,2,7,4,6,5) : 1
(1,3,0,4) : 1
(1,3,0,4,2,7,5,6) : 1
(1,3,0,4,5,2,6) : 1
(1,3,0,4,5,2,6,7) : 1
(1,3,0,4,5,2,7,6) : 3
(1,3,0,4,5,6,2,7) : 1
(1,3,0,4,5,6,7,2) : 1
(1,3,0,4,5,7,2,6) : 2
(1,3,0,4,5,7,6,2) : 1
(1,3,0,5,4,2,6,7) : 1
(1,3,0,5,4,2,7,6) : 2
(1,3,0,5,4,6,7,2) : 1
(1,3,0,5,6,4,7,2) : 2
(1,3,0,6,5,4,7,2) : 1
(1,3,0,7,2,4,5,6) : 1
(1,3,0,7,2,4,6,5) : 1
(1,3,0,7,4,5,6,2) : 2
(1,3,2) : 3
(1,3,2,0,4,5,6,7) : 1
(1,3,2,0,7,4,5,6) : 2
(1,3,2,4,0,5,6,7) : 1
(1,3,2,4,0,5,7,6) : 1
(1,3,2,4,0,6,5) : 1
(1,3,2,4,5,0,6,7) : 4
(1,3,2,4,5,0,7,6) : 7
(1,3,2,4,5,6,0) : 1
(1,3,2,4,5,6,0,7) : 2
(1,3,2,4,5,6,7,0) : 1
(1,3,2,4,5,7,0,6) : 1
(1,3,2,4,5,7,6,0) : 2
(1,3,2,4,7,5,0,6) : 2
(1,3,2,5,0,7,6,4) : 1
(1,3,2,5,4,0,6,7) : 2
(1,3,2,5,4,6,7,0) : 1
(1,3,2,5,4,7,0,6) : 1
(1,3,2,5,6) : 1
(1,3,2,5,6,4,0) : 1
(1,3,2,5,7,6,0) : 2
(1,3,2,7,4,0,5,6) : 1
(1,3,2,7,4,5,0,6) : 5
(1,3,2,7,4,5,6,0) : 4
(1,3,2,7,6,4,5,0) : 1
(1,3,4) : 6
(1,3,4,0,5,6,7,2) : 1
(1,3,4,0,5,7,2,6) : 1
(1,3,4,0,7,5,2,6) : 1
(1,3,4,2) : 1
(1,3,4,2,0,5,7,6) : 1
(1,3,4,2,5,6,0,7) : 1
(1,3,4,2,5,7,0,6) : 3
(1,3,4,2,6,5,7,0) : 1
(1,3,4,2,7,5,0,6) : 4
(1,3,4,2,7,5,6,0) : 1
(1,3,4,2,7,6,0,5) : 1
(1,3,4,5) : 4
(1,3,4,5,0) : 1
(1,3,4,5,0,2,6) : 1
(1,3,4,5,0,2,6,7) : 1
(1,3,4,5,0,2,7,6) : 4
(1,3,4,5,0,6,2,7) : 1
(1,3,4,5,0,6,7,2) : 2
(1,3,4,5,0,7,2,6) : 1
(1,3,4,5,0,7,6,2) : 1
(1,3,4,5,2,0,6) : 1
(1,3,4,5,2,0,6,7) : 6
(1,3,4,5,2,0,7,6) : 5
(1,3,4,5,2,6,0) : 2
(1,3,4,5,2,6,0,7) : 6
(1,3,4,5,2,6,7,0) : 1
(1,3,4,5,2,7) : 2
(1,3,4,5,2,7,0,6) : 18
(1,3,4,5,2,7,6) : 1
(1,3,4,5,2,7,6,0) : 6
(1,3,4,5,6,0) : 2
(1,3,4,5,6,0,2,7) : 1
(1,3,4,5,6,2,0) : 1
(1,3,4,5,6,2,0,7) : 1
(1,3,4,5,6,2,7,0) : 5
(1,3,4,5,6,7,0) : 1
(1,3,4,5,6,7,0,2) : 1
(1,3,4,5,6,7,2,0) : 8
(1,3,4,5,7,0,2,6) : 1
(1,3,4,5,7,2,0,6) : 22
(1,3,4,5,7,2,6,0) : 7
(1,3,4,5,7,6,0,2) : 1
(1,3,4,6,5,2,7,0) : 1
(1,3,4,6,5,7,2,0) : 1
(1,3,4,7,2,0,5,6) : 1
(1,3,4,7,2,5,0,6) : 1
(1,3,4,7,5,2,0,6) : 1
(1,3,5) : 7
(1,3,5,0,2,7,4,6) : 1
(1,3,5,0,4,2,7,6) : 1
(1,3,5,2,0,4,6,7) : 1
(1,3,5,2,0,6,7) : 1
(1,3,5,2,0,6,7,4) : 1
(1,3,5,2,0,7,4,6) : 2
(1,3,5,2,4,6,7,0) : 1
(1,3,5,2,4,7,0,6) : 4
(1,3,5,2,6,4,0,7) : 1
(1,3,5,2,7,4,0,6) : 1
(1,3,5,2,7,4,6,0) : 1
(1,3,5,2,7,6,4,0) : 1
(1,3,5,4) : 3
(1,3,5,4,0,2,6,7) : 1
(1,3,5,4,0,2,7,6) : 2
(1,3,5,4,0,6,7,2) : 1
(1,3,5,4,0,7,2,6) : 1
(1,3,5,4,0,7,6,2) : 1
(1,3,5,4,2,0,6) : 2
(1,3,5,4,2,0,6,7) : 3
(1,3,5,4,2,0,7,6) : 2
(1,3,5,4,2,7,0,6) : 9
(1,3,5,4,2,7,6) : 1
(1,3,5,4,2,7,6,0) : 6
(1,3,5,4,6,0,2,7) : 2
(1,3,5,4,6,2,0,7) : 1
(1,3,5,4,6,7,2,0) : 2
(1,3,5,4,7,0,2,6) : 2
(1,3,5,4,7,0,6,2) : 1
(1,3,5,4,7,2,0,6) : 13
(1,3,5,4,7,2,6,0) : 8
(1,3,5,6,0,4,2,7) : 1
(1,3,5,6,4,2,7,0) : 1
(1,3,5,6,4,7,2,0) : 3
(1,3,5,6,7,4,2,0) : 1
(1,3,5,7,2,0,4) : 1
(1,3,5,7,2,0,4,6) : 1
(1,3,5,7,2,4,0,6) : 4
(1,3,5,7,4,2,0,6) : 3
(1,3,6) : 6
(1,3,6,0,5) : 1
(1,3,6,0,7) : 1
(1,3,6,4,5,0,2,7) : 1
(1,3,6,4,5,2,0) : 1
(1,3,6,4,5,2,7,0) : 1
(1,3,6,4,5,7,2,0) : 1
(1,3,6,5,2,7,0,4) : 1
(1,3,6,5,2,7,4,0) : 1
(1,3,6,5,4,0,7,2) : 1
(1,3,6,5,4,2,0,7) : 2
(1,3,6,5,4,7,2,0) : 5
(1,3,7) : 14
(1,3,7,0) : 1
(1,3,7,0,2,4,5,6) : 1
(1,3,7,0,2,4,6,5) : 1
(1,3,7,0,4,2,5,6) : 1
(1,3,7,0,4,5,2,6) : 2
(1,3,7,0,6) : 1
(1,3,7,2,0) : 1
(1,3,7,2,0,4,5,6) : 4
(1,3,7,2,4,5,0,6) : 15
(1,3,7,2,4,5,6,0) : 8
(1,3,7,2,5,4,0,6) : 1
(1,3,7,2,5,4,6,0) : 1
(1,3,7,4) : 2
(1,3,7,4,0,5,6) : 1
(1,3,7,4,2,5,0,6) : 4
(1,3,7,4,2,5,6,0) : 1
(1,3,7,4,5) : 1
(1,3,7,4,5,0,6) : 1
(1,3,7,4,5,0,6,2) : 2
(1,3,7,4,5,2,0) : 1
(1,3,7,4,5,2,0,6) : 19
(1,3,7,4,5,2,6,0) : 5
(1,3,7,4,5,6,0,2) : 2
(1,3,7,4,5,6,2,0) : 3
(1,3,7,5,2,4,0,6) : 1
(1,3,7,5,2,6,4,0) : 1
(1,3,7,5,4,0,6) : 1
(1,3,7,5,4,2,0,6) : 3
(1,3,7,5,4,2,6,0) : 1
(1,3,7,5,4,6,2,0) : 1
(1,3,7,6,4,2,5,0) : 1
(1,3,7,6,5,4,2,0) : 1
(1,4) : 42
(1,4,0) : 3
(1,4,0,2,3,5,7,6) : 1
(1,4,0,2,5,3,6,7) : 1
(1,4,0,2,5,6,7,3) : 1
(1,4,0,2,6,5,3,7) : 1
(1,4,0,3,5,2,6,7) : 1
(1,4,0,5,2,6,7,3) : 1
(1,4,0,5,3,2,7,6) : 1
(1,4,0,5,3,7,2,6) : 1
(1,4,0,5,6) : 1
(1,4,0,5,6,3,7,2) : 1
(1,4,2) : 1
(1,4,2,0,3,7,5,6) : 1
(1,4,2,3,7,0,5,6) : 1
(1,4,2,3,7,5,6,0) : 1
(1,4,2,5,0,3,7,6) : 1
(1,4,2,5,6,7,3,0) : 1
(1,4,2,5,7,3,6,0) : 2
(1,4,2,7,0,3,5,6) : 1
(1,4,2,7,3,0,5,6) : 2
(1,4,2,7,3,5,0,6) : 1
(1,4,2,7,3,5,6,0) : 1
(1,4,2,7,5,3,0,6) : 1
(1,4,3) : 1
(1,4,3,0,2,5,6) : 1
(1,4,3,0,2,5,6,7) : 1
(1,4,3,0,2,7,5,6) : 2
(1,4,3,2,0,7,5,6) : 1
(1,4,3,2,6,5,0) : 1
(1,4,3,2,7,5,0,6) : 3
(1,4,3,2,7,5,6,0) : 1
(1,4,3,5,0,6) : 1
(1,4,3,5,2,6,7,0) : 1
(1,4,3,5,2,7,6,0) : 1
(1,4,3,5,6,0,2,7) : 1
(1,4,3,5,6,7,2,0) : 1
(1,4,3,5,7,2,0,6) : 1
(1,4,3,7,0,2,5,6) : 1
(1,4,3,7,2,0,5,6) : 1
(1,4,3,7,2,5,6,0) : 1
(1,4,3,7,5) : 1
(1,4,3,7,6,5,0,2) : 1
(1,4,5) : 16
(1,4,5,0) : 1
(1,4,5,0,2,3,7,6) : 1
(1,4,5,0,2,6,3,7) : 1
(1,4,5,0,2,6,7,3) : 4
(1,4,5,0,2,7,3,6) : 7
(1,4,5,0,2,7,6) : 1
(1,4,5,0,6,2,3,7) : 1
(1,4,5,0,6,2,7,3) : 2
(1,4,5,0,6,7,2,3) : 1
(1,4,5,0,7,2,3,6) : 2
(1,4,5,0,7,2,6) : 1
(1,4,5,0,7,2,6,3) : 1
(1,4,5,0,7,3,2,6) : 1
(1,4,5,0,7,3,6,2) : 1
(1,4,5,0,7,6,2,3) : 1
(1,4,5,2) : 1
(1,4,5,2,0,7,3,6) : 5
(1,4,5,2,0,7,6,3) : 3
(1,4,5,2,3,6,7,0) : 3
(1,4,5,2,3,7,0,6) : 2
(1,4,5,2,3,7,6,0) : 2
(1,4,5,2,6,0,7,3) : 1
(1,4,5,2,6,7,3,0) : 3
(1,4,5,2,7,0,3,6) : 4
(1,4,5,2,7,0,6) : 1
(1,4,5,2,7,0,6,3) : 1
(1,4,5,2,7,3,0,6) : 8
(1,4,5,2,7,3,6,0) : 11
(1,4,5,2,7,6,0) : 1
(1,4,5,2,7,6,3,0) : 3
(1,4,5,3) : 1
(1,4,5,3,0,2,7,6) : 3
(1,4,5,3,0,6,7,2) : 1
(1,4,5,3,2) : 1
(1,4,5,3,2,0,6,7) : 1
(1,4,5,3,2,0,7,6) : 2
(1,4,5,3,2,6,0,7) : 1
(1,4,5,3,2,6,7) : 1
(1,4,5,3,2,6,7,0) : 2
(1,4,5,3,2,7,0,6) : 2
(1,4,5,3,2,7,6) : 1
(1,4,5,3,2,7,6,0) : 1
(1,4,5,3,6,0,2) : 1
(1,4,5,3,6,2,7,0) : 2
(1,4,5,3,6,7,0,2) : 2
(1,4,5,3,7) : 1
(1,4,5,3,7,0,2,6) : 3
(1,4,5,3,7,2) : 1
(1,4,5,3,7,2,0,6) : 6
(1,4,5,3,7,2,6,0) : 3
(1,4,5,3,7,6,2,0) : 1
(1,4,5,6) : 4
(1,4,5,6,0,2,7,3) : 5
(1,4,5,6,0,3,7,2) : 1
(1,4,5,6,2,0,7,3) : 2
(1,4,5,6,2,3,7,0) : 1
(1,4,5,6,2,7,0,3) : 2
(1,4,5,6,2,7,3,0) : 6
(1,4,5,6,3,0) : 1
(1,4,5,6,3,0,2,7) : 2
(1,4,5,6,3,2,0,7) : 1
(1,4,5,6,3,2,7,0) : 3
(1,4,5,6,3,7,2,0) : 13
(1,4,5,6,7,0,2,3) : 1
(1,4,5,6,7,2,0) : 3
(1,4,5,6,7,2,0,3) : 5
(1,4,5,6,7,2,3,0) : 3
(1,4,5,6,7,3,2,0) : 2
(1,4,5,7) : 3
(1,4,5,7,0) : 1
(1,4,5,7,0,2,3) : 1
(1,4,5,7,0,2,3,6) : 4
(1,4,5,7,0,2,6,3) : 1
(1,4,5,7,0,6,2,3) : 1
(1,4,5,7,0,6,3,2) : 1
(1,4,5,7,2,0,3,6) : 5
(1,4,5,7,2,0,6) : 3
(1,4,5,7,2,0,6,3) : 1
(1,4,5,7,2,3,0,6) : 10
(1,4,5,7,2,3,6) : 1
(1,4,5,7,2,3,6,0) : 7
(1,4,5,7,2,6,0,3) : 4
(1,4,5,7,2,6,3,0) : 7
(1,4,5,7,3,0,2,6) : 1
(1,4,5,7,3,2,0,6) : 2
(1,4,5,7,3,2,6,0) : 2
(1,4,5,7,3,6,0) : 2
(1,4,5,7,3,6,2,0) : 2
(1,4,5,7,6,0,2,3) : 1
(1,4,5,7,6,0,3) : 1
(1,4,5,7,6,2,0,3) : 2
(1,4,5,7,6,2,3,0) : 1
(1,4,5,7,6,3,2,0) : 2
(1,4,6) : 2
(1,4,6,2,3,5,0,7) : 1
(1,4,6,3,0,7,5,2) : 1
(1,4,6,5,0,7,2) : 1
(1,4,6,5,0,7,2,3) : 1
(1,4,6,5,2,7,0,3) : 1
(1,4,6,5,2,7,3,0) : 1
(1,4,6,5,3,0,7,2) : 1
(1,4,6,5,3,7,2,0) : 2
(1,4,6,5,7,2,3,0) : 2
(1,4,6,7,2,5,0) : 1
(1,4,7) : 1
(1,4,7,2,3,5,6,0) : 3
(1,4,7,2,3,6,5,0) : 1
(1,4,7,2,5,3,6,0) : 2
(1,4,7,3,5,6,0,2) : 1
(1,4,7,3,5,6,2,0) : 1
(1,4,7,5,2,3,0,6) : 1
(1,4,7,5,6,0,3,2) : 1
(1,4,7,5,6,2,0,3) : 1
(1,4,7,5,6,2,3,0) : 1
(1,4,7,6,5,3,2,0) : 1
(1,5) : 89
(1,5,0) : 6
(1,5,0,2,3,7,4,6) : 1
(1,5,0,2,4,7,3,6) : 1
(1,5,0,2,7,3,4,6) : 3
(1,5,0,2,7,3,6) : 1
(1,5,0,3,2,4,6,7) : 1
(1,5,0,3,4,6,2,7) : 1
(1,5,0,3,7,4,2,6) : 1
(1,5,0,4) : 1
(1,5,0,4,2,3,7,6) : 1
(1,5,0,4,2,7,3,6) : 1
(1,5,0,4,3,2,7,6) : 1
(1,5,0,4,6,7,2,3) : 1
(1,5,0,6) : 1
(1,5,0,6,4,2,7,3) : 1
(1,5,0,6,4,3,7,2) : 1
(1,5,0,6,4,7,2,3) : 1
(1,5,0,7,4,2,3,6) : 1
(1,5,0,7,6,2,4,3) : 1
(1,5,0,7,6,4,2,3) : 1
(1,5,2) : 3
(1,5,2,0,6,4,3,7) : 1
(1,5,2,0,7,6,3,4) : 1
(1,5,2,3,4,6,0,7) : 1
(1,5,2,3,7,4,0,6) : 2
(1,5,2,4,0,3,6,7) : 1
(1,5,2,4,3,7,0,6) : 1
(1,5,2,4,6,0,3,7) : 1
(1,5,2,4,6,0,7,3) : 1
(1,5,2,4,7,3,6,0) : 2
(1,5,2,6,7,0,4,3) : 1
(1,5,2,7,3,4,6,0) : 1
(1,5,2,7,4,3,0,6) : 2
(1,5,2,7,4,6,3,0) : 1
(1,5,3) : 7
(1,5,3,0,2,7,4,6) : 1
(1,5,3,2,4,0,6,7) : 1
(1,5,3,2,4,0,7,6) : 1
(1,5,3,2,7,4,0,6) : 2
(1,5,3,2,7,4,6,0) : 1
(1,5,3,4,2,7,0,6) : 2
(1,5,3,4,6,2,0,7) : 1
(1,5,3,4,6,2,7,0) : 1
(1,5,3,4,7,0,6,2) : 1
(1,5,3,4,7,2,0,6) : 2
(1,5,3,4,7,2,6,0) : 1
(1,5,3,6,0,2,7,4) : 1
(1,5,3,6,0,7,4,2) : 1
(1,5,3,6,4,0,7) : 1
(1,5,3,6,4,7,2,0) : 1
(1,5,3,7,2,0,6,4) : 1
(1,5,3,7,2,4,6,0) : 1
(1,5,4) : 22
(1,5,4,0) : 2
(1,5,4,0,2) : 1
(1,5,4,0,2,3,7,6) : 4
(1,5,4,0,2,6,3,7) : 1
(1,5,4,0,2,7,6,3) : 5
(1,5,4,0,3,7,2,6) : 1
(1,5,4,0,6,2,7,3) : 1
(1,5,4,0,6,3,2,7) : 1
(1,5,4,0,7,2,3,6) : 1
(1,5,4,0,7,2,6,3) : 1
(1,5,4,0,7,6,2,3) : 1
(1,5,4,2) : 1
(1,5,4,2,0,3,6) : 1
(1,5,4,2,0,6,3,7) : 1
(1,5,4,2,0,7,3,6) : 8
(1,5,4,2,0,7,6,3) : 4
(1,5,4,2,3,0,7,6) : 1
(1,5,4,2,3,6,7,0) : 4
(1,5,4,2,3,7,0,6) : 1
(1,5,4,2,3,7,6,0) : 1
(1,5,4,2,6,3,0,7) : 1
(1,5,4,2,6,3,7,0) : 1
(1,5,4,2,6,7,3,0) : 1
(1,5,4,2,7,0,3,6) : 4
(1,5,4,2,7,0,6,3) : 2
(1,5,4,2,7,3,0,6) : 6
(1,5,4,2,7,3,6,0) : 15
(1,5,4,2,7,6,0) : 1
(1,5,4,2,7,6,0,3) : 2
(1,5,4,2,7,6,3,0) : 5
(1,5,4,3,0,2,6,7) : 1
(1,5,4,3,0,6,2,7) : 1
(1,5,4,3,0,7,2,6) : 2
(1,5,4,3,2,0,6,7) : 1
(1,5,4,3,2,0,7,6) : 2
(1,5,4,3,2,6,0,7) : 1
(1,5,4,3,2,6,7,0) : 1
(1,5,4,3,2,7,0,6) : 6
(1,5,4,3,2,7,6,0) : 5
(1,5,4,3,6,0,7,2) : 1
(1,5,4,3,6,7,2,0) : 2
(1,5,4,3,7,2,0) : 2
(1,5,4,3,7,2,0,6) : 4
(1,5,4,3,7,2,6,0) : 7
(1,5,4,3,7,6,0,2) : 1
(1,5,4,3,7,6,2,0) : 2
(1,5,4,6) : 1
(1,5,4,6,0,2,7,3) : 4
(1,5,4,6,0,7,2,3) : 3
(1,5,4,6,0,7,3,2) : 2
(1,5,4,6,2,0,7,3) : 2
(1,5,4,6,2,7,0) : 1
(1,5,4,6,2,7,0,3) : 2
(1,5,4,6,2,7,3,0) : 2
(1,5,4,6,3,2,7,0) : 1
(1,5,4,6,3,7,0,2) : 1
(1,5,4,6,3,7,2,0) : 4
(1,5,4,6,7,0,2,3) : 1
(1,5,4,6,7,2,0,3) : 4
(1,5,4,6,7,2,3,0) : 6
(1,5,4,6,7,3,2,0) : 1
(1,5,4,7,0,2,3,6) : 2
(1,5,4,7,0,2,6,3) : 1
(1,5,4,7,0,6,2,3) : 2
(1,5,4,7,2,0,3,6) : 6
(1,5,4,7,2,0,6) : 1
(1,5,4,7,2,0,6,3) : 3
(1,5,4,7,2,3,0,6) : 5
(1,5,4,7,2,3,6,0) : 8
(1,5,4,7,2,6,0) : 3
(1,5,4,7,2,6,0,3) : 1
(1,5,4,7,2,6,3,0) : 1
(1,5,4,7,3) : 1
(1,5,4,7,3,0,2,6) : 1
(1,5,4,7,3,0,6,2) : 1
(1,5,4,7,3,2,0,6) : 2
(1,5,4,7,3,2,6,0) : 3
(1,5,4,7,3,6,2,0) : 4
(1,5,4,7,6,0,3,2) : 1
(1,5,4,7,6,2,3,0) : 3
(1,5,4,7,6,3,2,0) : 1
(1,5,6) : 19
(1,5,6,0) : 1
(1,5,6,0,2,3,4,7) : 1
(1,5,6,0,2,3,7,4) : 1
(1,5,6,0,2,7,3) : 1
(1,5,6,0,2,7,3,4) : 3
(1,5,6,0,2,7,4,3) : 1
(1,5,6,0,3,4,2,7) : 1
(1,5,6,0,4) : 1
(1,5,6,0,4,2,3,7) : 1
(1,5,6,0,4,2,7,3) : 1
(1,5,6,0,4,7,2,3) : 1
(1,5,6,0,4,7,3,2) : 1
(1,5,6,0,7,2,3,4) : 1
(1,5,6,0,7,3,4,2) : 1
(1,5,6,0,7,4,2,3) : 1
(1,5,6,2,0,4,7,3) : 1
(1,5,6,2,3,0,4,7) : 1
(1,5,6,2,4,3,7,0) : 1
(1,5,6,2,4,7,3,0) : 2
(1,5,6,2,7,4,0,3) : 2
(1,5,6,3,0,2,4,7) : 1
(1,5,6,3,2,4,7,0) : 1
(1,5,6,3,4) : 1
(1,5,6,3,4,7,2,0) : 1
(1,5,6,3,7,2,0,4) : 1
(1,5,6,3,7,4,2,0) : 1
(1,5,6,4) : 2
(1,5,6,4,0,2,3,7) : 1
(1,5,6,4,0,2,7,3) : 1
(1,5,6,4,0,7,2,3) : 2
(1,5,6,4,2,0,7,3) : 1
(1,5,6,4,2,3,7,0) : 1
(1,5,6,4,2,7,0,3) : 2
(1,5,6,4,2,7,3,0) : 2
(1,5,6,4,3,0,2,7) : 1
(1,5,6,4,3,0,7,2) : 1
(1,5,6,4,3,2,0,7) : 2
(1,5,6,4,3,2,7,0) : 2
(1,5,6,4,3,7,2,0) : 10
(1,5,6,4,7,0,2,3) : 1
(1,5,6,4,7,2,0,3) : 2
(1,5,6,4,7,2,3,0) : 5
(1,5,6,4,7,3,0,2) : 1
(1,5,6,4,7,3,2,0) : 3
(1,5,6,7,2,3,4,0) : 1
(1,5,6,7,3,4,2,0) : 1
(1,5,6,7,4,2,0,3) : 2
(1,5,7) : 3
(1,5,7,0,2,4,3,6) : 1
(1,5,7,2,3,4,6,0) : 1
(1,5,7,2,4,0,3,6) : 2
(1,5,7,2,4,6,0,3) : 2
(1,5,7,2,4,6,3,0) : 1
(1,5,7,2,6,4,0,3) : 1
(1,5,7,3,4,2,0,6) : 2
(1,5,7,4) : 1
(1,5,7,4,2,0,3,6) : 1
(1,5,7,4,2,3,0,6) : 1
(1,5,7,4,3,2,0,6) : 1
(1,5,7,4,3,6,0,2) : 1
(1,5,7,6,0,2,4,3) : 1
(1,5,7,6,4,2,0,3) : 2
(1,6) : 73
(1,6,0) : 10
(1,6,0,2,4,5,7,3) : 3
(1,6,0,2,5,3,7,4) : 1
(1,6,0,2,5,7,3,4) : 1
(1,6,0,2,7,3,4,5) : 2
(1,6,0,2,7,5,3,4) : 1
(1,6,0,4,3,7,2,5) : 1
(1,6,0,4,5,2,7,3) : 1
(1,6,0,4,5,3,7,2) : 1
(1,6,0,4,5,7,2,3) : 2
(1,6,0,4,5,7,3,2) : 1
(1,6,0,5) : 1
(1,6,0,5,2,4,7,3) : 1
(1,6,0,5,3,4,2,7) : 1
(1,6,0,5,4) : 1
(1,6,0,5,4,2,7,3) : 4
(1,6,0,5,4,3,7,2) : 3
(1,6,0,5,4,7,2,3) : 2
(1,6,0,7) : 1
(1,6,0,7,2,3,4,5) : 1
(1,6,0,7,3,4,2,5) : 1
(1,6,0,7,4,5,3,2) : 1
(1,6,0,7,5,4,2,3) : 1
(1,6,2) : 1
(1,6,2,0,7,3,4,5) : 1
(1,6,2,0,7,5,4,3) : 1
(1,6,2,4,5) : 1
(1,6,2,4,5,3,7,0) : 1
(1,6,2,5,4,7,3,0) : 1
(1,6,2,7,0,4,3,5) : 1
(1,6,2,7,5,0,4,3) : 1
(1,6,2,7,5,4,3,0) : 1
(1,6,3) : 2
(1,6,3,0,4,5,7,2) : 1
(1,6,3,0,7,4,5,2) : 1
(1,6,3,2,5,4,0,7) : 1
(1,6,3,4,5,0,2,7) : 2
(1,6,3,4,5,2,7,0) : 1
(1,6,3,4,5,7,2,0) : 1
(1,6,3,5) : 1
(1,6,3,5,4) : 1
(1,6,3,5,4,2,0,7) : 1
(1,6,3,5,4,7,2,0) : 1
(1,6,4) : 3
(1,6,4,0,5,2,3,7) : 1
(1,6,4,0,5,7,2,3) : 1
(1,6,4,2,7,3,5,0) : 1
(1,6,4,3,0,2,5,7) : 1
(1,6,4,5) : 1
(1,6,4,5,0,2,7,3) : 3
(1,6,4,5,0,3,7,2) : 1
(1,6,4,5,0,7,2,3) : 1
(1,6,4,5,2,0,3,7) : 1
(1,6,4,5,3,0,2,7) : 1
(1,6,4,5,7,0,2,3) : 1
(1,6,4,5,7,2,0,3) : 1
(1,6,4,5,7,3,2,0) : 4
(1,6,4,7,5,3,2,0) : 1
(1,6,5) : 6
(1,6,5,0) : 2
(1,6,5,0,2,4,3,7) : 1
(1,6,5,0,2,4,7,3) : 1
(1,6,5,0,2,7,3,4) : 1
(1,6,5,0,2,7,4,3) : 2
(1,6,5,0,4,2,7,3) : 1
(1,6,5,0,4,3,7,2) : 1
(1,6,5,0,4,7,2,3) : 2
(1,6,5,0,4,7,3,2) : 2
(1,6,5,0,7,3,4,2) : 2
(1,6,5,2,0,4,7,3) : 1
(1,6,5,2,4,0,7,3) : 1
(1,6,5,2,4,7,3,0) : 3
(1,6,5,2,7,3,4,0) : 1
(1,6,5,2,7,4,3,0) : 1
(1,6,5,3,2,0,7,4) : 1
(1,6,5,3,4,0,2,7) : 2
(1,6,5,3,4,7,2,0) : 1
(1,6,5,3,7,2,4,0) : 2
(1,6,5,4) : 1
(1,6,5,4,0,2,7,3) : 3
(1,6,5,4,0,3,2,7) : 1
(1,6,5,4,0,3,7,2) : 1
(1,6,5,4,2,0,3,7) : 2
(1,6,5,4,2,0,7,3) : 1
(1,6,5,4,2,3,7,0) : 2
(1,6,5,4,2,7,0,3) : 4
(1,6,5,4,2,7,3,0) : 4
(1,6,5,4,3) : 1
(1,6,5,4,3,2,0,7) : 2
(1,6,5,4,3,2,7,0) : 2
(1,6,5,4,3,7,2,0) : 11
(1,6,5,4,7,0,2,3) : 1
(1,6,5,4,7,2,0) : 1
(1,6,5,4,7,2,0,3) : 4
(1,6,5,4,7,2,3,0) : 4
(1,6,5,4,7,3,0) : 2
(1,6,5,4,7,3,0,2) : 1
(1,6,5,4,7,3,2,0) : 6
(1,6,5,7) : 1
(1,6,5,7,0,2,3,4) : 1
(1,6,5,7,0,2,4,3) : 1
(1,6,5,7,2,4,0,3) : 1
(1,6,5,7,4,2,3,0) : 1
(1,6,7) : 4
(1,6,7,0,2,4,5,3) : 1
(1,6,7,0,2,5,3,4) : 1
(1,6,7,2,4,5,0,3) : 1
(1,6,7,2,4,5,3,0) : 1
(1,6,7,2,5,4,3,0) : 1
(1,6,7,3,4,2,5,0) : 1
(1,6,7,3,4,5,2,0) : 1
(1,6,7,4,0,2,3,5) : 1
(1,6,7,4,5,2,0,3) : 1
(1,6,7,4,5,2,3,0) : 1
(1,6,7,5,3,4,2,0) : 1
(1,6,7,5,4,0,3) : 1
(1,7) : 121
(1,7,0) : 3
(1,7,0,2,3,4,5,6) : 10
(1,7,0,2,3,5,4,6) : 1
(1,7,0,2,4,3,5,6) : 2
(1,7,0,2,4,3,6,5) : 1
(1,7,0,2,4,5,3,6) : 3
(1,7,0,2,4,5,6,3) : 1
(1,7,0,2,4,6,3,5) : 1
(1,7,0,2,5,3,4,6) : 1
(1,7,0,2,5,4,6,3) : 1
(1,7,0,2,6,5,4,3) : 1
(1,7,0,3,2,4,5,6) : 1
(1,7,0,3,2,4,6,5) : 1
(1,7,0,3,4,5,2,6) : 1
(1,7,0,3,4,5,6,2) : 1
(1,7,0,4) : 1
(1,7,0,4,5,2,3,6) : 1
(1,7,0,4,5,6,2,3) : 1
(1,7,0,5,2,3,4,6) : 1
(1,7,0,5,3,6) : 1
(1,7,0,5,4,2,6,3) : 1
(1,7,0,5,4,6,3,2) : 1
(1,7,2) : 5
(1,7,2,0) : 1
(1,7,2,0,3,4,5,6) : 12
(1,7,2,0,3,4,6,5) : 1
(1,7,2,0,3,5,4,6) : 1
(1,7,2,0,3,6,4,5) : 1
(1,7,2,0,3,6,5,4) : 1
(1,7,2,0,4,3,5,6) : 2
(1,7,2,0,4,5,3,6) : 1
(1,7,2,0,5,4,3,6) : 1
(1,7,2,0,6,5,4) : 1
(1,7,2,0,6,5,4,3) : 2
(1,7,2,3,4) : 1
(1,7,2,3,4,0,5,6) : 3
(1,7,2,3,4,5,0,6) : 4
(1,7,2,3,4,5,6,0) : 15
(1,7,2,4,0,5,6,3) : 1
(1,7,2,4,3) : 1
(1,7,2,4,3,0,5,6) : 1
(1,7,2,4,5,0,3,6) : 2
(1,7,2,4,5,3,0,6) : 4
(1,7,2,4,5,3,6,0) : 4
(1,7,2,4,5,6,0) : 1
(1,7,2,4,5,6,3,0) : 3
(1,7,2,5,3,4,6) : 1
(1,7,2,5,4,0,6,3) : 1
(1,7,2,5,4,3,0,6) : 1
(1,7,2,5,4,3,6,0) : 1
(1,7,2,5,4,6,0,3) : 1
(1,7,2,5,6,0,4,3) : 1
(1,7,2,5,6,3,4,0) : 1
(1,7,2,6,5,4,3,0) : 1
(1,7,3) : 9
(1,7,3,0,2,4,5,6) : 2
(1,7,3,0,2,4,6,5) : 1
(1,7,3,0,4,2,6,5) : 1
(1,7,3,0,4,5,6) : 1
(1,7,3,0,5,6,4,2) : 1
(1,7,3,2) : 2
(1,7,3,2,0,4,5,6) : 2
(1,7,3,2,4,5,0,6) : 4
(1,7,3,2,4,5,6,0) : 3
(1,7,3,2,5,4,0,6) : 2
(1,7,3,4,0,5,6) : 2
(1,7,3,4,2,5,0,6) : 2
(1,7,3,4,2,5,6,0) : 2
(1,7,3,4,5) : 1
(1,7,3,4,5,0,2,6) : 2
(1,7,3,4,5,0,6) : 1
(1,7,3,4,5,0,6,2) : 3
(1,7,3,4,5,2,0,6) : 8
(1,7,3,4,5,2,6,0) : 8
(1,7,3,4,5,6,0) : 3
(1,7,3,4,5,6,0,2) : 7
(1,7,3,4,5,6,2,0) : 10
(1,7,3,4,6,5,2,0) : 1
(1,7,3,5,4,2,0,6) : 1
(1,7,3,5,4,2,6,0) : 1
(1,7,3,5,4,6,2,0) : 1
(1,7,3,5,6,4,0) : 1
(1,7,3,6,2,5,4,0) : 1
(1,7,3,6,4,5,2,0) : 1
(1,7,3,6,5,2,0) : 1
(1,7,3,6,5,4,0) : 1
(1,7,3,6,5,4,2,0) : 3
(1,7,4) : 6
(1,7,4,0,2,3,5,6) : 1
(1,7,4,0,3,5,2,6) : 1
(1,7,4,0,5,2,6) : 1
(1,7,4,2,0,3,5,6) : 1
(1,7,4,2,0,5,6,3) : 1
(1,7,4,2,3,5,6) : 1
(1,7,4,2,3,5,6,0) : 1
(1,7,4,2,5,0,6,3) : 1
(1,7,4,2,5,3,0,6) : 1
(1,7,4,3,2,0,5,6) : 1
(1,7,4,3,2,0,6,5) : 1
(1,7,4,3,2,5,6,0) : 1
(1,7,4,3,5,2,0,6) : 1
(1,7,4,3,5,2,6,0) : 2
(1,7,4,3,5,6,2,0) : 1
(1,7,4,3,6,5,2,0) : 1
(1,7,4,5) : 4
(1,7,4,5,0,2,3,6) : 6
(1,7,4,5,0,2,6) : 1
(1,7,4,5,2,0,3,6) : 8
(1,7,4,5,2,0,6,3) : 2
(1,7,4,5,2,3,0,6) : 7
(1,7,4,5,2,3,6,0) : 10
(1,7,4,5,2,6,0,3) : 3
(1,7,4,5,2,6,3) : 1
(1,7,4,5,2,6,3,0) : 6
(1,7,4,5,3) : 1
(1,7,4,5,3,0,2) : 1
(1,7,4,5,3,0,2,6) : 1
(1,7,4,5,3,0,6) : 2
(1,7,4,5,3,0,6,2) : 1
(1,7,4,5,3,2,0,6) : 11
(1,7,4,5,3,2,6,0) : 5
(1,7,4,5,3,6,0,2) : 1
(1,7,4,5,6) : 1
(1,7,4,5,6,0,2,3) : 3
(1,7,4,5,6,2,0) : 6
(1,7,4,5,6,2,0,3) : 3
(1,7,4,5,6,2,3) : 1
(1,7,4,5,6,2,3,0) : 3
(1,7,4,5,6,3,0) : 1
(1,7,4,5,6,3,0,2) : 1
(1,7,4,5,6,3,2,0) : 11
(1,7,4,6) : 1
(1,7,4,6,0,2,3) : 1
(1,7,4,6,2,3,5,0) : 1
(1,7,4,6,5,0,2,3) : 1
(1,7,4,6,5,2,0,3) : 1
(1,7,4,6,5,3,2,0) : 3
(1,7,5) : 6
(1,7,5,2,3,4,0,6) : 2
(1,7,5,2,4,3,0,6) : 3
(1,7,5,2,6,4,0,3) : 1
(1,7,5,3,0,2,4,6) : 1
(1,7,5,3,4,0,6) : 1
(1,7,5,3,4,2,0,6) : 1
(1,7,5,4,0,2,3,6) : 2
(1,7,5,4,0,3,2,6) : 1
(1,7,5,4,0,3,6,2) : 1
(1,7,5,4,0,6,2,3) : 2
(1,7,5,4,2,0,3,6) : 2
(1,7,5,4,2,0,6,3) : 3
(1,7,5,4,2,3,0,6) : 3
(1,7,5,4,2,3,6,0) : 6
(1,7,5,4,2,6,0) : 2
(1,7,5,4,3,2,0,6) : 6
(1,7,5,4,3,2,6,0) : 3
(1,7,5,4,3,6,0,2) : 1
(1,7,5,4,3,6,2,0) : 2
(1,7,5,4,6,0,2,3) : 1
(1,7,5,4,6,2,0,3) : 1
(1,7,5,4,6,2,3,0) : 2
(1,7,5,4,6,3,2,0) : 1
(1,7,5,6,0,3,4,2) : 1
(1,7,5,6,3,2,0,4) : 1
(1,7,5,6,3,4,2,0) : 2
(1,7,5,6,4,2,3,0) : 1
(1,7,5,6,4,3,2,0) : 3
(1,7,6) : 4
(1,7,6,0) : 1
(1,7,6,0,2,3,4,5) : 2
(1,7,6,0,4,5,3,2) : 1
(1,7,6,2,3,4,5,0) : 1
(1,7,6,3,4,5,2,0) : 1
(1,7,6,4,0,2,3,5) : 1
(1,7,6,4,2,0,3,5) : 1
(1,7,6,4,3,5,0) : 1
(1,7,6,4,5,2,3,0) : 1
(1,7,6,4,5,3,2,0) : 2
(1,7,6,5) : 2
(1,7,6,5,2,3,4,0) : 1
(1,7,6,5,4,0,2,3) : 2
(1,7,6,5,4,0,3) : 1
(1,7,6,5,4,2,0,3) : 1
(1,7,6,5,4,2,3,0) : 4
(1,7,6,5,4,3,2,0) : 7
(2) : 358
(2,0) : 5
(2,0,1) : 1
(2,0,1,6,5,4,3,7) : 1
(2,0,1,6,5,4,7,3) : 1
(2,0,1,7,3,4,5,6) : 1
(2,0,3,1,4,5,7,6) : 1
(2,0,3,1,7,4,6,5) : 1
(2,0,3,4,5,7,6,1) : 1
(2,0,4,5,6,3,7,1) : 2
(2,0,4,5,6,7,3,1) : 2
(2,0,4,5,7,3,6) : 1
(2,0,5,3,7,1,6,4) : 1
(2,0,5,3,7,4,6,1) : 1
(2,0,5,6,4,7,1,3) : 1
(2,0,7,1,5,6,3,4) : 1
(2,0,7,4,6,5,3,1) : 1
(2,1) : 3
(2,1,0) : 2
(2,1,0,4,7,3) : 1
(2,1,0,5,4,7,3,6) : 1
(2,1,0,6) : 1
(2,1,0,7,3,4,5,6) : 7
(2,1,0,7,3,4,6,5) : 2
(2,1,0,7,4,5,6,3) : 2
(2,1,0,7,6,5,4,3) : 1
(2,1,3) : 1
(2,1,3,0,4,5,6) : 1
(2,1,3,4) : 1
(2,1,3,4,5,0,7,6) : 1
(2,1,3,5,4,0,6,7) : 1
(2,1,3,7,0,4,6,5) : 1
(2,1,3,7,5,4,0,6) : 1
(2,1,4,0,5,6,7,3) : 1
(2,1,4,5) : 1
(2,1,4,5,7,6,0,3) : 2
(2,1,5,4,3,7,0,6) : 1
(2,1,7) : 1
(2,1,7,0,3,4,5,6) : 2
(2,3) : 3
(2,3,0,5,4,7,1,6) : 1
(2,3,0,6,4,5,7,1) : 1
(2,3,0,6,5,4,1,7) : 2
(2,3,1) : 1
(2,3,4,5,1,0,6) : 1
(2,3,4,5,6,7,1,0) : 2
(2,3,4,6,5,7,0,1) : 1
(2,3,5) : 2
(2,3,5,6) : 1
(2,3,5,6,1,0,4) : 1
(2,3,5,6,4,7,1,0) : 1
(2,3,5,6,7,4,0,1) : 1
(2,3,7,0,4,5,1,6) : 1
(2,3,7,4,6,5,1,0) : 1
(2,4) : 1
(2,4,1,0,7,6,5,3) : 1
(2,4,1,3,5,7,0,6) : 1
(2,4,1,3,6,0,7,5) : 1
(2,4,1,5,3,7,6,0) : 1
(2,4,5) : 2
(2,4,5,6,0,1,7,3) : 1
(2,4,5,6,1,0,3,7) : 1
(2,4,5,6,1,0,7,3) : 2
(2,4,5,6,7,0,1,3) : 1
(2,4,5,7,0,3,1,6) : 1
(2,4,5,7,3,1,0,6) : 1
(2,4,6,5,1,0,7,3) : 1
(2,4,6,5,7,3,1,0) : 1
(2,4,6,7,0,3,1,5) : 1
(2,4,7,0,5,6,3,1) : 1
(2,4,7,6,5,0,1,3) : 1
(2,5) : 3
(2,5,0,6,7,4,1,3) : 1
(2,5,1) : 1
(2,5,3,4,6,7,0,1) : 1
(2,5,4) : 1
(2,5,4,0,1,7,3,6) : 1
(2,5,4,1,3,6,0,7) : 1
(2,5,4,1,7,3,0,6) : 1
(2,5,4,3) : 1
(2,5,4,3,6,7,1,0) : 1
(2,5,4,3,7,0,1,6) : 1
(2,5,4,6,7,0,1,3) : 1
(2,5,4,6,7,3,0,1) : 1
(2,5,4,7,6,1,0) : 1
(2,5,6) : 2
(2,5,6,0) : 1
(2,5,6,0,7,1,3,4) : 1
(2,5,6,1,3,4,7,0) : 1
(2,5,6,3,4,0,1,7) : 1
(2,5,6,3,4,7,1,0) : 1
(2,5,6,3,7,4,0,1) : 1
(2,5,6,4,0,7,3,1) : 1
(2,5,6,4,1,7,0,3) : 1
(2,5,6,4,7,1,3,0) : 1
(2,5,7,1,3,4,0,6) : 1
(2,6) : 2
(2,6,0) : 2
(2,6,0,5) : 1
(2,6,0,5,4,1,7,3) : 1
(2,6,0,7,4,5,3,1) : 1
(2,6,1,0) : 1
(2,6,1,0,7,4,5,3) : 1
(2,6,1,4,5,3,7,0) : 1
(2,6,5,1,3,4,0,7) : 1
(2,6,5,3,7,4,0,1) : 1
(2,6,5,4,7,3,1,0) : 2
(2,6,7,4,5,3,0,1) : 1
(2,7) : 1
(2,7,0,3,5,4,6,1) : 1
(2,7,0,4,5,6,3,1) : 1
(2,7,1,0,3,4,5,6) : 3
(2,7,1,0,4,5,6,3) : 1
(2,7,1,0,5,4,3,6) : 1
(2,7,3,4,5,0,1,6) : 2
(2,7,3,4,5,1,0,6) : 1
(2,7,3,4,5,6,1,0) : 1
(2,7,4,0,1,3,5,6) : 1
(2,7,4,5,1,0,3,6) : 1
(2,7,4,5,6,0,1,3) : 2
(2,7,4,5,6,1,0,3) : 2
(2,7,4,6,5,0,1) : 1
(2,7,6,4,5,3,1,0) : 1
(2,7,6,5,4,1,0,3) : 1
(3) : 697
(3,0) : 6
(3,0,1) : 5
(3,0,1,2,5,6,4,7) : 1
(3,0,1,2,7,4,5,6) : 4
(3,0,1,4,5,7,2) : 1
(3,0,1,5,4,2,7,6) : 2
(3,0,1,7,2,4,5,6) : 1
(3,0,1,7,4,5,2,6) : 1
(3,0,2,5,1,7,6,4) : 1
(3,0,4) : 1
(3,0,4,5,1,7,2,6) : 1
(3,0,4,5,2,1,6,7) : 1
(3,0,4,5,6) : 1
(3,0,4,5,6,1,2,7) : 2
(3,0,4,5,7,1,2,6) : 1
(3,0,5,6,2,4,7,1) : 3
(3,0,5,6,4,7,2,1) : 1
(3,0,5,7,6) : 1
(3,0,5,7,6,4,2,1) : 1
(3,0,6) : 1
(3,0,6,1,2,7,4,5) : 1
(3,0,6,1,7,5,4,2) : 1
(3,0,6,5,4,1,7,2) : 2
(3,0,7,4,5,1,2,6) : 1
(3,1) : 200
(3,1,0) : 4
(3,1,0,2,4,5,6,7) : 2
(3,1,0,2,4,5,7,6) : 1
(3,1,0,2,7,4,5,6) : 6
(3,1,0,2,7,6,5,4) : 1
(3,1,0,4,5,2,7,6) : 4
(3,1,0,4,5,6,7,2) : 1
(3,1,0,4,5,7,2,6) : 1
(3,1,0,4,7,5,2,6) : 1
(3,1,0,5,2,7,4,6) : 3
(3,1,0,5,4,7,2,6) : 1
(3,1,0,5,4,7,6,2) : 1
(3,1,0,6,4,5,7,2) : 1
(3,1,0,6,5,4,2,7) : 1
(3,1,0,6,7,4,5,2) : 1
(3,1,0,7,2,4,5,6) : 2
(3,1,0,7,4,5,2,6) : 1
(3,1,2,0,4,5,7,6) : 1
(3,1,2,0,7,4,5,6) : 1
(3,1,2,0,7,5,6,4) : 1
(3,1,2,4,5,0,6,7) : 1
(3,1,2,4,5,6,7,0) : 1
(3,1,2,4,5,7,0,6) : 3
(3,1,2,4,5,7,6,0) : 1
(3,1,2,4,7,5,0,6) : 1
(3,1,2,4,7,5,6,0) : 1
(3,1,2,5,4,7,0,6) : 1
(3,1,2,7,4,5,0,6) : 2
(3,1,2,7,4,5,6,0) : 1
(3,1,4,0,2,5,6,7) : 1
(3,1,4,0,5,2,7,6) : 1
(3,1,4,2,7,0,5,6) : 1
(3,1,4,2,7,0,6,5) : 1
(3,1,4,5) : 2
(3,1,4,5,0,2,6) : 1
(3,1,4,5,0,2,6,7) : 1
(3,1,4,5,0,2,7,6) : 2
(3,1,4,5,0,7,6,2) : 1
(3,1,4,5,2,0,6) : 1
(3,1,4,5,2,0,6,7) : 1
(3,1,4,5,2,0,7,6) : 2
(3,1,4,5,2,6,0) : 1
(3,1,4,5,2,7,0,6) : 9
(3,1,4,5,2,7,6,0) : 1
(3,1,4,5,6,0,2) : 1
(3,1,4,5,6,0,2,7) : 1
(3,1,4,5,6,2,0,7) : 1
(3,1,4,5,6,2,7,0) : 1
(3,1,4,5,6,7,2,0) : 1
(3,1,4,5,7,0,2,6) : 1
(3,1,4,5,7,2,0,6) : 8
(3,1,4,5,7,2,6,0) : 2
(3,1,4,5,7,6,2,0) : 1
(3,1,4,7,0,2,5,6) : 1
(3,1,4,7,2,0,5,6) : 1
(3,1,4,7,5,0,2,6) : 1
(3,1,4,7,5,2,6,0) : 1
(3,1,5,0) : 1
(3,1,5,0,2,4,7,6) : 1
(3,1,5,0,4,6,7,2) : 1
(3,1,5,2,4,0,7,6) : 2
(3,1,5,2,4,6,0) : 1
(3,1,5,2,4,7,0,6) : 1
(3,1,5,4) : 1
(3,1,5,4,0,2,7,6) : 1
(3,1,5,4,2,0,6,7) : 2
(3,1,5,4,2,0,7,6) : 2
(3,1,5,4,2,7,0,6) : 4
(3,1,5,4,2,7,6,0) : 1
(3,1,5,4,6,0,2,7) : 1
(3,1,5,4,7,2,0) : 1
(3,1,5,4,7,2,0,6) : 5
(3,1,5,4,7,2,6,0) : 1
(3,1,5,6,2,4,0,7) : 1
(3,1,5,6,4,2,7,0) : 1
(3,1,5,7,0,6,4,2) : 1
(3,1,6,0,2,7,4,5) : 2
(3,1,6,5,4,0,7,2) : 1
(3,1,6,5,4,7,2,0) : 1
(3,1,7) : 4
(3,1,7,0,2,4,5,6) : 1
(3,1,7,0,5,4,2,6) : 1
(3,1,7,2,0,4,5,6) : 4
(3,1,7,2,4,5,0,6) : 2
(3,1,7,2,5,4,0,6) : 1
(3,1,7,4,0,5,2,6) : 1
(3,1,7,4,2,5,0,6) : 1
(3,1,7,4,2,5,6,0) : 1
(3,1,7,4,5,0,6) : 2
(3,1,7,4,5,2,0,6) : 8
(3,1,7,4,5,2,6,0) : 1
(3,1,7,4,5,6,2,0) : 1
(3,1,7,4,6,5,2,0) : 1
(3,1,7,5,4,2,0,6) : 1
(3,1,7,5,4,2,6,0) : 1
(3,1,7,6,0,5,4,2) : 1
(3,2) : 1
(3,2,0) : 1
(3,2,0,1,4,5,6) : 1
(3,2,1) : 1
(3,2,1,0,5,4,6,7) : 1
(3,2,1,4,5,7,0,6) : 1
(3,2,4,5,0,1,6,7) : 1
(3,2,4,5,1,0,6,7) : 1
(3,2,7,0,1,6,5,4) : 1
(3,2,7,0,6,5,4,1) : 1
(3,2,7,1,6,5,4,0) : 1
(3,2,7,4,5,0,1,6) : 1
(3,4) : 2
(3,4,0,1,2,7,5,6) : 1
(3,4,1) : 2
(3,4,1,0,6,5,7,2) : 1
(3,4,1,5,0,6,7,2) : 1
(3,4,2,7,1,0,5,6) : 1
(3,4,2,7,1,0,6,5) : 1
(3,4,5) : 1
(3,4,5,0,1,2,7,6) : 2
(3,4,5,0,7,2,6,1) : 1
(3,4,5,1) : 1
(3,4,5,1,2,0,6,7) : 1
(3,4,5,1,2,7,6,0) : 1
(3,4,5,1,7,2,0,6) : 1
(3,4,5,1,7,2,6,0) : 1
(3,4,5,2,1,0,7,6) : 1
(3,4,5,2,6,0,1,7) : 1
(3,4,5,2,7,1,0,6) : 1
(3,4,5,6,2,7,1,0) : 1
(3,4,5,6,7,2,1,0) : 3
(3,4,5,7) : 1
(3,4,5,7,2) : 1
(3,4,5,7,2,0,1,6) : 1
(3,4,5,7,2,0,6,1) : 1
(3,4,5,7,2,1,0,6) : 3
(3,4,5,7,2,6,0) : 1
(3,4,5,7,6,2,1,0) : 1
(3,4,6,1,5,7,2,0) : 1
(3,4,7,2,1,5,6,0) : 1
(3,5) : 9
(3,5,0) : 1
(3,5,0,1,7,2,4,6) : 1
(3,5,0,4,2,6,1,7) : 2
(3,5,0,7,4,1,2,6) : 1
(3,5,1) : 1
(3,5,1,0,4,2,7,6) : 2
(3,5,1,4,0,2,7,6) : 1
(3,5,1,4,2,7,0,6) : 1
(3,5,1,4,7,0,2,6) : 1
(3,5,1,4,7,2,0,6) : 1
(3,5,1,6,2,4,7,0) : 1
(3,5,1,7,4,0,6) : 1
(3,5,2,0,1,4,6,7) : 1
(3,5,2,4,0,6,7,1) : 1
(3,5,2,4,7,1,0,6) : 1
(3,5,2,7,4,1,0,6) : 1
(3,5,4) : 3
(3,5,4,0,1,2,6,7) : 1
(3,5,4,0,2,1,6,7) : 1
(3,5,4,0,6,1,2,7) : 1
(3,5,4,1) : 1
(3,5,4,1,0,2,7,6) : 1
(3,5,4,1,0,6,7,2) : 1
(3,5,4,1,0,7,2,6) : 1
(3,5,4,2) : 1
(3,5,4,2,7,0,1,6) : 1
(3,5,4,2,7,1,0,6) : 1
(3,5,4,2,7,6,0,1) : 1
(3,5,4,6,0,1,2,7) : 2
(3,5,4,6,0,2,7,1) : 1
(3,5,4,6,2,7,1,0) : 1
(3,5,4,6,7,2,1,0) : 1
(3,5,4,7,2,1,0,6) : 3
(3,5,6) : 1
(3,5,6,2) : 1
(3,5,6,2,4,7,0,1) : 1
(3,5,6,4,0,1,2,7) : 1
(3,5,6,4,7,2,1,0) : 2
(3,5,7,2,4,1,0,6) : 1
(3,6) : 3
(3,6,0,1,2,7,4,5) : 1
(3,6,0,1,5,4,2,7) : 1
(3,6,0,1,5,7,2) : 1
(3,6,0,4,5,7) : 1
(3,6,0,5,4,1,7,2) : 1
(3,6,1) : 1
(3,6,1,0,5,4,2,7) : 1
(3,6,1,4,5,2,7,0) : 1
(3,6,2,0,1,5,4,7) : 1
(3,6,4) : 1
(3,6,5,4,0,1,2,7) : 1
(3,6,5,4,0,7,2,1) : 1
(3,6,5,4,1,7,2,0) : 1
(3,6,5,4,7,0,1,2) : 1
(3,6,5,4,7,2,1,0) : 4
(3,7) : 3
(3,7,0,1) : 1
(3,7,0,2,1,4,5,6) : 1
(3,7,0,2,4,5,6,1) : 1
(3,7,0,4,5,2,1,6) : 1
(3,7,0,6,4,1,2,5) : 1
(3,7,1) : 2
(3,7,1,0) : 1
(3,7,1,0,2,4,6,5) : 1
(3,7,1,0,5,4,2,6) : 1
(3,7,1,2,4,5,0,6) : 1
(3,7,1,5,4,2,0,6) : 1
(3,7,2,1,0,4,5,6) : 1
(3,7,2,4,5,6,1,0) : 1
(3,7,4,2,5,6,1,0) : 1
(3,7,4,5,0,1,6) : 1
(3,7,4,5,0,1,6,2) : 1
(3,7,4,5,1,2,0,6) : 1
(3,7,4,5,2,6,1,0) : 1
(3,7,4,5,6,2,0,1) : 1
(3,7,4,5,6,2,1,0) : 1
(3,7,5,4,1,0,2,6) : 1
(3,7,5,4,2,1,0,6) : 1
(4) : 493
(4,0) : 8
(4,0,1,2,3,5,6,7) : 1
(4,0,1,2,7,3,5,6) : 1
(4,0,2,3,6,7,1,5) : 1
(4,0,2,5,6,3,7,1) : 1
(4,0,2,5,6,7,1,3) : 1
(4,0,2,7,3,5,6,1) : 1
(4,0,2,7,5,6,3,1) : 1
(4,0,5) : 2
(4,0,5,1,2,6,7,3) : 1
(4,0,5,2,6,7,3,1) : 1
(4,0,5,2,7,6,1,3) : 1
(4,0,5,6,2,7,3,1) : 2
(4,0,5,6,3,2,7,1) : 1
(4,0,5,6,7,2,3,1) : 1
(4,0,5,7,2,1,6,3) : 1
(4,0,6,3,7,2,1,5) : 1
(4,0,6,5,1,2,7,3) : 1
(4,0,6,5,2,7,3,1) : 1
(4,0,6,5,3,7,2,1) : 1
(4,0,7,2,1,3,5,6) : 1
(4,0,7,2,3,5,6,1) : 1
(4,1) : 9
(4,1,0) : 1
(4,1,0,2,7,5,6,3) : 1
(4,1,0,5,2,7,3,6) : 1
(4,1,0,5,6,7,3) : 1
(4,1,0,6,5,3,7,2) : 1
(4,1,0,7,3,5,6,2) : 1
(4,1,2,0,7,3,6,5) : 1
(4,1,3,5,7,2,0,6) : 1
(4,1,3,7,2,5,0,6) : 1
(4,1,5) : 1
(4,1,5,0,2,6,7,3) : 1
(4,1,5,3,0,2,6,7) : 1
(4,1,5,3,2,0,6) : 1
(4,1,5,6,0,2,7,3) : 2
(4,1,5,6,2,3,7,0) : 1
(4,1,5,6,7,2) : 1
(4,1,5,7,2,6,3,0) : 1
(4,1,5,7,3,2,0,6) : 1
(4,1,6,5,3,7,2,0) : 1
(4,1,7,2,3) : 1
(4,1,7,3,5,2,0,6) : 1
(4,1,7,6,0,2,3,5) : 1
(4,2,5,1) : 1
(4,2,5,7,3,6,0,1) : 1
(4,2,6,3) : 1
(4,2,6,5,7,3,0,1) : 1
(4,2,7,1,0,6,5,3) : 1
(4,2,7,5,3,6,1,0) : 1
(4,3) : 2
(4,3,0,1,6,5,2,7) : 1
(4,3,0,6) : 1
(4,3,1) : 1
(4,3,1,0,5,6,2,7) : 1
(4,3,1,2,5,7,0,6) : 1
(4,3,2,1,5,7,6,0) : 1
(4,3,5,7,2,6,1,0) : 1
(4,3,7,1,5,6,0,2) : 1
(4,3,7,2,1) : 1
(4,3,7,2,1,5,6,0) : 1
(4,5) : 17
(4,5,0) : 1
(4,5,0,1,2,7,3,6) : 1
(4,5,0,1,7,3,6,2) : 1
(4,5,0,2,6,7,3) : 1
(4,5,0,2,7,1,3,6) : 1
(4,5,0,3,1,2,7,6) : 1
(4,5,0,3,6,7,2,1) : 1
(4,5,0,3,7,2,6,1) : 1
(4,5,0,6,2,7,3,1) : 1
(4,5,0,6,7,3,2,1) : 1
(4,5,0,7,3,2,1,6) : 1
(4,5,0,7,6,1,2,3) : 1
(4,5,0,7,6,1,3,2) : 1
(4,5,1) : 1
(4,5,1,0) : 1
(4,5,1,0,2,6,3,7) : 1
(4,5,1,0,2,6,7,3) : 1
(4,5,1,0,2,7,3,6) : 1
(4,5,1,0,7,3,6,2) : 2
(4,5,1,0,7,6,2,3) : 1
(4,5,1,2,0,7,3,6) : 1
(4,5,1,2,6,0,7,3) : 1
(4,5,1,2,7,0) : 1
(4,5,1,2,7,0,6,3) : 1
(4,5,1,2,7,3,0,6) : 1
(4,5,1,7,2,6,0,3) : 1
(4,5,2,0,1,7,3,6) : 1
(4,5,2,0,6,7,3,1) : 1
(4,5,2,1,0,7,3,6) : 1
(4,5,2,1,7,3,0,6) : 1
(4,5,2,1,7,3,6,0) : 1
(4,5,2,3,6,0,1,7) : 1
(4,5,2,6,0) : 1
(4,5,2,6,1,0,7,3) : 1
(4,5,2,6,3,7,0,1) : 1
(4,5,2,7,0,1,3,6) : 4
(4,5,2,7,0,3) : 1
(4,5,2,7,0,6,3) : 1
(4,5,2,7,0,6,3,1) : 1
(4,5,2,7,1,0,6,3) : 1
(4,5,2,7,3,0,6,1) : 1
(4,5,2,7,3,6,1,0) : 1
(4,5,2,7,6,3,0,1) : 2
(4,5,3,0) : 1
(4,5,3,0,1,2,7,6) : 1
(4,5,3,1,0,7,2,6) : 1
(4,5,3,1,7,6,0) : 1
(4,5,3,7,1,0,2,6) : 1
(4,5,3,7,2,1,0,6) : 2
(4,5,3,7,2,1,6,0) : 1
(4,5,3,7,2,6,1,0) : 1
(4,5,6) : 5
(4,5,6,0,1,2,7,3) : 6
(4,5,6,0,1,7,2,3) : 1
(4,5,6,0,2,1,7,3) : 1
(4,5,6,0,7,3,2,1) : 1
(4,5,6,1,2,0) : 1
(4,5,6,1,3,7,2,0) : 1
(4,5,6,2,0,1,7,3) : 1
(4,5,6,2,0,7,3,1) : 1
(4,5,6,2,1,7,0,3) : 1
(4,5,6,2,7,3,0,1) : 1
(4,5,6,2,7,3,1,0) : 1
(4,5,6,3,0,1,2,7) : 2
(4,5,6,3,2,7,1,0) : 1
(4,5,6,3,7,0,1,2) : 1
(4,5,6,3,7,2,1,0) : 2
(4,5,6,7,1,0,2,3) : 1
(4,5,6,7,2,0,1,3) : 4
(4,5,6,7,3,2,0,1) : 1
(4,5,7) : 3
(4,5,7,1,3,2,0,6) : 1
(4,5,7,2) : 1
(4,5,7,2,0,1,3,6) : 3
(4,5,7,2,0,1,6) : 1
(4,5,7,2,0,1,6,3) : 2
(4,5,7,2,1,0,3,6) : 3
(4,5,7,2,6,0,1) : 1
(4,5,7,3,2,6,1,0) : 1
(4,5,7,3,6,2,1,0) : 1
(4,6) : 5
(4,6,0) : 2
(4,6,0,5) : 1
(4,6,0,5,7,2,3,1) : 1
(4,6,0,7,5,3,2,1) : 1
(4,6,2,5,0,7,1,3) : 1
(4,6,5) : 2
(4,6,5,0) : 1
(4,6,5,1,0,2,7) : 1
(4,6,5,3,2,7,0,1) : 1
(4,6,5,3,7,2,1,0) : 2
(4,6,5,7,2,3,0,1) : 1
(4,6,5,7,3,1,2,0) : 1
(4,6,5,7,3,2,1,0) : 1
(4,6,7,0,5,2,3,1) : 1
(4,7) : 4
(4,7,1,0,2,5,6,3) : 1
(4,7,2,1,0,3,5,6) : 1
(4,7,2,5) : 1
(4,7,2,5,3,1,6,0) : 1
(4,7,3,5,6,2,1,0) : 1
(4,7,5,0,6,3) : 1
(4,7,5,2,3,6,0,1) : 1
(4,7,5,3,2,0,1,6) : 1
(4,7,5,6,0,2,3,1) : 1
(5) : 1420
(5,0) : 34
(5,0,1) : 7
(5,0,1,2,3,4,6,7) : 1
(5,0,1,2,3,4,7,6) : 1
(5,0,1,2,6,4,7,3) : 1
(5,0,1,2,7,3,4,6) : 2
(5,0,1,2,7,4,3,6) : 1
(5,0,1,2,7,6,4,3) : 1
(5,0,1,3) : 1
(5,0,1,3,4,2,7,6) : 1
(5,0,1,3,4,7,2,6) : 1
(5,0,1,4,2,6,7,3) : 1
(5,0,1,4,2,7,3,6) : 1
(5,0,1,4,2,7,6,3) : 1
(5,0,1,4,6,2,7,3) : 1
(5,0,1,6) : 1
(5,0,1,6,4,2,7,3) : 1
(5,0,1,6,4,3,2,7) : 2
(5,0,1,7,2,3,4,6) : 1
(5,0,1,7,4,2,6,3) : 2
(5,0,2,4) : 1
(5,0,2,4,1,7,3,6) : 1
(5,0,2,4,6,1,7,3) : 1
(5,0,2,4,7,3,6,1) : 1
(5,0,2,6,4,3,7,1) : 2
(5,0,3) : 2
(5,0,3,1) : 1
(5,0,3,1,7,2,4,6) : 1
(5,0,3,2,4,6,7,1) : 1
(5,0,3,7,2,6,4,1) : 1
(5,0,4,1,2,7,3,6) : 1
(5,0,4,1,6,3,7,2) : 1
(5,0,4,1,6,7,2,3) : 1
(5,0,4,2,1,6,3,7) : 1
(5,0,4,3,6,1,7,2) : 1
(5,0,4,6) : 2
(5,0,4,6,2,7,1,3) : 2
(5,0,4,6,2,7,3,1) : 2
(5,0,4,6,3,7,2,1) : 1
(5,0,4,6,7,2,1,3) : 1
(5,0,4,6,7,2,3,1) : 2
(5,0,4,6,7,3,2,1) : 5
(5,0,4,7,6,1,3,2) : 1
(5,0,4,7,6,3,2,1) : 1
(5,0,6) : 26
(5,0,6,1,2,4,7,3) : 1
(5,0,6,1,2,7,4,3) : 2
(5,0,6,1,4,2,7,3) : 1
(5,0,6,2,3,4,7,1) : 1
(5,0,6,2,4,3,7,1) : 2
(5,0,6,2,4,7,3,1) : 4
(5,0,6,2,7,4,3,1) : 1
(5,0,6,3,1,7,4,2) : 1
(5,0,6,3,4,2,7,1) : 1
(5,0,6,3,4,7,2,1) : 1
(5,0,6,4) : 1
(5,0,6,4,1,2,7,3) : 1
(5,0,6,4,1,7,2,3) : 2
(5,0,6,4,2,1,3,7) : 1
(5,0,6,4,2,1,7,3) : 2
(5,0,6,4,2,3,7,1) : 2
(5,0,6,4,2,7,1,3) : 4
(5,0,6,4,2,7,3,1) : 1
(5,0,6,4,3,2,7,1) : 1
(5,0,6,4,3,7,2,1) : 22
(5,0,6,4,7,1,2,3) : 1
(5,0,6,4,7,2,1,3) : 2
(5,0,6,4,7,2,3,1) : 12
(5,0,6,4,7,3,2,1) : 2
(5,0,6,7,1,4,2,3) : 1
(5,0,6,7,3,4,2,1) : 2
(5,0,6,7,4,2,1,3) : 1
(5,0,6,7,4,2,3,1) : 2
(5,0,6,7,4,3,1,2) : 1
(5,0,6,7,4,3,2,1) : 1
(5,0,7,1,2,4,3,6) : 1
(5,0,7,3,2,1,4,6) : 1
(5,0,7,4) : 1
(5,0,7,4,2,6,1,3) : 1
(5,0,7,4,6,2,1) : 1
(5,0,7,4,6,2,1,3) : 1
(5,0,7,4,6,3,2,1) : 1
(5,0,7,6,4,1,2,3) : 1
(5,0,7,6,4,3,2,1) : 1
(5,1) : 44
(5,1,0) : 6
(5,1,0,2,4,3,7,6) : 1
(5,1,0,2,4,7,3,6) : 1
(5,1,0,2,7,3,4,6) : 4
(5,1,0,2,7,4,3,6) : 1
(5,1,0,2,7,4,6,3) : 3
(5,1,0,2,7,6,4,3) : 1
(5,1,0,3,4,6,7,2) : 1
(5,1,0,4,2,7,3,6) : 1
(5,1,0,4,2,7,6) : 1
(5,1,0,4,3,7,2,6) : 1
(5,1,0,4,6,2,7,3) : 1
(5,1,0,6) : 1
(5,1,0,6,2,4,7,3) : 1
(5,1,0,6,3,4,2,7) : 1
(5,1,0,6,3,4,7,2) : 1
(5,1,0,6,4,2,7,3) : 1
(5,1,0,6,4,3,7,2) : 2
(5,1,0,6,4,7,2,3) : 1
(5,1,0,6,7,2,3,4) : 1
(5,1,0,6,7,2,4,3) : 1
(5,1,0,6,7,4,3,2) : 1
(5,1,0,7,4,6,2,3) : 1
(5,1,2,4) : 1
(5,1,2,6,0,7,4,3) : 1
(5,1,2,6,3,4,7,0) : 1
(5,1,2,7,3,4,6,0) : 3
(5,1,2,7,4,3,0,6) : 1
(5,1,2,7,4,6,0,3) : 2
(5,1,2,7,4,6,3,0) : 1
(5,1,3) : 2
(5,1,3,0) : 1
(5,1,3,0,2,4,6,7) : 1
(5,1,3,0,7,4,2,6) : 2
(5,1,3,0,7,4,6,2) : 1
(5,1,3,4,0,6,7,2) : 1
(5,1,3,4,2,0,6,7) : 1
(5,1,3,4,2,6) : 1
(5,1,3,4,2,6,0,7) : 1
(5,1,3,4,2,7,0,6) : 1
(5,1,3,4,6,7,0,2) : 1
(5,1,3,4,7,0,6,2) : 1
(5,1,3,4,7,2,0,6) : 2
(5,1,3,6,2,7,4,0) : 1
(5,1,3,6,4,0,2,7) : 1
(5,1,3,6,4,2,7,0) : 1
(5,1,4) : 1
(5,1,4,0,2,3,7,6) : 1
(5,1,4,0,2,7,6,3) : 1
(5,1,4,0,6,3,2,7) : 1
(5,1,4,2,0,3,6,7) : 1
(5,1,4,2,0,7,3,6) : 1
(5,1,4,2,0,7,6,3) : 1
(5,1,4,2,3,6,7,0) : 1
(5,1,4,2,6,3,7,0) : 1
(5,1,4,2,7,3,0,6) : 1
(5,1,4,2,7,3,6,0) : 1
(5,1,4,3) : 1
(5,1,4,3,0,2,6,7) : 1
(5,1,4,3,2,7,6,0) : 2
(5,1,4,3,6,7,2,0) : 1
(5,1,4,3,7,2,0,6) : 3
(5,1,4,6,0,2,3,7) : 1
(5,1,4,6,0,2,7) : 1
(5,1,4,6,3,7,2,0) : 1
(5,1,4,6,7,0,2,3) : 1
(5,1,4,6,7,2,3,0) : 1
(5,1,4,6,7,3,2,0) : 1
(5,1,4,7,0,3,6,2) : 1
(5,1,4,7,2,3,0,6) : 1
(5,1,4,7,2,3,6,0) : 1
(5,1,4,7,3,2,6,0) : 1
(5,1,6) : 4
(5,1,6,0) : 1
(5,1,6,0,2,4,3,7) : 1
(5,1,6,0,4,7,2,3) : 1
(5,1,6,0,7,2,3,4) : 1
(5,1,6,3,2,4,0,7) : 1
(5,1,6,3,7,2,0,4) : 1
(5,1,6,4) : 1
(5,1,6,4,0,2,7,3) : 1
(5,1,6,4,0,7,2,3) : 1
(5,1,6,4,0,7,3,2) : 1
(5,1,6,4,3,0,7,2) : 1
(5,1,6,4,3,7,0,2) : 1
(5,1,6,4,3,7,2,0) : 2
(5,1,6,7,0,2,4,3) : 1
(5,1,7) : 2
(5,1,7,0,6,4,3,2) : 1
(5,1,7,2,4,6,3,0) : 1
(5,1,7,2,6,0,3,4) : 1
(5,1,7,3,4,2,0,6) : 1
(5,1,7,3,4,6,0,2) : 1
(5,1,7,4,6,2,3,0) : 1
(5,1,7,6) : 1
(5,2) : 7
(5,2,0,1) : 1
(5,2,0,1,4,6,3,7) : 1
(5,2,0,1,7,4,3,6) : 1
(5,2,0,1,7,6,4,3) : 1
(5,2,0,4,7,1,6,3) : 1
(5,2,1) : 1
(5,2,1,4,6,0,7,3) : 1
(5,2,1,4,7,3,0,6) : 1
(5,2,1,7,3,4,6,0) : 1
(5,2,3,1,6,0,7,4) : 1
(5,2,3,4,0,1,6) : 1
(5,2,3,4,6,1,0,7) : 1
(5,2,3,4,7,1,0,6) : 1
(5,2,4) : 1
(5,2,4,0) : 1
(5,2,4,0,1,7,3,6) : 1
(5,2,4,0,7,6,1,3) : 1
(5,2,4,3,1,6,0,7) : 1
(5,2,4,3,7,1,0,6) : 1
(5,2,4,6,0,1,7,3) : 1
(5,2,4,6,7,0,1,3) : 1
(5,2,4,7,3,6,1,0) : 1
(5,2,6,0,4,7,3,1) : 1
(5,2,6,0,7,4,3,1) : 1
(5,2,6,3,4,0,1,7) : 1
(5,2,6,4) : 1
(5,2,6,4,0,7,1,3) : 1
(5,2,6,4,1,7,0,3) : 1
(5,2,6,4,3,0,1,7) : 1
(5,2,6,4,3,1,0,7) : 1
(5,2,7,1,3,6,4,0) : 1
(5,2,7,1,4,3,0,6) : 1
(5,2,7,4,1,0,6,3) : 1
(5,2,7,4,3,1,0,6) : 1
(5,3) : 4
(5,3,0,1) : 1
(5,3,0,1,2,7,4,6) : 1
(5,3,0,1,4,2,7,6) : 1
(5,3,0,1,4,7,2,6) : 1
(5,3,0,4,6,7,2,1) : 1
(5,3,0,6,4,2,7,1) : 1
(5,3,0,6,4,7,2,1) : 1
(5,3,1) : 2
(5,3,1,0,2,7,4,6) : 1
(5,3,1,0,4,7,2,6) : 1
(5,3,1,0,7,2,4,6) : 1
(5,3,1,2,4,7,0,6) : 1
(5,3,1,4,2,7,6,0) : 1
(5,3,1,4,6,7,0,2) : 1
(5,3,1,4,7,2,6,0) : 1
(5,3,1,6,0,4,2) : 1
(5,3,1,7,2,6,0) : 1
(5,3,2) : 1
(5,3,2,1,0,4,7,6) : 1
(5,3,2,4,1,0,6,7) : 1
(5,3,2,7,4,6,0,1) : 1
(5,3,4) : 1
(5,3,4,0,1,2,7,6) : 1
(5,3,4,0,6,2,7,1) : 1
(5,3,4,1,0,7,6,2) : 1
(5,3,4,2,7,1,6,0) : 1
(5,3,4,6,2,7,0,1) : 1
(5,3,4,7,0,6,1,2) : 1
(5,3,4,7,2,0,1,6) : 1
(5,3,4,7,2,1,0,6) : 1
(5,3,4,7,2,6,1,0) : 1
(5,3,4,7,6,2,0,1) : 1
(5,3,6) : 3
(5,3,6,4,2,0,1,7) : 1
(5,3,6,4,2,0,7,1) : 1
(5,3,6,4,7,2,1,0) : 1
(5,3,7) : 1
(5,3,7,0,4,2,6,1) : 1
(5,3,7,1,6) : 1
(5,3,7,4,2,1,6,0) : 1
(5,3,7,4,6,0,1,2) : 1
(5,3,7,6) : 1
(5,4) : 25
(5,4,0) : 3
(5,4,0,1,2,7,3,6) : 4
(5,4,0,1,2,7,6,3) : 2
(5,4,0,1,6,2,7,3) : 2
(5,4,0,1,6,3,2,7) : 1
(5,4,0,1,6,3,7,2) : 3
(5,4,0,1,7,2,3,6) : 1
(5,4,0,2,1,7,3,6) : 1
(5,4,0,2,1,7,6,3) : 1
(5,4,0,3,6,7,2,1) : 3
(5,4,0,6) : 2
(5,4,0,6,1) : 3
(5,4,0,6,1,2,7,3) : 1
(5,4,0,6,3,7,2,1) : 2
(5,4,0,6,7,2,3,1) : 1
(5,4,0,7,2,1,6,3) : 1
(5,4,0,7,2,3,6,1) : 2
(5,4,0,7,3,6,2,1) : 1
(5,4,0,7,6,2,1,3) : 1
(5,4,1) : 3
(5,4,1,0,2,6,3,7) : 3
(5,4,1,0,2,7,3,6) : 4
(5,4,1,0,2,7,6,3) : 1
(5,4,1,0,6) : 1
(5,4,1,0,6,2,7,3) : 1
(5,4,1,0,6,7,2,3) : 1
(5,4,1,2,3,6,0,7) : 1
(5,4,1,2,6,0,3,7) : 1
(5,4,1,2,7,3,6,0) : 1
(5,4,1,2,7,6,3,0) : 1
(5,4,1,3,0,2,6,7) : 1
(5,4,1,3,0,6,2,7) : 1
(5,4,1,3,2) : 1
(5,4,1,6,0,2,7,3) : 1
(5,4,1,6,3,7,2,0) : 1
(5,4,1,7,0,2,6,3) : 1
(5,4,1,7,2,6,3,0) : 1
(5,4,2) : 3
(5,4,2,0,6,1,7,3) : 1
(5,4,2,0,6,7,1,3) : 1
(5,4,2,1,0,6,7,3) : 2
(5,4,2,1,0,7,3,6) : 1
(5,4,2,1,0,7,6) : 1
(5,4,2,1,3,7,0,6) : 2
(5,4,2,1,7,3,0,6) : 2
(5,4,2,1,7,3,6,0) : 1
(5,4,2,3,7,1,0,6) : 2
(5,4,2,3,7,6,0,1) : 1
(5,4,2,6,0,3,7,1) : 1
(5,4,2,6,1,7,0,3) : 1
(5,4,2,6,7,0,1,3) : 1
(5,4,2,6,7,1,0,3) : 1
(5,4,2,6,7,3,0,1) : 1
(5,4,2,7) : 2
(5,4,2,7,0,1,3,6) : 1
(5,4,2,7,1,0,3,6) : 1
(5,4,2,7,1,3,0,6) : 1
(5,4,2,7,1,3,6,0) : 1
(5,4,2,7,3,1,0,6) : 1
(5,4,2,7,3,1,6,0) : 1
(5,4,2,7,6,0,1,3) : 2
(5,4,2,7,6,1,0,3) : 2
(5,4,2,7,6,3,0,1) : 1
(5,4,2,7,6,3,1,0) : 2
(5,4,3,0,6,2,7,1) : 1
(5,4,3,1,0,2,7,6) : 1
(5,4,3,1,2,7,6,0) : 2
(5,4,3,2,1,0,6,7) : 1
(5,4,3,2,1,7,6,0) : 1
(5,4,3,2,7,1,0,6) : 1
(5,4,3,2,7,1,6,0) : 1
(5,4,3,6,0,1,2,7) : 1
(5,4,3,6,7,1,2,0) : 1
(5,4,3,6,7,2,0,1) : 1
(5,4,3,6,7,2,1,0) : 1
(5,4,3,7,1,2,6,0) : 1
(5,4,3,7,2,0,1,6) : 1
(5,4,3,7,2,1,0,6) : 6
(5,4,3,7,2,6,1,0) : 2
(5,4,3,7,6,2,0,1) : 1
(5,4,3,7,6,2,1,0) : 1
(5,4,6) : 2
(5,4,6,0) : 2
(5,4,6,0,1,2,3,7) : 1
(5,4,6,0,1,2,7,3) : 4
(5,4,6,0,1,7,2,3) : 1
(5,4,6,0,2,7,1,3) : 4
(5,4,6,0,2,7,3,1) : 4
(5,4,6,0,3,7,1,2) : 1
(5,4,6,0,7,1,3,2) : 1
(5,4,6,0,7,2,1,3) : 1
(5,4,6,0,7,3,2,1) : 2
(5,4,6,1,0,2,7,3) : 2
(5,4,6,1,3,7,0,2) : 1
(5,4,6,1,7,3,2,0) : 1
(5,4,6,2,0,1,3,7) : 1
(5,4,6,2,0,1,7,3) : 1
(5,4,6,2,1,3,7,0) : 1
(5,4,6,2,7,1,0,3) : 2
(5,4,6,2,7,3,0,1) : 2
(5,4,6,2,7,3,1,0) : 1
(5,4,6,3,1,2,7,0) : 1
(5,4,6,3,2,0,1,7) : 1
(5,4,6,3,7,2,0,1) : 2
(5,4,6,3,7,2,1,0) : 4
(5,4,6,7,0,1,2,3) : 2
(5,4,6,7,2,0,1,3) : 3
(5,4,6,7,2,0,3) : 1
(5,4,6,7,2,0,3,1) : 3
(5,4,6,7,2,1,0,3) : 3
(5,4,6,7,2,3,1,0) : 3
(5,4,6,7,3,2,1,0) : 2
(5,4,7,0,1,6,2,3) : 1
(5,4,7,0,6,1,2,3) : 1
(5,4,7,1,2,6,0,3) : 1
(5,4,7,1,3,2,0,6) : 1
(5,4,7,1,6,3,2,0) : 1
(5,4,7,2,0,1,6) : 1
(5,4,7,2,0,1,6,3) : 1
(5,4,7,2,1,0,3,6) : 5
(5,4,7,2,1,0,6) : 1
(5,4,7,2,1,3,0,6) : 1
(5,4,7,2,1,6,0) : 1
(5,4,7,2,3,1,0,6) : 2
(5,4,7,2,3,1,6,0) : 1
(5,4,7,2,6,3,0,1) : 1
(5,4,7,3,2,0,6,1) : 1
(5,4,7,3,2,1,0,6) : 1
(5,4,7,3,6,2,0,1) : 2
(5,4,7,6) : 1
(5,4,7,6,0,1,2,3) : 2
(5,6) : 35
(5,6,0) : 74
(5,6,0,1) : 4
(5,6,0,1,2,3,7,4) : 1
(5,6,0,1,2,4,3,7) : 1
(5,6,0,1,2,4,7,3) : 1
(5,6,0,1,2,7,3,4) : 3
(5,6,0,1,2,7,4,3) : 2
(5,6,0,1,4,2,7,3) : 4
(5,6,0,1,4,3,7,2) : 1
(5,6,0,1,4,7,2,3) : 1
(5,6,0,1,7,4,2,3) : 1
(5,6,0,2) : 2
(5,6,0,2,1,7,3,4) : 1
(5,6,0,2,1,7,4,3) : 1
(5,6,0,2,4,1,7,3) : 1
(5,6,0,2,4,3,7,1) : 1
(5,6,0,2,4,7,1,3) : 1
(5,6,0,2,7,3,4,1) : 2
(5,6,0,2,7,4,1,3) : 2
(5,6,0,2,7,4,3,1) : 5
(5,6,0,3) : 1
(5,6,0,3,4) : 1
(5,6,0,3,4,7,2,1) : 4
(5,6,0,3,7,2,4,1) : 1
(5,6,0,3,7,4,1,2) : 1
(5,6,0,4) : 14
(5,6,0,4,1) : 1
(5,6,0,4,1,2,7,3) : 6
(5,6,0,4,1,7,2,3) : 1
(5,6,0,4,1,7,3,2) : 1
(5,6,0,4,2,1,7,3) : 2
(5,6,0,4,2,3,7,1) : 5
(5,6,0,4,2,7,1,3) : 5
(5,6,0,4,2,7,3,1) : 15
(5,6,0,4,3,1,2,7) : 1
(5,6,0,4,3,2,7,1) : 2
(5,6,0,4,3,7) : 1
(5,6,0,4,3,7,1,2) : 1
(5,6,0,4,3,7,2,1) : 321
(5,6,0,4,7,1,2,3) : 2
(5,6,0,4,7,2) : 1
(5,6,0,4,7,2,1,3) : 6
(5,6,0,4,7,2,3,1) : 8
(5,6,0,4,7,3,2,1) : 6
(5,6,0,7) : 1
(5,6,0,7,1,2,3,4) : 1
(5,6,0,7,2,1,3,4) : 1
(5,6,0,7,2,1,4,3) : 1
(5,6,0,7,2,4,1,3) : 2
(5,6,0,7,2,4,3,1) : 1
(5,6,0,7,4) : 1
(5,6,0,7,4,2,1,3) : 2
(5,6,0,7,4,2,3,1) : 3
(5,6,0,7,4,3,2,1) : 1
(5,6,1) : 3
(5,6,1,0) : 3
(5,6,1,0,2,4,3,7) : 1
(5,6,1,0,2,4,7,3) : 1
(5,6,1,0,3,2,7) : 1
(5,6,1,0,4,2,7,3) : 1
(5,6,1,0,4,3,7,2) : 1
(5,6,1,2,7,3,4,0) : 2
(5,6,1,3,7,2,0) : 1
(5,6,1,4,0,2,7,3) : 1
(5,6,1,4,0,7,2,3) : 1
(5,6,1,4,2,7,3,0) : 1
(5,6,1,4,3,7,2,0) : 4
(5,6,1,4,7,3,2,0) : 1
(5,6,1,7) : 2
(5,6,1,7,4,3,2,0) : 1
(5,6,2,0,4,3,7,1) : 1
(5,6,2,1,0,7,4,3) : 1
(5,6,2,3,4,7,1,0) : 2
(5,6,2,4,3,1,7,0) : 1
(5,6,2,4,3,7,1,0) : 1
(5,6,2,4,7,0,1,3) : 1
(5,6,2,7,4,3,0,1) : 1
(5,6,3) : 1
(5,6,3,0,1,2,7) : 1
(5,6,3,0,1,2,7,4) : 2
(5,6,3,0,7,4,2,1) : 1
(5,6,3,1,2,4,0,7) : 1
(5,6,3,2,1,0,7,4) : 1
(5,6,3,2,4,0,1,7) : 1
(5,6,3,2,4,7,0,1) : 2
(5,6,3,4,7,2,0,1) : 2
(5,6,3,4,7,2,1,0) : 1
(5,6,3,7,4) : 1
(5,6,3,7,4,0,1,2) : 1
(5,6,3,7,4,2,1,0) : 1
(5,6,4) : 7
(5,6,4,0) : 3
(5,6,4,0,1) : 1
(5,6,4,0,1,2,7,3) : 2
(5,6,4,0,1,3,7,2) : 1
(5,6,4,0,1,7,2,3) : 3
(5,6,4,0,2,1,3,7) : 1
(5,6,4,0,2,7,1,3) : 1
(5,6,4,0,2,7,3,1) : 2
(5,6,4,0,3,1,7,2) : 1
(5,6,4,0,3,7,2,1) : 4
(5,6,4,0,7,1,2,3) : 1
(5,6,4,0,7,2,1) : 1
(5,6,4,0,7,2,1,3) : 1
(5,6,4,0,7,2,3,1) : 1
(5,6,4,0,7,3,2,1) : 2
(5,6,4,2,0,1,7,3) : 2
(5,6,4,2,0,7,1,3) : 2
(5,6,4,2,0,7,3,1) : 1
(5,6,4,2,1,0,7,3) : 1
(5,6,4,2,7,0,1,3) : 2
(5,6,4,2,7,1,0,3) : 2
(5,6,4,2,7,3,1,0) : 2
(5,6,4,3,0,1,2,7) : 2
(5,6,4,3,1,0,7,2) : 1
(5,6,4,3,1,2,7,0) : 1
(5,6,4,3,2,0,7,1) : 1
(5,6,4,3,2,1,0,7) : 1
(5,6,4,3,2,7,1,0) : 2
(5,6,4,3,7,0,2,1) : 1
(5,6,4,3,7,2,0,1) : 3
(5,6,4,3,7,2,1,0) : 10
(5,6,4,7,0,1,2,3) : 1
(5,6,4,7,2,0,1,3) : 5
(5,6,4,7,2,0,3,1) : 3
(5,6,4,7,2,1,0,3) : 3
(5,6,4,7,2,3,0,1) : 1
(5,6,4,7,2,3,1,0) : 2
(5,6,4,7,3,1,0,2) : 1
(5,6,4,7,3,2,0,1) : 1
(5,6,4,7,3,2,1,0) : 1
(5,6,7) : 1
(5,6,7,0) : 1
(5,6,7,0,1,2,3,4) : 1
(5,6,7,2,0,4,3,1) : 1
(5,6,7,2,1,0,3,4) : 1
(5,6,7,2,4,3,1,0) : 1
(5,6,7,4,2,0,1) : 1
(5,6,7,4,2,3,0,1) : 1
(5,6,7,4,2,3,1,0) : 1
(5,6,7,4,3,2,1,0) : 2
(5,7) : 2
(5,7,1,4,3,2,6,0) : 1
(5,7,2,0,1,6,3,4) : 1
(5,7,2,4,0,6,3,1) : 1
(5,7,2,4,3,6,0,1) : 1
(5,7,3,1,2,6,4,0) : 1
(5,7,3,2,1,0,4,6) : 1
(5,7,3,4,0,1,2,6) : 1
(5,7,3,4,2,0,6,1) : 1
(5,7,3,4,6,0,2,1) : 1
(5,7,3,6,1,2,0,4) : 1
(5,7,4,0) : 1
(5,7,4,1,0,2,3,6) : 1
(5,7,4,1,0,6,2) : 1
(5,7,4,1,3,0,6) : 1
(5,7,4,6,2,3,0,1) : 1
(5,7,4,6,3,0,1,2) : 1
(5,7,4,6,3,2,0,1) : 1
(5,7,6,4,2,0,1,3) : 1
(5,7,6,4,3,2,0,1) : 1
(6) : 1753
(6,0) : 145
(6,0,1) : 18
(6,0,1,2,4,5,3,7) : 1
(6,0,1,2,4,5,7,3) : 1
(6,0,1,2,5,4,7,3) : 2
(6,0,1,2,7,3,4,5) : 10
(6,0,1,2,7,4,5,3) : 3
(6,0,1,2,7,5,4,3) : 1
(6,0,1,3,4,5,2,7) : 1
(6,0,1,3,4,7,2,5) : 1
(6,0,1,3,5,4,7,2) : 1
(6,0,1,3,7,5,4,2) : 1
(6,0,1,4,2,7,3,5) : 1
(6,0,1,4,2,7,5,3) : 1
(6,0,1,4,3,2,7,5) : 1
(6,0,1,4,3,5,7,2) : 1
(6,0,1,4,3,7,2,5) : 1
(6,0,1,4,5,2,7,3) : 3
(6,0,1,4,5,3,7,2) : 2
(6,0,1,4,5,7,2,3) : 1
(6,0,1,4,5,7,3,2) : 1
(6,0,1,4,7,2,3,5) : 1
(6,0,1,5,3,4,7,2) : 1
(6,0,1,5,4,2,3,7) : 1
(6,0,1,5,4,2,7,3) : 8
(6,0,1,5,4,3,7,2) : 2
(6,0,1,5,4,7,2,3) : 4
(6,0,1,7,2,4,5,3) : 1
(6,0,1,7,3,4,5,2) : 1
(6,0,1,7,3,5,2,4) : 1
(6,0,1,7,4,3,5,2) : 1
(6,0,1,7,4,5,2,3) : 1
(6,0,1,7,5,4,2,3) : 1
(6,0,2) : 2
(6,0,2,1,3,7,5,4) : 1
(6,0,2,1,7,4,5,3) : 2
(6,0,2,3,4,7,1,5) : 1
(6,0,2,3,5,4,7,1) : 2
(6,0,2,4,5,3,7,1) : 2
(6,0,2,4,5,7,1,3) : 1
(6,0,2,5,4,3,7,1) : 3
(6,0,2,5,4,7,1,3) : 4
(6,0,2,5,4,7,3,1) : 4
(6,0,2,7,3,4,5,1) : 3
(6,0,2,7,4,5,1,3) : 2
(6,0,2,7,4,5,3,1) : 1
(6,0,3) : 2
(6,0,3,1,5,4,2,7) : 1
(6,0,3,4,1,5,2,7) : 1
(6,0,3,4,5,2,7,1) : 1
(6,0,3,4,5,7,2,1) : 3
(6,0,3,5) : 1
(6,0,3,5,2,4,7,1) : 1
(6,0,3,5,4,2,7,1) : 1
(6,0,3,7) : 1
(6,0,3,7,4,5,2,1) : 1
(6,0,4) : 1
(6,0,4,2,3,5,1,7) : 1
(6,0,4,2,5,7,3,1) : 1
(6,0,4,3,2,5,7,1) : 1
(6,0,4,3,5,1,2,7) : 1
(6,0,4,5) : 3
(6,0,4,5,1) : 1
(6,0,4,5,1,2,7,3) : 3
(6,0,4,5,1,7,2,3) : 1
(6,0,4,5,2,1,7,3) : 3
(6,0,4,5,2,3,7,1) : 1
(6,0,4,5,2,7,1,3) : 5
(6,0,4,5,2,7,3,1) : 7
(6,0,4,5,3,7,2,1) : 2
(6,0,4,5,7,1,2,3) : 2
(6,0,4,5,7,2,1,3) : 7
(6,0,4,5,7,2,3,1) : 5
(6,0,4,5,7,3,2,1) : 7
(6,0,4,7,2,5,1,3) : 1
(6,0,4,7,5,1,2,3) : 2
(6,0,4,7,5,2,1,3) : 1
(6,0,5) : 78
(6,0,5,1,2,4,7,3) : 2
(6,0,5,1,2,7,3,4) : 2
(6,0,5,1,2,7,4,3) : 1
(6,0,5,1,4,2,7,3) : 1
(6,0,5,1,7,2,4,3) : 1
(6,0,5,1,7,3,4,2) : 1
(6,0,5,2) : 1
(6,0,5,2,1,4,7,3) : 1
(6,0,5,2,1,7,4,3) : 1
(6,0,5,2,3,7,4,1) : 1
(6,0,5,2,4,1,3,7) : 1
(6,0,5,2,4,1,7,3) : 2
(6,0,5,2,4,7,1,3) : 6
(6,0,5,2,4,7,3,1) : 4
(6,0,5,2,7,3,4,1) : 1
(6,0,5,2,7,4,1,3) : 2
(6,0,5,2,7,4,3,1) : 4
(6,0,5,3,2,7,4,1) : 1
(6,0,5,3,4,2,7,1) : 1
(6,0,5,3,4,7,2,1) : 1
(6,0,5,3,7,2,1) : 1
(6,0,5,3,7,2,4,1) : 1
(6,0,5,4) : 8
(6,0,5,4,1) : 1
(6,0,5,4,1,2,3,7) : 1
(6,0,5,4,1,2,7,3) : 11
(6,0,5,4,1,7,2,3) : 4
(6,0,5,4,2) : 1
(6,0,5,4,2,1,7,3) : 15
(6,0,5,4,2,3,7,1) : 4
(6,0,5,4,2,7) : 1
(6,0,5,4,2,7,1,3) : 30
(6,0,5,4,2,7,3,1) : 27
(6,0,5,4,3,2,1,7) : 1
(6,0,5,4,3,2,7,1) : 1
(6,0,5,4,3,7,1,2) : 1
(6,0,5,4,3,7,2,1) : 16
(6,0,5,4,7) : 1
(6,0,5,4,7,1,2,3) : 2
(6,0,5,4,7,1,3,2) : 2
(6,0,5,4,7,2,1,3) : 10
(6,0,5,4,7,2,3,1) : 20
(6,0,5,4,7,3,1,2) : 1
(6,0,5,4,7,3,2,1) : 10
(6,0,5,7) : 1
(6,0,5,7,1,2,4,3) : 1
(6,0,5,7,2,4,1,3) : 1
(6,0,5,7,2,4,3,1) : 1
(6,0,5,7,3,4,2,1) : 1
(6,0,5,7,4) : 1
(6,0,5,7,4,2,1,3) : 2
(6,0,5,7,4,2,3,1) : 1
(6,0,5,7,4,3,2,1) : 1
(6,0,7) : 2
(6,0,7,1,2,4,5,3) : 1
(6,0,7,1,5,4,2,3) : 1
(6,0,7,2,1,4,3,5) : 1
(6,0,7,2,3,4,5,1) : 2
(6,0,7,2,4,1,5,3) : 1
(6,0,7,2,4,5,1,3) : 2
(6,0,7,2,4,5,3,1) : 3
(6,0,7,2,5,4,1,3) : 2
(6,0,7,2,5,4,3,1) : 3
(6,0,7,3,4,5,2,1) : 1
(6,0,7,3,5) : 1
(6,0,7,3,5,4,2,1) : 1
(6,0,7,4,1,2,3,5) : 1
(6,0,7,4,2,1,3) : 1
(6,0,7,4,5,1,2,3) : 2
(6,0,7,4,5,2,1,3) : 4
(6,0,7,4,5,2,3,1) : 1
(6,0,7,4,5,3,2,1) : 1
(6,0,7,5,4) : 1
(6,0,7,5,4,2,1,3) : 5
(6,0,7,5,4,2,3,1) : 2
(6,0,7,5,4,3,2,1) : 2
(6,1) : 33
(6,1,0) : 8
(6,1,0,2,4,5,7,3) : 1
(6,1,0,2,5,4,7,3) : 1
(6,1,0,2,7,3,4,5) : 5
(6,1,0,2,7,4,5,3) : 1
(6,1,0,2,7,5,4,3) : 2
(6,1,0,4,3,5,2,7) : 1
(6,1,0,4,5,2,3,7) : 1
(6,1,0,4,5,2,7,3) : 2
(6,1,0,4,5,3,2,7) : 1
(6,1,0,4,5,7,2,3) : 3
(6,1,0,5,2,4,3,7) : 1
(6,1,0,5,2,4,7,3) : 1
(6,1,0,5,4,2,7,3) : 2
(6,1,0,5,4,3,7,2) : 1
(6,1,0,5,4,7,2,3) : 1
(6,1,0,5,4,7,3,2) : 1
(6,1,0,5,7,4,2,3) : 1
(6,1,0,7,2,3,4,5) : 1
(6,1,0,7,3,4,5) : 1
(6,1,0,7,4,5,2) : 1
(6,1,0,7,4,5,2,3) : 2
(6,1,0,7,4,5,3) : 1
(6,1,0,7,5,2,3,4) : 1
(6,1,0,7,5,4,3,2) : 1
(6,1,2,3,4,5,7,0) : 1
(6,1,2,7,3,4,5,0) : 1
(6,1,3,4,5,2,0,7) : 1
(6,1,4,0,5,3,7,2) : 1
(6,1,4,5,3,2,0,7) : 1
(6,1,4,5,3,7,2,0) : 1
(6,1,4,5,7,2,0,3) : 2
(6,1,5) : 4
(6,1,5,0) : 1
(6,1,5,2,4,7,0,3) : 1
(6,1,5,4,0,2,7,3) : 4
(6,1,5,4,3,7,2,0) : 1
(6,1,5,4,7,0,2,3) : 1
(6,1,5,4,7,2,0,3) : 2
(6,1,7) : 2
(6,1,7,3,0,2,4,5) : 1
(6,1,7,3,5) : 1
(6,1,7,4,5,0,2,3) : 1
(6,1,7,4,5,2,3,0) : 1
(6,1,7,4,5,3,2,0) : 1
(6,1,7,5,4,2,0,3) : 1
(6,2) : 7
(6,2,0,5,4,7,3,1) : 1
(6,2,1,0,5,4,7,3) : 1
(6,2,5,4) : 1
(6,2,5,4,3,7,1,0) : 1
(6,2,5,4,7,3,0,1) : 1
(6,2,7,1,0,3,5) : 1
(6,2,7,3,5,4,1,0) : 1
(6,2,7,4,5,3,0,1) : 1
(6,2,7,4,5,3,1,0) : 1
(6,3) : 4
(6,3,0,1,2,7,4,5) : 2
(6,3,0,4,5,7,2,1) : 1
(6,3,0,5,7,2,1,4) : 1
(6,3,0,7,2,4,5,1) : 1
(6,3,1,0,5,4,7,2) : 1
(6,3,4,5,7,0,1,2) : 1
(6,3,5,2,1,0,7,4) : 1
(6,3,5,2,4,0,1,7) : 1
(6,3,5,4,0,1,7,2) : 1
(6,3,5,4,2,0,7,1) : 1
(6,3,5,4,2,7,0,1) : 1
(6,3,5,4,7,0,1,2) : 1
(6,3,5,4,7,2,0,1) : 2
(6,3,7,4,5,0,2,1) : 1
(6,3,7,5,4) : 1
(6,4) : 2
(6,4,0,1,7,5,2,3) : 1
(6,4,0,2,7,5,3,1) : 1
(6,4,0,3,7,5,1,2) : 1
(6,4,0,5,1,7,2,3) : 1
(6,4,1,7,3,5,2,0) : 1
(6,4,2,5,1,7,3,0) : 1
(6,4,3,1,7,2,5,0) : 1
(6,4,3,7,5,2,1,0) : 1
(6,4,5) : 3
(6,4,5,0) : 1
(6,4,5,0,1) : 1
(6,4,5,0,1,2,7,3) : 1
(6,4,5,0,1,7,2,3) : 1
(6,4,5,0,2,7,3,1) : 1
(6,4,5,1,0,7,2) : 1
(6,4,5,1,0,7,3,2) : 1
(6,4,5,1,2,0,7,3) : 1
(6,4,5,1,7,0,3) : 1
(6,4,5,2,0,7,1,3) : 1
(6,4,5,2,0,7,3,1) : 1
(6,4,5,3,0,2,7,1) : 1
(6,4,5,3,7,1,2,0) : 1
(6,4,5,7,0,1,2,3) : 1
(6,4,5,7,1,0,2,3) : 1
(6,4,5,7,2,0,1,3) : 2
(6,4,5,7,2,1,0,3) : 1
(6,4,5,7,2,1,3,0) : 1
(6,4,7,1,5,3,2,0) : 1
(6,5) : 56
(6,5,0) : 400
(6,5,0,1) : 3
(6,5,0,1,2,4,3,7) : 1
(6,5,0,1,2,4,7,3) : 1
(6,5,0,1,2,7,3,4) : 9
(6,5,0,1,2,7,4,3) : 4
(6,5,0,1,3,4,7,2) : 2
(6,5,0,1,4) : 1
(6,5,0,1,4,2,3,7) : 1
(6,5,0,1,4,2,7,3) : 4
(6,5,0,1,4,3,7,2) : 2
(6,5,0,1,4,7,3,2) : 1
(6,5,0,1,7,2,4,3) : 1
(6,5,0,2) : 1
(6,5,0,2,1,3,4,7) : 1
(6,5,0,2,1,4,3,7) : 1
(6,5,0,2,1,4,7,3) : 1
(6,5,0,2,1,7,3,4) : 2
(6,5,0,2,4,1,7,3) : 4
(6,5,0,2,4,3,1,7) : 1
(6,5,0,2,4,7,1,3) : 2
(6,5,0,2,4,7,3,1) : 3
(6,5,0,2,7,1,3,4) : 1
(6,5,0,2,7,3,4,1) : 2
(6,5,0,2,7,4,1,3) : 2
(6,5,0,2,7,4,3,1) : 3
(6,5,0,3,1,7,4,2) : 1
(6,5,0,3,2,1,7,4) : 1
(6,5,0,3,4,2,7,1) : 1
(6,5,0,3,4,7,1,2) : 2
(6,5,0,3,4,7,2,1) : 3
(6,5,0,3,7,2,1) : 1
(6,5,0,4) : 6
(6,5,0,4,1) : 1
(6,5,0,4,1,2,7,3) : 5
(6,5,0,4,1,3,7,2) : 2
(6,5,0,4,1,7,2,3) : 2
(6,5,0,4,2,1,3,7) : 1
(6,5,0,4,2,1,7,3) : 3
(6,5,0,4,2,3,1,7) : 1
(6,5,0,4,2,3,7,1) : 2
(6,5,0,4,2,7,1,3) : 11
(6,5,0,4,2,7,3,1) : 12
(6,5,0,4,3,1,2,7) : 1
(6,5,0,4,3,2,7,1) : 1
(6,5,0,4,3,7,2,1) : 17
(6,5,0,4,7,1,2,3) : 4
(6,5,0,4,7,1,3,2) : 1
(6,5,0,4,7,2,1,3) : 9
(6,5,0,4,7,2,3,1) : 16
(6,5,0,4,7,3,2,1) : 8
(6,5,0,7) : 1
(6,5,0,7,1,2,4,3) : 1
(6,5,0,7,2,4,3,1) : 3
(6,5,0,7,3,4,2,1) : 1
(6,5,0,7,4,1,3,2) : 1
(6,5,0,7,4,2,1,3) : 1
(6,5,0,7,4,2,3,1) : 6
(6,5,1) : 13
(6,5,1,0) : 1
(6,5,1,0,2,4,7,3) : 1
(6,5,1,0,3,4,2,7) : 1
(6,5,1,0,4,7,3,2) : 1
(6,5,1,0,7,4,2,3) : 1
(6,5,1,0,7,4,3,2) : 2
(6,5,1,2,0,7,3,4) : 1
(6,5,1,2,3,4,7,0) : 1
(6,5,1,2,7,0,3,4) : 1
(6,5,1,4,2,7,0,3) : 1
(6,5,1,4,3,2,0,7) : 1
(6,5,2) : 2
(6,5,2,0,1,4,7,3) : 1
(6,5,2,0,4,3,7,1) : 2
(6,5,2,0,4,7,1,3) : 1
(6,5,2,0,7,4,1,3) : 1
(6,5,2,1,0,4,3,7) : 1
(6,5,2,3,0,4,7,1) : 1
(6,5,2,3,4,0,1,7) : 1
(6,5,2,3,4,7,0,1) : 1
(6,5,2,4) : 1
(6,5,2,4,0,7,1,3) : 1
(6,5,2,4,7,0,1,3) : 3
(6,5,2,7,0,1,4,3) : 1
(6,5,2,7,3,4,1,0) : 1
(6,5,3,0,2,7,1,4) : 1
(6,5,3,0,2,7,4,1) : 1
(6,5,3,0,4,1,2,7) : 1
(6,5,3,0,4,7,2,1) : 2
(6,5,3,1,2,0,4,7) : 1
(6,5,3,2,1,0) : 1
(6,5,4) : 24
(6,5,4,0) : 5
(6,5,4,0,1) : 1
(6,5,4,0,1,2,7,3) : 10
(6,5,4,0,1,3,7,2) : 1
(6,5,4,0,1,7,2,3) : 5
(6,5,4,0,2,1,3,7) : 1
(6,5,4,0,2,1,7,3) : 3
(6,5,4,0,2,3,1,7) : 1
(6,5,4,0,2,3,7,1) : 2
(6,5,4,0,2,7,1,3) : 8
(6,5,4,0,2,7,3,1) : 3
(6,5,4,0,3,7,2,1) : 2
(6,5,4,0,7,1,2,3) : 1
(6,5,4,0,7,2,1,3) : 3
(6,5,4,0,7,2,3,1) : 5
(6,5,4,0,7,3,2,1) : 1
(6,5,4,1,0) : 1
(6,5,4,1,0,2,7,3) : 3
(6,5,4,1,0,3,7,2) : 1
(6,5,4,1,0,7,2) : 1
(6,5,4,1,0,7,2,3) : 1
(6,5,4,1,0,7,3,2) : 1
(6,5,4,1,2,0,7,3) : 1
(6,5,4,1,7,2,0,3) : 1
(6,5,4,1,7,3,2,0) : 1
(6,5,4,2) : 2
(6,5,4,2,0,1,7,3) : 4
(6,5,4,2,0,3,7,1) : 1
(6,5,4,2,0,7,1,3) : 6
(6,5,4,2,0,7,3,1) : 1
(6,5,4,2,1,0,7,3) : 2
(6,5,4,2,1,3,0,7) : 1
(6,5,4,2,1,7,0,3) : 1
(6,5,4,2,3,1,0,7) : 1
(6,5,4,2,3,7,0,1) : 3
(6,5,4,2,3,7,1,0) : 1
(6,5,4,2,7,0,1,3) : 7
(6,5,4,2,7,0,3,1) : 5
(6,5,4,2,7,1,3,0) : 1
(6,5,4,2,7,3,0,1) : 3
(6,5,4,2,7,3,1,0) : 3
(6,5,4,3) : 2
(6,5,4,3,0,1,2,7) : 2
(6,5,4,3,0,1,7,2) : 1
(6,5,4,3,0,2,1,7) : 1
(6,5,4,3,1,2,7,0) : 1
(6,5,4,3,2,0,7,1) : 1
(6,5,4,3,2,1,0,7) : 1
(6,5,4,3,2,7,0,1) : 1
(6,5,4,3,7,0,1,2) : 1
(6,5,4,3,7,0,2,1) : 1
(6,5,4,3,7,2) : 1
(6,5,4,3,7,2,0,1) : 2
(6,5,4,3,7,2,1) : 1
(6,5,4,3,7,2,1,0) : 21
(6,5,4,7) : 1
(6,5,4,7,0) : 1
(6,5,4,7,0,1,2,3) : 3
(6,5,4,7,0,2,1,3) : 2
(6,5,4,7,0,3,2,1) : 2
(6,5,4,7,1,0,2,3) : 1
(6,5,4,7,2) : 1
(6,5,4,7,2,0,1,3) : 8
(6,5,4,7,2,0,3,1) : 2
(6,5,4,7,2,1) : 1
(6,5,4,7,2,1,0) : 1
(6,5,4,7,2,1,0,3) : 4
(6,5,4,7,2,3,0,1) : 6
(6,5,4,7,2,3,1,0) : 1
(6,5,4,7,3,0,1,2) : 2
(6,5,4,7,3,2,0,1) : 1
(6,5,4,7,3,2,1,0) : 1
(6,5,7) : 4
(6,5,7,0,1,2,3,4) : 1
(6,5,7,1,0,2,3,4) : 1
(6,5,7,2,4,3,0,1) : 2
(6,5,7,3,2,4,1,0) : 1
(6,5,7,3,4,2,1,0) : 1
(6,5,7,4,0,2,3,1) : 1
(6,5,7,4,2) : 1
(6,5,7,4,2,0,1,3) : 1
(6,5,7,4,2,3,0,1) : 1
(6,5,7,4,2,3,1,0) : 1
(6,7) : 11
(6,7,0) : 2
(6,7,0,1,2,5,3,4) : 1
(6,7,0,2,1,3,4,5) : 1
(6,7,0,2,4,5,1,3) : 1
(6,7,0,3,4,5,2,1) : 1
(6,7,0,4,5,2,1,3) : 2
(6,7,0,4,5,2,3,1) : 1
(6,7,0,5,4,1,2,3) : 2
(6,7,1) : 1
(6,7,1,0) : 1
(6,7,1,0,5,4,3) : 1
(6,7,1,3,4,5,2,0) : 1
(6,7,1,4,5,0,2,3) : 1
(6,7,2,3,4,5,0,1) : 1
(6,7,2,4,5,0,3,1) : 1
(6,7,3,2,4,5,0,1) : 2
(6,7,3,4,5) : 1
(6,7,3,4,5,2,0,1) : 2
(6,7,3,4,5,2,1,0) : 2
(6,7,4) : 2
(6,7,4,3,5,1,0,2) : 1
(6,7,4,3,5,2,0,1) : 1
(6,7,4,5) : 1
(6,7,4,5,3,2,1,0) : 2
(6,7,5,2) : 1
(6,7,5,2,3,4,1,0) : 1
(6,7,5,2,4) : 1
(6,7,5,4) : 1
(6,7,5,4,2,0,1,3) : 1
(6,7,5,4,2,0,3,1) : 1
(6,7,5,4,2,1,0,3) : 1
(7) : 672
(7,0) : 15
(7,0,1) : 1
(7,0,1,2,3,4,5,6) : 4
(7,0,1,2,4,5,3,6) : 1
(7,0,1,3,2,4,5,6) : 1
(7,0,1,3,6,4,5,2) : 1
(7,0,1,5,6,3,4) : 1
(7,0,1,6) : 1
(7,0,1,6,3,4,5,2) : 1
(7,0,2) : 3
(7,0,2,1,3,5,4,6) : 1
(7,0,2,4,3,5,6,1) : 1
(7,0,3,4,5,2,6,1) : 1
(7,0,3,5,2,1,4,6) : 1
(7,0,4,5) : 1
(7,0,4,5,2,6,1) : 1
(7,0,4,5,6,3,2,1) : 1
(7,0,5,4,1,2,6,3) : 1
(7,0,5,4,6,1,2,3) : 1
(7,0,5,4,6,3,2,1) : 1
(7,0,6,1,2) : 1
(7,0,6,1,4,2,3,5) : 1
(7,0,6,2,3,4,5) : 1
(7,0,6,5,4,2,1,3) : 1
(7,0,6,5,4,3,2,1) : 2
(7,1) : 23
(7,1,0) : 1
(7,1,0,2,3,4,5,6) : 3
(7,1,0,2,3,5,4,6) : 1
(7,1,0,2,4,5,6,3) : 3
(7,1,0,2,6,4,5,3) : 1
(7,1,0,3,4,5,6,2) : 1
(7,1,0,4,5,3,2,6) : 2
(7,1,0,4,5,6,2,3) : 1
(7,1,0,4,5,6,3,2) : 2
(7,1,0,4,6,5,3,2) : 1
(7,1,0,5,3,4,6,2) : 1
(7,1,0,6,5,4,3,2) : 1
(7,1,2,3,0,4,5,6) : 1
(7,1,2,3,4,5,6,0) : 3
(7,1,2,4,3,0,6,5) : 1
(7,1,2,4,5,6,3,0) : 1
(7,1,2,5,4,3,6,0) : 1
(7,1,3,4,5,6,2,0) : 1
(7,1,3,6,5,4,2,0) : 1
(7,1,4) : 1
(7,1,4,5,2,6,0) : 1
(7,1,4,5,6,2,3,0) : 1
(7,1,4,6,5,2,0,3) : 1
(7,1,5,2,3,4,0,6) : 1
(7,1,5,4,2,0,3,6) : 1
(7,1,5,4,2,0,6) : 1
(7,1,5,4,2,0,6,3) : 2
(7,1,5,4,2,3,6,0) : 1
(7,1,5,4,2,6,0,3) : 1
(7,1,5,4,3,2,0,6) : 1
(7,1,5,4,3,6,0,2) : 1
(7,1,5,4,6,3,0,2) : 1
(7,1,5,6,0,2,4,3) : 1
(7,1,6) : 1
(7,1,6,3,0,2,4,5) : 1
(7,1,6,5,4,0,2,3) : 1
(7,2) : 7
(7,2,0,4,5,6,1,3) : 1
(7,2,1) : 1
(7,2,1,0) : 1
(7,2,1,0,3,4,5,6) : 4
(7,2,1,0,3,6,4,5) : 1
(7,2,1,0,4,5,3,6) : 1
(7,2,1,0,6,5,4,3) : 1
(7,2,1,3,4,5,0,6) : 1
(7,2,1,3,4,5,6,0) : 1
(7,2,1,4) : 1
(7,2,1,4,5,6,3,0) : 1
(7,2,3,0,1,4,6,5) : 1
(7,2,3,4,5,6,0,1) : 1
(7,2,3,4,6,5,1,0) : 1
(7,2,3,6,5,4,0,1) : 1
(7,2,4,3,5,0,1) : 1
(7,2,4,3,5,0,1,6) : 1
(7,2,4,5,0,1,3,6) : 2
(7,2,4,5,3,1,0,6) : 1
(7,2,5,4,3,6,1,0) : 1
(7,2,5,4,6,3,1,0) : 1
(7,2,6,5,0,4,1,3) : 1
(7,2,6,5,4,3,1,0) : 1
(7,3) : 2
(7,3,0) : 1
(7,3,0,1) : 1
(7,3,1) : 3
(7,3,1,2,4,5,0,6) : 1
(7,3,1,4,5,0) : 1
(7,3,2,0,1,4,5,6) : 1
(7,3,2,1,4,5,6,0) : 1
(7,3,2,4,0,1,5,6) : 1
(7,3,2,4,5,1,0,6) : 1
(7,3,4,0,5,2,1) : 1
(7,3,4,1,5,2,6,0) : 1
(7,3,4,2,1,0,5,6) : 2
(7,3,4,2,5,6,1,0) : 1
(7,3,4,5,2,0,1,6) : 1
(7,3,4,5,2,1,0,6) : 1
(7,3,4,5,2,1,6,0) : 1
(7,3,4,5,2,6,1,0) : 1
(7,3,4,5,6) : 1
(7,3,4,5,6,2,1,0) : 1
(7,3,4,6,2,0,5,1) : 1
(7,3,5) : 1
(7,4) : 6
(7,4,0,2,5,3,1,6) : 1
(7,4,2,5,3,1,0,6) : 1
(7,4,5) : 4
(7,4,5,0,1,2,6,3) : 2
(7,4,5,0,2,6,1,3) : 1
(7,4,5,1,0,2,6,3) : 1
(7,4,5,1,0,6,2,3) : 1
(7,4,5,1,2,3,6,0) : 1
(7,4,5,1,2,6,3,0) : 1
(7,4,5,2,0,1) : 1
(7,4,5,2,0,3,1,6) : 1
(7,4,5,2,0,6,1,3) : 1
(7,4,5,2,1,0,3,6) : 2
(7,4,5,2,6,0,1,3) : 1
(7,4,5,6,1,2,0,3) : 1
(7,4,5,6,2,0,1) : 1
(7,4,5,6,2,0,1,3) : 2
(7,4,5,6,2,1,0,3) : 2
(7,4,5,6,3,0,1,2) : 1
(7,4,5,6,3,2,1,0) : 1
(7,4,6,0,2) : 1
(7,5) : 5
(7,5,0,6,4,2,3,1) : 1
(7,5,1,2,4,0,3,6) : 1
(7,5,1,4,0,2,6,3) : 1
(7,5,1,4,3,2,0,6) : 1
(7,5,2,4,1,0,3,6) : 1
(7,5,4,0,1,2,6,3) : 1
(7,5,4,2,1,3,6,0) : 1
(7,5,4,2,3,6,0,1) : 1
(7,5,4,2,6,1,0,3) : 1
(7,5,4,3,2,1,6,0) : 2
(7,5,4,6) : 1
(7,5,4,6,0,1,2,3) : 1
(7,5,4,6,1,0,3,2) : 1
(7,5,4,6,3,2,1,0) : 2
(7,5,6) : 1
(7,5,6,4,2,0,1,3) : 1
(7,5,6,4,2,1,0,3) : 1
(7,5,6,4,3,2,0,1) : 1
(7,5,6,4,3,2,1,0) : 2
(7,6) : 9
(7,6,0) : 1
(7,6,0,1,4,5,2,3) : 1
(7,6,0,1,5,4,2,3) : 1
(7,6,0,5,2,4,3) : 1
(7,6,0,5,4,3,2,1) : 1
(7,6,1,0,2,3,4,5) : 1
(7,6,1,4,5,2,0,3) : 1
(7,6,3,0,4,5,1,2) : 1
(7,6,4,1,0,2,5,3) : 1
(7,6,4,2,3,0,1,5) : 1
(7,6,4,3,0,5,2,1) : 1
(7,6,4,5,2,0,1,3) : 2
(7,6,5,0) : 1
(7,6,5,0,4,2,1,3) : 1
(7,6,5,4,0,1,2,3) : 1
(7,6,5,4,2,3,0,1) : 2
(7,6,5,4,3,2,1,0) : 1
