0, 1, 2, 3, 4
LIB,CDP,NLT,GRN,LAB
-+-+-+-+-
() : 66
(0) : 25322
(0,1) : 841
(0,1,2) : 25
(0,1,2,3) : 4
(0,1,2,3,4) : 576
(0,1,2,4) : 2
(0,1,2,4,3) : 433
(0,1,3) : 6
(0,1,3,2,4) : 116
(0,1,3,4) : 3
(0,1,3,4,2) : 97
(0,1,4) : 16
(0,1,4,2) : 1
(0,1,4,2,3) : 237
(0,1,4,3) : 2
(0,1,4,3,2) : 258
(0,2) : 187
(0,2,1) : 9
(0,2,1,3) : 1
(0,2,1,3,4) : 250
(0,2,1,4) : 1
(0,2,1,4,3) : 152
(0,2,3) : 11
(0,2,3,1) : 4
(0,2,3,1,4) : 144
(0,2,3,4) : 2
(0,2,3,4,1) : 131
(0,2,4) : 10
(0,2,4,1,3) : 73
(0,2,4,3) : 1
(0,2,4,3,1) : 129
(0,3) : 181
(0,3,1) : 3
(0,3,1,2) : 1
(0,3,1,2,4) : 71
(0,3,1,4) : 2
(0,3,1,4,2) : 44
(0,3,2) : 13
(0,3,2,1,4) : 117
(0,3,2,4) : 3
(0,3,2,4,1) : 107
(0,3,4) : 53
(0,3,4,1) : 3
(0,3,4,1,2) : 150
(0,3,4,2) : 8
(0,3,4,2,1) : 322
(0,4) : 332
(0,4,1) : 9
(0,4,1,2) : 1
(0,4,1,2,3) : 154
(0,4,1,3) : 1
(0,4,1,3,2) : 86
(0,4,2) : 9
(0,4,2,1) : 1
(0,4,2,1,3) : 129
(0,4,2,3) : 4
(0,4,2,3,1) : 170
(0,4,3) : 63
(0,4,3,1) : 2
(0,4,3,1,2) : 227
(0,4,3,2) : 7
(0,4,3,2,1) : 476
(1) : 764
(1,0) : 242
(1,0,2) : 2
(1,0,2,3) : 1
(1,0,2,3,4) : 60
(1,0,2,4) : 1
(1,0,2,4,3) : 125
(1,0,3) : 1
(1,0,3,2,4) : 8
(1,0,3,4) : 1
(1,0,3,4,2) : 20
(1,0,4) : 9
(1,0,4,2,3) : 114
(1,0,4,3) : 1
(1,0,4,3,2) : 70
(1,2) : 8
(1,2,0) : 1
(1,2,0,3,4) : 7
(1,2,0,4,3) : 14
(1,2,3) : 1
(1,2,3,0,4) : 8
(1,2,3,4,0) : 11
(1,2,4,0,3) : 13
(1,2,4,3,0) : 5
(1,3) : 17
(1,3,0) : 1
(1,3,0,2,4) : 7
(1,3,0,4,2) : 9
(1,3,2,0,4) : 5
(1,3,2,4,0) : 8
(1,3,4) : 1
(1,3,4,0) : 1
(1,3,4,0,2) : 15
(1,3,4,2,0) : 6
(1,4) : 20
(1,4,0) : 7
(1,4,0,2) : 1
(1,4,0,2,3) : 31
(1,4,0,3) : 1
(1,4,0,3,2) : 28
(1,4,2) : 1
(1,4,2,0,3) : 9
(1,4,2,3,0) : 4
(1,4,3,0,2) : 14
(1,4,3,2,0) : 13
(2) : 653
(2,0) : 32
(2,0,1) : 2
(2,0,1,3,4) : 22
(2,0,1,4,3) : 6
(2,0,3,1,4) : 1
(2,0,3,4,1) : 9
(2,0,4) : 3
(2,0,4,1,3) : 11
(2,0,4,3,1) : 12
(2,1) : 6
(2,1,0) : 2
(2,1,0,3,4) : 9
(2,1,0,4,3) : 12
(2,1,3,0,4) : 6
(2,1,3,4) : 3
(2,1,3,4,0) : 9
(2,1,4) : 1
(2,1,4,0,3) : 5
(2,1,4,3,0) : 2
(2,3) : 26
(2,3,0,1,4) : 3
(2,3,0,4,1) : 12
(2,3,1) : 1
(2,3,1,0,4) : 6
(2,3,1,4,0) : 6
(2,3,4,0) : 1
(2,3,4,0,1) : 22
(2,3,4,1) : 1
(2,3,4,1,0) : 14
(2,4) : 19
(2,4,0) : 2
(2,4,0,1,3) : 14
(2,4,0,3,1) : 5
(2,4,1,0,3) : 2
(2,4,1,3,0) : 8
(2,4,3) : 1
(2,4,3,0,1) : 15
(2,4,3,1,0) : 9
(3) : 1756
(3,0) : 67
(3,0,1,2,4) : 14
(3,0,1,4,2) : 7
(3,0,2) : 2
(3,0,2,1,4) : 7
(3,0,2,4,1) : 15
(3,0,4) : 25
(3,0,4,1) : 1
(3,0,4,1,2) : 35
(3,0,4,2) : 2
(3,0,4,2,1) : 119
(3,1) : 11
(3,1,0) : 3
(3,1,0,2,4) : 6
(3,1,0,4,2) : 7
(3,1,2,0,4) : 8
(3,1,2,4,0) : 15
(3,1,4,0) : 1
(3,1,4,0,2) : 7
(3,1,4,2,0) : 5
(3,2) : 24
(3,2,0) : 1
(3,2,0,1,4) : 7
(3,2,0,4) : 3
(3,2,0,4,1) : 25
(3,2,1) : 3
(3,2,1,0) : 2
(3,2,1,0,4) : 17
(3,2,1,4,0) : 23
(3,2,4,0,1) : 58
(3,2,4,1,0) : 24
(3,4) : 276
(3,4,0) : 47
(3,4,0,1,2) : 115
(3,4,0,2) : 6
(3,4,0,2,1) : 556
(3,4,1) : 4
(3,4,1,0) : 1
(3,4,1,0,2) : 26
(3,4,1,2,0) : 63
(3,4,2) : 12
(3,4,2,0) : 1
(3,4,2,0,1) : 291
(3,4,2,1) : 1
(3,4,2,1,0) : 195
(4) : 5532
(4,0) : 186
(4,0,1) : 2
(4,0,1,2,3) : 119
(4,0,1,3) : 1
(4,0,1,3,2) : 39
(4,0,2) : 10
(4,0,2,1) : 1
(4,0,2,1,3) : 43
(4,0,2,3,1) : 66
(4,0,3) : 26
(4,0,3,1) : 1
(4,0,3,1,2) : 93
(4,0,3,2) : 2
(4,0,3,2,1) : 196
(4,1) : 33
(4,1,0) : 3
(4,1,0,2,3) : 32
(4,1,0,3,2) : 27
(4,1,2,0) : 1
(4,1,2,0,3) : 23
(4,1,2,3) : 1
(4,1,2,3,0) : 44
(4,1,3) : 8
(4,1,3,0,2) : 27
(4,1,3,2) : 2
(4,1,3,2,0) : 46
(4,2) : 71
(4,2,0) : 2
(4,2,0,1,3) : 28
(4,2,0,3,1) : 45
(4,2,1,0,3) : 32
(4,2,1,3,0) : 53
(4,2,3) : 16
(4,2,3,0) : 1
(4,2,3,0,1) : 65
(4,2,3,1) : 1
(4,2,3,1,0) : 113
(4,3) : 411
(4,3,0) : 50
(4,3,0,1) : 1
(4,3,0,1,2) : 181
(4,3,0,2) : 3
(4,3,0,2,1) : 364
(4,3,1) : 6
(4,3,1,0,2) : 70
(4,3,1,2) : 3
(4,3,1,2,0) : 180
(4,3,2) : 29
(4,3,2,0) : 1
(4,3,2,0,1) : 369
(4,3,2,1) : 12
(4,3,2,1,0) : 2249
