0, 1, 2, 3, 4
GRN,LAB,NLT,CDP,LIB
-+-+-+-+-
() : 50
(0) : 3598
(0,1) : 622
(0,1,2) : 39
(0,1,2,3) : 6
(0,1,2,3,4) : 476
(0,1,2,4) : 1
(0,1,2,4,3) : 1688
(0,1,3) : 1
(0,1,3,2) : 1
(0,1,3,2,4) : 48
(0,1,3,4,2) : 25
(0,1,4) : 70
(0,1,4,2) : 6
(0,1,4,2,3) : 792
(0,1,4,3) : 1
(0,1,4,3,2) : 122
(0,2) : 35
(0,2,1) : 10
(0,2,1,3,4) : 41
(0,2,1,4) : 1
(0,2,1,4,3) : 89
(0,2,3) : 1
(0,2,3,1) : 1
(0,2,3,1,4) : 20
(0,2,3,4,1) : 11
(0,2,4) : 4
(0,2,4,1) : 2
(0,2,4,1,3) : 47
(0,2,4,3,1) : 8
(0,3) : 4
(0,3,1,2,4) : 6
(0,3,1,4) : 1
(0,3,1,4,2) : 3
(0,3,2,1,4) : 9
(0,3,2,4,1) : 2
(0,3,4,1,2) : 6
(0,4) : 169
(0,4,1) : 47
(0,4,1,2) : 2
(0,4,1,2,3) : 335
(0,4,1,3,2) : 54
(0,4,2) : 9
(0,4,2,1,3) : 97
(0,4,2,3,1) : 25
(0,4,3,1,2) : 6
(0,4,3,2,1) : 18
(1) : 2749
(1,0) : 411
(1,0,2) : 24
(1,0,2,3) : 5
(1,0,2,3,4) : 1232
(1,0,2,4) : 1
(1,0,2,4,3) : 399
(1,0,3) : 3
(1,0,3,2,4) : 66
(1,0,3,4,2) : 20
(1,0,4) : 55
(1,0,4,2) : 1
(1,0,4,2,3) : 388
(1,0,4,3) : 2
(1,0,4,3,2) : 90
(1,2) : 36
(1,2,0) : 5
(1,2,0,3,4) : 33
(1,2,0,4,3) : 39
(1,2,3) : 2
(1,2,3,0,4) : 12
(1,2,3,4,0) : 14
(1,2,4) : 4
(1,2,4,0) : 1
(1,2,4,0,3) : 13
(1,2,4,3) : 1
(1,2,4,3,0) : 10
(1,3) : 7
(1,3,0,2,4) : 15
(1,3,0,4,2) : 2
(1,3,2) : 3
(1,3,2,0,4) : 14
(1,3,2,4,0) : 6
(1,3,4) : 2
(1,3,4,0,2) : 4
(1,3,4,2,0) : 3
(1,4) : 83
(1,4,0) : 35
(1,4,0,2,3) : 149
(1,4,0,3) : 1
(1,4,0,3,2) : 35
(1,4,2) : 1
(1,4,2,0,3) : 57
(1,4,2,3,0) : 18
(1,4,3) : 1
(1,4,3,0,2) : 8
(1,4,3,2,0) : 29
(2) : 499
(2,0) : 15
(2,0,1) : 4
(2,0,1,3,4) : 4
(2,0,1,4,3) : 20
(2,0,3,1,4) : 3
(2,0,3,4,1) : 3
(2,0,4) : 4
(2,0,4,1) : 1
(2,0,4,1,3) : 20
(2,0,4,3,1) : 7
(2,1) : 8
(2,1,0) : 1
(2,1,0,3,4) : 19
(2,1,0,4) : 2
(2,1,0,4,3) : 18
(2,1,3,0) : 1
(2,1,3,0,4) : 4
(2,1,3,4,0) : 3
(2,1,4) : 3
(2,1,4,0,3) : 13
(2,1,4,3,0) : 7
(2,3) : 3
(2,3,0,1,4) : 6
(2,3,0,4,1) : 4
(2,3,1,0,4) : 1
(2,3,1,4,0) : 2
(2,3,4) : 2
(2,3,4,0,1) : 2
(2,3,4,1,0) : 11
(2,4) : 47
(2,4,0) : 1
(2,4,0,1,3) : 22
(2,4,0,3,1) : 12
(2,4,1) : 1
(2,4,1,0) : 1
(2,4,1,0,3) : 27
(2,4,1,3) : 1
(2,4,1,3,0) : 14
(2,4,3) : 1
(2,4,3,0,1) : 8
(2,4,3,1,0) : 29
(3) : 165
(3,0) : 2
(3,0,1,2,4) : 4
(3,0,1,4,2) : 1
(3,0,2,1,4) : 1
(3,0,2,4,1) : 4
(3,0,4) : 1
(3,0,4,1) : 1
(3,0,4,1,2) : 2
(3,0,4,2,1) : 1
(3,1) : 3
(3,1,0,2,4) : 5
(3,1,0,4,2) : 1
(3,1,2) : 1
(3,1,2,0,4) : 1
(3,1,4) : 1
(3,1,4,0,2) : 2
(3,1,4,2,0) : 8
(3,2) : 1
(3,2,0,1,4) : 7
(3,2,0,4,1) : 2
(3,2,1,0,4) : 5
(3,2,1,4,0) : 3
(3,2,4) : 1
(3,2,4,1,0) : 15
(3,4) : 36
(3,4,0) : 1
(3,4,0,1,2) : 2
(3,4,0,2,1) : 4
(3,4,1) : 2
(3,4,1,0,2) : 14
(3,4,1,2,0) : 24
(3,4,2) : 1
(3,4,2,0,1) : 8
(3,4,2,1) : 1
(3,4,2,1,0) : 56
(4) : 25294
(4,0) : 394
(4,0,1) : 79
(4,0,1,2) : 8
(4,0,1,2,3) : 616
(4,0,1,3,2) : 74
(4,0,2) : 14
(4,0,2,1) : 3
(4,0,2,1,3) : 214
(4,0,2,3) : 2
(4,0,2,3,1) : 101
(4,0,3) : 4
(4,0,3,1,2) : 17
(4,0,3,2) : 1
(4,0,3,2,1) : 69
(4,1) : 215
(4,1,0) : 56
(4,1,0,2) : 7
(4,1,0,2,3) : 420
(4,1,0,3) : 1
(4,1,0,3,2) : 99
(4,1,2) : 7
(4,1,2,0) : 3
(4,1,2,0,3) : 122
(4,1,2,3,0) : 139
(4,1,3,0,2) : 33
(4,1,3,2,0) : 64
(4,2) : 266
(4,2,0) : 14
(4,2,0,1) : 1
(4,2,0,1,3) : 201
(4,2,0,3) : 1
(4,2,0,3,1) : 88
(4,2,1) : 14
(4,2,1,0) : 3
(4,2,1,0,3) : 165
(4,2,1,3) : 1
(4,2,1,3,0) : 120
(4,2,3) : 18
(4,2,3,0) : 1
(4,2,3,0,1) : 159
(4,2,3,1) : 3
(4,2,3,1,0) : 272
(4,3) : 144
(4,3,0) : 2
(4,3,0,1) : 1
(4,3,0,1,2) : 31
(4,3,0,2,1) : 35
(4,3,1) : 2
(4,3,1,0,2) : 58
(4,3,1,2,0) : 85
(4,3,2) : 16
(4,3,2,0,1) : 142
(4,3,2,1) : 1
(4,3,2,1,0) : 356
