0, 1, 2, 3, 4, 5, 6
IND,IND,NP,NLT,GRN,CDP,CLP
-+-+-+-+-
() : 411
(0) : 372
(0,1) : 24
(0,1,2) : 4
(0,1,2,3,4,5,6) : 36
(0,1,2,3,4,6,5) : 4
(0,1,2,3,5,4) : 1
(0,1,2,3,5,4,6) : 2
(0,1,2,3,5,6,4) : 1
(0,1,2,3,6,4,5) : 2
(0,1,2,3,6,5,4) : 1
(0,1,2,4) : 1
(0,1,2,4,3) : 1
(0,1,2,4,3,5,6) : 4
(0,1,2,4,3,6,5) : 2
(0,1,2,4,5,3,6) : 2
(0,1,2,4,6,3,5) : 1
(0,1,2,4,6,5,3) : 1
(0,1,2,5,3,4,6) : 3
(0,1,2,5,4,6,3) : 1
(0,1,2,5,6,3,4) : 1
(0,1,2,5,6,4,3) : 1
(0,1,2,6,3,4,5) : 3
(0,1,2,6,3,5,4) : 2
(0,1,2,6,4,3,5) : 1
(0,1,2,6,4,5,3) : 1
(0,1,2,6,5,3,4) : 1
(0,1,2,6,5,4,3) : 1
(0,1,3,2,4,5,6) : 3
(0,1,3,2,6,4,5) : 1
(0,1,3,4,2,5,6) : 1
(0,1,3,4,2,6,5) : 1
(0,1,3,4,5,2,6) : 2
(0,1,3,4,5,6,2) : 9
(0,1,3,4,6,2,5) : 2
(0,1,3,5,4,6,2) : 2
(0,1,3,5,6,2,4) : 1
(0,1,3,5,6,4,2) : 4
(0,1,3,6,4,5,2) : 2
(0,1,3,6,5,4,2) : 1
(0,1,4) : 5
(0,1,4,2,3,5,6) : 4
(0,1,4,2,3,6,5) : 2
(0,1,4,2,6,3,5) : 3
(0,1,4,2,6,5,3) : 2
(0,1,4,3) : 1
(0,1,4,3,2,5,6) : 2
(0,1,4,3,2,6,5) : 1
(0,1,4,3,5,6,2) : 7
(0,1,4,3,6,2,5) : 3
(0,1,4,3,6,5,2) : 4
(0,1,4,5,3,6,2) : 2
(0,1,4,6) : 4
(0,1,4,6,2) : 1
(0,1,4,6,2,3,5) : 4
(0,1,4,6,2,5,3) : 1
(0,1,4,6,3,2,5) : 7
(0,1,4,6,3,5,2) : 18
(0,1,4,6,5,2,3) : 1
(0,1,4,6,5,3,2) : 3
(0,1,5,3,4,2,6) : 1
(0,1,5,4,6) : 1
(0,1,5,6,3,2,4) : 2
(0,1,6) : 1
(0,1,6,2) : 1
(0,1,6,2,4,3,5) : 1
(0,1,6,2,5,3,4) : 1
(0,1,6,3,4,2,5) : 1
(0,1,6,4,2,3,5) : 3
(0,1,6,4,2,5,3) : 1
(0,1,6,4,3,5,2) : 2
(0,1,6,4,5,3,2) : 1
(0,1,6,5,2,4,3) : 1
(0,1,6,5,3,4,2) : 1
(0,2) : 7
(0,2,1) : 2
(0,2,1,3,4,5,6) : 2
(0,2,1,3,4,6,5) : 1
(0,2,1,3,6,4,5) : 1
(0,2,1,3,6,5,4) : 2
(0,2,1,4,3,5,6) : 2
(0,2,1,4,6,3,5) : 2
(0,2,1,5,4,3,6) : 1
(0,2,1,5,6,3,4) : 1
(0,2,1,6,3,4,5) : 1
(0,2,1,6,4,3,5) : 2
(0,2,1,6,5,4,3) : 1
(0,2,3,1,4,5,6) : 2
(0,2,3,4) : 1
(0,2,3,4,1,6,5) : 1
(0,2,3,4,5,6,1) : 1
(0,2,3,5,1,6,4) : 1
(0,2,4,1,5,3,6) : 1
(0,2,4,5,1,3,6) : 1
(0,2,4,5,6,3,1) : 1
(0,2,4,6,5,3,1) : 1
(0,2,6,1,4,3,5) : 1
(0,2,6,4,3,5,1) : 1
(0,2,6,5,4,3,1) : 1
(0,3,1,4,6,2,5) : 1
(0,3,1,5,4,2,6) : 1
(0,3,2,1,4,5,6) : 1
(0,3,2,4,1,5,6) : 1
(0,3,4) : 1
(0,3,4,1,5,6,2) : 1
(0,3,4,1,6,2,5) : 1
(0,3,5,1,2,6,4) : 1
(0,3,5,4,1,6,2) : 1
(0,3,5,6,2,4,1) : 1
(0,3,5,6,4,2,1) : 2
(0,4) : 26
(0,4,1) : 3
(0,4,1,2) : 1
(0,4,1,2,3,5,6) : 1
(0,4,1,2,3,6,5) : 1
(0,4,1,2,6,3,5) : 2
(0,4,1,3,2,5,6) : 2
(0,4,1,3,2,6,5) : 1
(0,4,1,3,5,6,2) : 1
(0,4,1,3,6,2,5) : 5
(0,4,1,3,6,5,2) : 6
(0,4,1,5,2,6,3) : 1
(0,4,1,5,3,6,2) : 1
(0,4,1,6) : 1
(0,4,1,6,2,3,5) : 1
(0,4,1,6,2,5,3) : 1
(0,4,1,6,3,2,5) : 4
(0,4,1,6,3,5,2) : 10
(0,4,1,6,5,3,2) : 4
(0,4,2,1,3,5,6) : 2
(0,4,2,5,1,3,6) : 1
(0,4,3) : 1
(0,4,3,1,2,5,6) : 1
(0,4,3,1,6,5,2) : 1
(0,4,3,6,1,5,2) : 2
(0,4,3,6,5,1,2) : 1
(0,4,3,6,5,2,1) : 1
(0,4,5) : 1
(0,4,5,2,1,3,6) : 1
(0,4,5,6,1,2,3) : 1
(0,4,6) : 8
(0,4,6,1,2) : 1
(0,4,6,1,2,3,5) : 1
(0,4,6,1,2,5,3) : 1
(0,4,6,1,3) : 1
(0,4,6,1,3,2) : 1
(0,4,6,1,3,2,5) : 7
(0,4,6,1,3,5,2) : 12
(0,4,6,1,5,2,3) : 1
(0,4,6,1,5,3,2) : 3
(0,4,6,2,1,3,5) : 2
(0,4,6,3,1,2,5) : 2
(0,4,6,3,1,5,2) : 2
(0,4,6,5,1,2,3) : 1
(0,4,6,5,1,3,2) : 1
(0,5) : 1
(0,5,1,3,4,6,2) : 1
(0,6) : 8
(0,6,1,3,4,2,5) : 1
(0,6,1,3,4,5,2) : 1
(0,6,1,3,5,4,2) : 1
(0,6,1,4,2,3,5) : 2
(0,6,1,4,2,5,3) : 1
(0,6,1,4,3,2,5) : 1
(0,6,1,4,3,5,2) : 2
(0,6,1,5,2,3,4) : 1
(0,6,1,5,4,3,2) : 1
(0,6,2,1,3,5,4) : 1
(0,6,2,4,1,5,3) : 1
(0,6,3,1,2,4,5) : 1
(0,6,3,4,1,2,5) : 1
(0,6,3,4,1,5,2) : 1
(0,6,4) : 1
(0,6,4,1,2,3,5) : 1
(0,6,4,1,3,2,5) : 2
(0,6,4,1,3,5,2) : 7
(0,6,4,1,5,3,2) : 6
(0,6,4,2,1,3,5) : 1
(0,6,4,3,1,2,5) : 2
(0,6,4,5,1,3,2) : 1
(0,6,5,1,2,3,4) : 1
(0,6,5,4,3,2,1) : 2
(1) : 1396
(1,0) : 31
(1,0,2) : 6
(1,0,2,3) : 1
(1,0,2,3,4,5,6) : 9
(1,0,2,3,4,6,5) : 6
(1,0,2,3,5,4,6) : 1
(1,0,2,3,5,6,4) : 5
(1,0,2,3,6,4,5) : 6
(1,0,2,3,6,5,4) : 4
(1,0,2,4,3,5,6) : 5
(1,0,2,4,3,6,5) : 6
(1,0,2,4,5,3,6) : 4
(1,0,2,4,5,6,3) : 1
(1,0,2,4,6,3) : 1
(1,0,2,4,6,3,5) : 3
(1,0,2,4,6,5,3) : 2
(1,0,2,5) : 1
(1,0,2,5,3,4,6) : 1
(1,0,2,5,3,6,4) : 3
(1,0,2,5,4,3,6) : 1
(1,0,2,5,6,3,4) : 1
(1,0,2,6,3,4,5) : 7
(1,0,2,6,3,5,4) : 3
(1,0,2,6,4,3,5) : 4
(1,0,2,6,4,5,3) : 4
(1,0,2,6,5,3,4) : 3
(1,0,2,6,5,4,3) : 5
(1,0,3,2,4,5,6) : 4
(1,0,3,2,4,6,5) : 1
(1,0,3,2,5,4,6) : 4
(1,0,3,2,5,6,4) : 2
(1,0,3,2,6,4,5) : 2
(1,0,3,2,6,5,4) : 1
(1,0,3,4,2,5,6) : 3
(1,0,3,4,2,6,5) : 2
(1,0,3,4,5,2,6) : 1
(1,0,3,4,5,6,2) : 10
(1,0,3,4,6,2,5) : 10
(1,0,3,4,6,5,2) : 4
(1,0,3,5,2,4,6) : 3
(1,0,3,5,2,6,4) : 2
(1,0,3,5,4,2,6) : 1
(1,0,3,5,4,6,2) : 3
(1,0,3,5,6,2) : 2
(1,0,3,5,6,2,4) : 2
(1,0,3,5,6,4,2) : 3
(1,0,3,6) : 1
(1,0,3,6,2,4,5) : 1
(1,0,3,6,4,2,5) : 3
(1,0,3,6,4,5,2) : 1
(1,0,3,6,5,2,4) : 1
(1,0,3,6,5,4,2) : 2
(1,0,4) : 7
(1,0,4,2) : 1
(1,0,4,2,3,5,6) : 4
(1,0,4,2,3,6,5) : 3
(1,0,4,2,5,6,3) : 2
(1,0,4,2,6,3,5) : 10
(1,0,4,2,6,5,3) : 2
(1,0,4,3,2,5,6) : 2
(1,0,4,3,2,6,5) : 2
(1,0,4,3,5,2,6) : 3
(1,0,4,3,5,6,2) : 10
(1,0,4,3,6,2,5) : 8
(1,0,4,3,6,5,2) : 11
(1,0,4,5,2,3,6) : 1
(1,0,4,5,3,2,6) : 1
(1,0,4,5,3,6,2) : 6
(1,0,4,5,6) : 1
(1,0,4,5,6,2) : 1
(1,0,4,5,6,2,3) : 1
(1,0,4,5,6,3,2) : 1
(1,0,4,6) : 3
(1,0,4,6,2) : 1
(1,0,4,6,2,3,5) : 22
(1,0,4,6,2,5,3) : 11
(1,0,4,6,3,2) : 2
(1,0,4,6,3,2,5) : 21
(1,0,4,6,3,5) : 1
(1,0,4,6,3,5,2) : 437
(1,0,4,6,5,2,3) : 5
(1,0,4,6,5,3,2) : 19
(1,0,5) : 1
(1,0,5,2,3,4,6) : 1
(1,0,5,2,3,6,4) : 1
(1,0,5,2,6,4,3) : 1
(1,0,5,3,2,4,6) : 1
(1,0,5,3,4,6,2) : 2
(1,0,5,3,6,4,2) : 1
(1,0,5,4,2,6,3) : 1
(1,0,5,4,3,6,2) : 2
(1,0,5,6,3,2,4) : 1
(1,0,5,6,3,4,2) : 4
(1,0,5,6,4,3,2) : 3
(1,0,6) : 2
(1,0,6,2) : 1
(1,0,6,2,3,4,5) : 7
(1,0,6,2,3,5,4) : 2
(1,0,6,2,4,5,3) : 2
(1,0,6,2,5,3,4) : 2
(1,0,6,3,2,4,5) : 2
(1,0,6,3,2,5,4) : 4
(1,0,6,3,4,2,5) : 2
(1,0,6,3,4,5,2) : 3
(1,0,6,3,5,2,4) : 1
(1,0,6,3,5,4,2) : 1
(1,0,6,4) : 1
(1,0,6,4,2,3,5) : 4
(1,0,6,4,2,5,3) : 3
(1,0,6,4,3,2,5) : 3
(1,0,6,4,3,5,2) : 11
(1,0,6,4,5,2,3) : 1
(1,0,6,4,5,3,2) : 5
(1,0,6,5,2,3,4) : 1
(1,0,6,5,3,2,4) : 2
(1,0,6,5,4,2,3) : 3
(1,0,6,5,4,3,2) : 3
(1,2) : 61
(1,2,0) : 6
(1,2,0,3,4,5,6) : 14
(1,2,0,3,4,6,5) : 1
(1,2,0,3,5,4,6) : 7
(1,2,0,3,5,6,4) : 3
(1,2,0,3,6,4,5) : 1
(1,2,0,3,6,5,4) : 4
(1,2,0,4,3,5,6) : 7
(1,2,0,4,3,6,5) : 9
(1,2,0,4,5,3,6) : 1
(1,2,0,4,5,6,3) : 2
(1,2,0,4,6) : 1
(1,2,0,4,6,3,5) : 7
(1,2,0,4,6,5,3) : 5
(1,2,0,5,3,4,6) : 2
(1,2,0,5,4,6) : 1
(1,2,0,5,4,6,3) : 2
(1,2,0,5,6,3,4) : 1
(1,2,0,5,6,4,3) : 1
(1,2,0,6,3,4,5) : 2
(1,2,0,6,3,5,4) : 3
(1,2,0,6,4,3,5) : 8
(1,2,0,6,4,5,3) : 1
(1,2,0,6,5,3,4) : 4
(1,2,0,6,5,4,3) : 1
(1,2,3) : 1
(1,2,3,0) : 1
(1,2,3,0,4,5,6) : 4
(1,2,3,0,4,6,5) : 2
(1,2,3,0,5,4,6) : 3
(1,2,3,0,6,4,5) : 1
(1,2,3,4,0,5,6) : 1
(1,2,3,4,0,6,5) : 2
(1,2,3,4,5,6,0) : 6
(1,2,3,5,0,4,6) : 1
(1,2,3,5,0,6,4) : 2
(1,2,3,5,6,4,0) : 1
(1,2,3,6,0,4,5) : 2
(1,2,3,6,4,5,0) : 1
(1,2,3,6,5,4,0) : 1
(1,2,4) : 5
(1,2,4,0) : 1
(1,2,4,0,3,5,6) : 5
(1,2,4,0,3,6,5) : 3
(1,2,4,0,5,3,6) : 2
(1,2,4,0,5,6,3) : 1
(1,2,4,0,6,3,5) : 1
(1,2,4,0,6,5) : 2
(1,2,4,0,6,5,3) : 5
(1,2,4,3,0,6,5) : 2
(1,2,4,3,5,6,0) : 1
(1,2,4,3,6,0,5) : 1
(1,2,4,3,6,5,0) : 2
(1,2,4,5,0,3,6) : 4
(1,2,4,5,0,6) : 1
(1,2,4,5,6,3,0) : 1
(1,2,4,6,0,3,5) : 13
(1,2,4,6,0,5,3) : 5
(1,2,4,6,3,0,5) : 3
(1,2,4,6,5,3,0) : 4
(1,2,5,0,3,4,6) : 2
(1,2,5,0,3,6,4) : 2
(1,2,5,0,4,6,3) : 1
(1,2,5,0,6,3,4) : 1
(1,2,5,3,0,4,6) : 1
(1,2,5,3,0,6,4) : 1
(1,2,5,4,0,3,6) : 1
(1,2,5,4,3,0,6) : 1
(1,2,5,4,6,0,3) : 1
(1,2,5,6,0,3,4) : 1
(1,2,5,6,4,0,3) : 1
(1,2,5,6,4,3,0) : 1
(1,2,6) : 8
(1,2,6,0,3,4,5) : 3
(1,2,6,0,4,3,5) : 6
(1,2,6,0,4,5,3) : 2
(1,2,6,3,0,4,5) : 1
(1,2,6,3,4,0,5) : 2
(1,2,6,3,4,5,0) : 1
(1,2,6,4) : 1
(1,2,6,4,0,3) : 1
(1,2,6,4,0,3,5) : 8
(1,2,6,4,0,5,3) : 2
(1,2,6,4,3,0,5) : 2
(1,2,6,4,3,5,0) : 1
(1,2,6,5,0,4,3) : 1
(1,2,6,5,3,0,4) : 3
(1,2,6,5,4,3) : 1
(1,2,6,5,4,3,0) : 1
(1,3) : 2
(1,3,0,2,4,5,6) : 1
(1,3,0,2,5,6,4) : 1
(1,3,0,2,6,5,4) : 1
(1,3,0,4,2,6,5) : 2
(1,3,0,4,5,6,2) : 1
(1,3,0,4,6,2,5) : 2
(1,3,0,5,2,4,6) : 1
(1,3,0,5,2,6,4) : 1
(1,3,0,5,4,6,2) : 1
(1,3,0,5,6,2,4) : 1
(1,3,0,6,2,5,4) : 1
(1,3,2) : 1
(1,3,2,0,4,5,6) : 2
(1,3,2,0,4,6,5) : 1
(1,3,2,6,4,0,5) : 1
(1,3,4,0,2,5,6) : 1
(1,3,4,0,5,6,2) : 1
(1,3,4,0,6,2,5) : 1
(1,3,4,0,6,5,2) : 1
(1,3,4,2,5,0,6) : 1
(1,3,4,5,0,2,6) : 1
(1,3,4,5,0,6,2) : 1
(1,3,4,6,2,5,0) : 1
(1,3,5,0,2,4,6) : 1
(1,3,5,0,6,4,2) : 2
(1,3,5,6,0,2,4) : 1
(1,3,5,6,4,2,0) : 1
(1,3,6,4,0,5,2) : 1
(1,3,6,5,4,2,0) : 1
(1,4) : 70
(1,4,0) : 6
(1,4,0,2,3,5,6) : 5
(1,4,0,2,3,6,5) : 2
(1,4,0,2,6,3,5) : 9
(1,4,0,2,6,5,3) : 3
(1,4,0,3,2,5,6) : 2
(1,4,0,3,2,6,5) : 1
(1,4,0,3,5,2,6) : 3
(1,4,0,3,5,6,2) : 9
(1,4,0,3,6,2,5) : 6
(1,4,0,3,6,5,2) : 8
(1,4,0,5,3,2) : 1
(1,4,0,5,3,2,6) : 1
(1,4,0,5,3,6,2) : 4
(1,4,0,5,6,2,3) : 1
(1,4,0,5,6,3,2) : 4
(1,4,0,6) : 1
(1,4,0,6,2,3) : 2
(1,4,0,6,2,3,5) : 17
(1,4,0,6,2,5) : 2
(1,4,0,6,2,5,3) : 3
(1,4,0,6,3,2,5) : 23
(1,4,0,6,3,5,2) : 50
(1,4,0,6,5,2,3) : 2
(1,4,0,6,5,3,2) : 15
(1,4,2) : 1
(1,4,2,0,3,5,6) : 3
(1,4,2,0,3,6,5) : 2
(1,4,2,0,5,3,6) : 1
(1,4,2,0,5,6,3) : 1
(1,4,2,0,6,3,5) : 6
(1,4,2,0,6,5,3) : 6
(1,4,2,3,0,5,6) : 1
(1,4,2,3,0,6,5) : 1
(1,4,2,3,5,6,0) : 1
(1,4,2,5,0,6,3) : 1
(1,4,2,5,6,0) : 1
(1,4,2,6,0,3,5) : 7
(1,4,2,6,0,5,3) : 2
(1,4,2,6,3,0,5) : 2
(1,4,2,6,3,5) : 1
(1,4,2,6,3,5,0) : 2
(1,4,2,6,5,0,3) : 3
(1,4,3,0,2,6,5) : 1
(1,4,3,0,5,2,6) : 2
(1,4,3,0,5,6,2) : 4
(1,4,3,0,6,2,5) : 4
(1,4,3,0,6,5) : 1
(1,4,3,0,6,5,2) : 2
(1,4,3,2,0,6,5) : 2
(1,4,3,2,6,5,0) : 1
(1,4,3,5,0,2,6) : 1
(1,4,3,5,0,6,2) : 3
(1,4,3,5,6,2,0) : 1
(1,4,3,6) : 1
(1,4,3,6,0,2,5) : 2
(1,4,3,6,5,0,2) : 1
(1,4,5,0) : 1
(1,4,5,0,2,3,6) : 2
(1,4,5,0,2,6,3) : 1
(1,4,5,0,3,2,6) : 2
(1,4,5,0,3,6,2) : 5
(1,4,5,0,6,3) : 1
(1,4,5,0,6,3,2) : 1
(1,4,5,3,0,6,2) : 1
(1,4,5,6) : 1
(1,4,5,6,0,3,2) : 1
(1,4,5,6,3,0,2) : 2
(1,4,5,6,3,2,0) : 1
(1,4,6) : 46
(1,4,6,0) : 6
(1,4,6,0,2,3) : 2
(1,4,6,0,2,3,5) : 39
(1,4,6,0,2,5) : 1
(1,4,6,0,2,5,3) : 7
(1,4,6,0,3) : 1
(1,4,6,0,3,2,5) : 45
(1,4,6,0,3,5,2) : 147
(1,4,6,0,5,2,3) : 5
(1,4,6,0,5,3,2) : 27
(1,4,6,2) : 1
(1,4,6,2,0) : 1
(1,4,6,2,0,3) : 1
(1,4,6,2,0,3,5) : 29
(1,4,6,2,0,5) : 1
(1,4,6,2,0,5,3) : 4
(1,4,6,2,3,0,5) : 7
(1,4,6,2,3,5,0) : 2
(1,4,6,2,5,0,3) : 3
(1,4,6,2,5,3,0) : 2
(1,4,6,3,0) : 2
(1,4,6,3,0,2,5) : 9
(1,4,6,3,0,5,2) : 12
(1,4,6,3,2,0,5) : 5
(1,4,6,3,5,0,2) : 2
(1,4,6,3,5,2,0) : 1
(1,4,6,5) : 1
(1,4,6,5,0,2,3) : 1
(1,4,6,5,0,3,2) : 6
(1,4,6,5,2,3,0) : 1
(1,4,6,5,3,2) : 1
(1,4,6,5,3,2,0) : 1
(1,5) : 2
(1,5,0,2,3,4,6) : 1
(1,5,0,2,3,6,4) : 1
(1,5,0,4,6,3,2) : 1
(1,5,0,6,3,2,4) : 1
(1,5,2,0) : 1
(1,5,2,0,3,4,6) : 1
(1,5,2,0,6,4,3) : 1
(1,5,2,4) : 1
(1,5,2,4,0,3,6) : 1
(1,5,2,4,6,3,0) : 1
(1,5,2,6,0,3,4) : 1
(1,5,3,0,2,4,6) : 1
(1,5,3,0,4) : 1
(1,5,3,0,6,4,2) : 1
(1,5,3,4,0,6,2) : 1
(1,5,3,6,4,2,0) : 1
(1,5,4) : 1
(1,5,4,0,3,6,2) : 1
(1,5,4,0,6,2,3) : 2
(1,5,4,0,6,3,2) : 1
(1,5,4,2,0,3,6) : 2
(1,5,4,2,3,0,6) : 1
(1,5,4,3,0,2,6) : 2
(1,5,4,3,0,6,2) : 2
(1,5,6) : 1
(1,5,6,4,0,3,2) : 1
(1,5,6,4,3) : 1
(1,6) : 34
(1,6,0) : 1
(1,6,0,2,3,4,5) : 1
(1,6,0,2,4) : 1
(1,6,0,2,4,3,5) : 3
(1,6,0,2,4,5,3) : 3
(1,6,0,2,5,3,4) : 2
(1,6,0,3,2,4,5) : 1
(1,6,0,3,2,5,4) : 1
(1,6,0,3,4,2) : 1
(1,6,0,3,4,2,5) : 6
(1,6,0,3,4,5,2) : 3
(1,6,0,3,5,4,2) : 1
(1,6,0,4,2,3,5) : 9
(1,6,0,4,2,5,3) : 2
(1,6,0,4,3,2,5) : 11
(1,6,0,4,3,5,2) : 8
(1,6,0,4,5,2,3) : 3
(1,6,0,4,5,3,2) : 6
(1,6,0,5,2,3,4) : 1
(1,6,0,5,3,2,4) : 3
(1,6,0,5,3,4,2) : 1
(1,6,0,5,4,3,2) : 2
(1,6,2) : 2
(1,6,2,0,3,4,5) : 4
(1,6,2,0,4,3,5) : 4
(1,6,2,0,4,5,3) : 1
(1,6,2,0,5,3,4) : 1
(1,6,2,3,4,0,5) : 1
(1,6,2,4,0,3) : 1
(1,6,2,4,0,3,5) : 5
(1,6,2,4,0,5,3) : 1
(1,6,2,4,3,0,5) : 4
(1,6,2,5,0,3,4) : 2
(1,6,2,5,4,0,3) : 1
(1,6,2,5,4,3,0) : 1
(1,6,3,0,4,2,5) : 1
(1,6,3,4,0,5,2) : 1
(1,6,3,5,4,0,2) : 1
(1,6,4) : 10
(1,6,4,0) : 3
(1,6,4,0,2,3,5) : 17
(1,6,4,0,2,5,3) : 5
(1,6,4,0,3,2) : 1
(1,6,4,0,3,2,5) : 25
(1,6,4,0,3,5,2) : 35
(1,6,4,0,5,3,2) : 22
(1,6,4,2) : 2
(1,6,4,2,0,3,5) : 11
(1,6,4,2,0,5,3) : 1
(1,6,4,2,3,0,5) : 1
(1,6,4,2,5,0,3) : 1
(1,6,4,2,5,3,0) : 3
(1,6,4,3,0,2) : 1
(1,6,4,3,0,2,5) : 3
(1,6,4,3,0,5,2) : 3
(1,6,4,3,2,0,5) : 3
(1,6,4,3,2,5) : 1
(1,6,4,3,5,2,0) : 1
(1,6,4,5,0,2,3) : 2
(1,6,4,5,0,3,2) : 4
(1,6,4,5,2,0) : 1
(1,6,4,5,3,0,2) : 3
(1,6,5,0,2,3,4) : 1
(1,6,5,0,2,4,3) : 1
(1,6,5,0,3,2,4) : 2
(1,6,5,0,3,4,2) : 1
(1,6,5,0,4,3,2) : 1
(1,6,5,3,0,2,4) : 1
(1,6,5,3,0,4,2) : 1
(1,6,5,3,4,2,0) : 1
(1,6,5,4,0,3,2) : 1
(1,6,5,4,3,2,0) : 3
(2) : 14589
(2,0) : 30
(2,0,1) : 7
(2,0,1,3) : 3
(2,0,1,3,4,5,6) : 35
(2,0,1,3,4,6,5) : 6
(2,0,1,3,5) : 1
(2,0,1,3,5,4) : 1
(2,0,1,3,5,4,6) : 39
(2,0,1,3,5,6,4) : 35
(2,0,1,3,6,4,5) : 5
(2,0,1,3,6,5,4) : 9
(2,0,1,4,3,5) : 1
(2,0,1,4,3,5,6) : 15
(2,0,1,4,3,6,5) : 6
(2,0,1,4,5,3,6) : 6
(2,0,1,4,5,6,3) : 1
(2,0,1,4,6,3,5) : 4
(2,0,1,4,6,5) : 1
(2,0,1,4,6,5,3) : 4
(2,0,1,5,3,4,6) : 14
(2,0,1,5,3,6,4) : 8
(2,0,1,5,4,3,6) : 7
(2,0,1,5,4,6) : 1
(2,0,1,5,6,3,4) : 3
(2,0,1,5,6,4,3) : 6
(2,0,1,6,3,4,5) : 8
(2,0,1,6,3,5,4) : 3
(2,0,1,6,4,3,5) : 6
(2,0,1,6,4,5,3) : 2
(2,0,1,6,5,3,4) : 4
(2,0,1,6,5,4,3) : 7
(2,0,3,1,4,5,6) : 5
(2,0,3,1,4,6,5) : 2
(2,0,3,1,5,4,6) : 6
(2,0,3,1,5,6,4) : 3
(2,0,3,1,6,4,5) : 1
(2,0,3,1,6,5,4) : 2
(2,0,3,4,1,5,6) : 1
(2,0,3,4,1,6,5) : 1
(2,0,3,4,5,6,1) : 1
(2,0,3,5,1,4,6) : 6
(2,0,3,5,1,6,4) : 1
(2,0,3,5,4,1,6) : 4
(2,0,3,5,4,6,1) : 5
(2,0,3,5,6,1,4) : 3
(2,0,3,5,6,4) : 1
(2,0,3,5,6,4,1) : 3
(2,0,3,6,1,5,4) : 1
(2,0,3,6,5,4,1) : 1
(2,0,4) : 2
(2,0,4,1,3,5,6) : 2
(2,0,4,1,3,6,5) : 1
(2,0,4,3,1,5,6) : 2
(2,0,4,3,1,6,5) : 1
(2,0,4,3,5,6,1) : 2
(2,0,4,5,6,1) : 1
(2,0,4,6,1,3,5) : 2
(2,0,4,6,1,5,3) : 1
(2,0,4,6,3,5,1) : 3
(2,0,4,6,5,3,1) : 2
(2,0,5,1,3,4,6) : 6
(2,0,5,1,3,6,4) : 2
(2,0,5,1,6,3,4) : 1
(2,0,5,3,1,4,6) : 5
(2,0,5,3,1,6,4) : 6
(2,0,5,3,6,1,4) : 1
(2,0,5,6,1,3,4) : 1
(2,0,6,1,3,4,5) : 3
(2,0,6,1,4,3,5) : 3
(2,0,6,1,4,5,3) : 1
(2,0,6,3) : 1
(2,0,6,3,1,4,5) : 1
(2,0,6,3,1,5,4) : 1
(2,0,6,3,5,1,4) : 2
(2,0,6,3,5,4,1) : 1
(2,0,6,4,1,3,5) : 2
(2,0,6,4,1,5,3) : 1
(2,0,6,4,3,1,5) : 1
(2,0,6,4,3,5,1) : 2
(2,0,6,5,3,1,4) : 2
(2,0,6,5,3,4,1) : 1
(2,0,6,5,4,3,1) : 1
(2,1) : 131
(2,1,0) : 38
(2,1,0,3) : 2
(2,1,0,3,4,5) : 1
(2,1,0,3,4,5,6) : 92
(2,1,0,3,4,6,5) : 11
(2,1,0,3,5) : 1
(2,1,0,3,5,4,6) : 47
(2,1,0,3,5,6,4) : 33
(2,1,0,3,6,4,5) : 9
(2,1,0,3,6,5,4) : 13
(2,1,0,4) : 3
(2,1,0,4,3,5) : 1
(2,1,0,4,3,5,6) : 25
(2,1,0,4,3,6,5) : 11
(2,1,0,4,5,3) : 1
(2,1,0,4,5,3,6) : 12
(2,1,0,4,5,6,3) : 6
(2,1,0,4,6,3,5) : 16
(2,1,0,4,6,5,3) : 12
(2,1,0,5) : 1
(2,1,0,5,3,4,6) : 27
(2,1,0,5,3,6,4) : 16
(2,1,0,5,4,3,6) : 11
(2,1,0,5,4,6) : 2
(2,1,0,5,4,6,3) : 4
(2,1,0,5,6,3,4) : 13
(2,1,0,5,6,4,3) : 5
(2,1,0,6) : 1
(2,1,0,6,3,4,5) : 16
(2,1,0,6,3,5,4) : 16
(2,1,0,6,4,3,5) : 16
(2,1,0,6,4,5,3) : 7
(2,1,0,6,5,3,4) : 11
(2,1,0,6,5,4,3) : 17
(2,1,3) : 3
(2,1,3,0,4,5,6) : 10
(2,1,3,0,4,6,5) : 5
(2,1,3,0,5,4,6) : 3
(2,1,3,0,5,6,4) : 3
(2,1,3,0,6,4,5) : 3
(2,1,3,0,6,5,4) : 2
(2,1,3,4) : 1
(2,1,3,4,0,5,6) : 6
(2,1,3,4,0,6,5) : 1
(2,1,3,4,5,0,6) : 1
(2,1,3,4,5,6,0) : 4
(2,1,3,4,6,0,5) : 1
(2,1,3,5,0,4,6) : 3
(2,1,3,5,0,6,4) : 2
(2,1,3,5,6,0,4) : 1
(2,1,3,5,6,4,0) : 1
(2,1,3,6) : 1
(2,1,3,6,0,5,4) : 1
(2,1,3,6,4,0,5) : 1
(2,1,3,6,4,5,0) : 1
(2,1,3,6,5,0,4) : 1
(2,1,4) : 12
(2,1,4,0) : 1
(2,1,4,0,3,5,6) : 12
(2,1,4,0,3,6,5) : 7
(2,1,4,0,5,3,6) : 4
(2,1,4,0,6,3,5) : 4
(2,1,4,0,6,5,3) : 7
(2,1,4,3,0,5,6) : 4
(2,1,4,3,0,6,5) : 1
(2,1,4,3,5,6,0) : 1
(2,1,4,3,6,0,5) : 2
(2,1,4,5,0,3,6) : 1
(2,1,4,5,0,6,3) : 6
(2,1,4,5,3,0,6) : 4
(2,1,4,5,6,0) : 1
(2,1,4,5,6,0,3) : 2
(2,1,4,5,6,3,0) : 2
(2,1,4,6) : 3
(2,1,4,6,0,3) : 1
(2,1,4,6,0,3,5) : 9
(2,1,4,6,0,5,3) : 1
(2,1,4,6,3,0,5) : 1
(2,1,4,6,3,5,0) : 1
(2,1,4,6,5,0,3) : 4
(2,1,4,6,5,3,0) : 5
(2,1,5) : 7
(2,1,5,0,3,4,6) : 7
(2,1,5,0,3,6,4) : 6
(2,1,5,0,4,3,6) : 4
(2,1,5,3,0,4,6) : 4
(2,1,5,3,0,6,4) : 3
(2,1,5,3,4,6) : 1
(2,1,5,4,0,3,6) : 2
(2,1,5,4,0,6,3) : 2
(2,1,5,4,6,3,0) : 1
(2,1,5,6) : 1
(2,1,5,6,0,4,3) : 1
(2,1,5,6,4,0,3) : 3
(2,1,5,6,4,3,0) : 2
(2,1,6) : 14
(2,1,6,0) : 2
(2,1,6,0,3,4,5) : 11
(2,1,6,0,3,5,4) : 5
(2,1,6,0,4,3,5) : 8
(2,1,6,0,4,5,3) : 3
(2,1,6,0,5,3,4) : 5
(2,1,6,0,5,4,3) : 1
(2,1,6,3,0) : 1
(2,1,6,4) : 1
(2,1,6,4,0) : 1
(2,1,6,4,0,3,5) : 7
(2,1,6,4,0,5,3) : 2
(2,1,6,4,3,5,0) : 1
(2,1,6,4,5,0,3) : 3
(2,1,6,5,0,4,3) : 4
(2,1,6,5,3,4,0) : 1
(2,1,6,5,4) : 1
(2,1,6,5,4,0,3) : 1
(2,1,6,5,4,3,0) : 4
(2,3) : 19
(2,3,0,1,4,5,6) : 5
(2,3,0,1,4,6,5) : 1
(2,3,0,1,5,4,6) : 6
(2,3,0,1,5,6,4) : 6
(2,3,0,1,6,4,5) : 3
(2,3,0,1,6,5,4) : 5
(2,3,0,4,1,5,6) : 1
(2,3,0,4,5,1,6) : 1
(2,3,0,4,6,5,1) : 1
(2,3,0,5) : 1
(2,3,0,5,1,4,6) : 6
(2,3,0,5,1,6,4) : 4
(2,3,0,5,4,1,6) : 2
(2,3,0,5,4,6,1) : 1
(2,3,0,5,6,4,1) : 2
(2,3,0,6,1,4,5) : 1
(2,3,0,6,4,1,5) : 1
(2,3,1) : 1
(2,3,1,0,4,5,6) : 6
(2,3,1,0,4,6,5) : 4
(2,3,1,0,5,4,6) : 8
(2,3,1,0,5,6,4) : 8
(2,3,1,0,6,4,5) : 2
(2,3,1,0,6,5,4) : 4
(2,3,1,4,0,5,6) : 5
(2,3,1,5,0,4,6) : 2
(2,3,1,5,0,6,4) : 1
(2,3,1,6,5,4,0) : 1
(2,3,4) : 1
(2,3,4,0,1,5,6) : 1
(2,3,4,0,5,6,1) : 1
(2,3,4,1,0,5,6) : 3
(2,3,4,1,0,6,5) : 1
(2,3,4,1,6,0,5) : 1
(2,3,4,5,0,1,6) : 2
(2,3,4,5,0,6,1) : 1
(2,3,4,5,1,0,6) : 2
(2,3,4,5,6,0,1) : 3
(2,3,4,5,6,1,0) : 5
(2,3,4,6,1,0,5) : 4
(2,3,5) : 1
(2,3,5,0,1,4,6) : 18
(2,3,5,0,1,6) : 1
(2,3,5,0,1,6,4) : 10
(2,3,5,0,4,1,6) : 2
(2,3,5,0,4,6,1) : 2
(2,3,5,0,6,1,4) : 1
(2,3,5,0,6,4,1) : 1
(2,3,5,1,0,4,6) : 1
(2,3,5,1,0,6,4) : 3
(2,3,5,4,1,0,6) : 1
(2,3,5,4,6,0,1) : 2
(2,3,5,6,0,1,4) : 2
(2,3,5,6,4,1,0) : 2
(2,3,6,1,0,5,4) : 1
(2,3,6,4,5,1,0) : 1
(2,3,6,5,4,0,1) : 1
(2,4) : 105
(2,4,0,1) : 1
(2,4,0,1,3,5,6) : 16
(2,4,0,1,3,6,5) : 6
(2,4,0,1,5,3,6) : 3
(2,4,0,1,5,6) : 1
(2,4,0,1,5,6,3) : 1
(2,4,0,1,6,3,5) : 3
(2,4,0,1,6,5) : 1
(2,4,0,1,6,5,3) : 2
(2,4,0,3,5,1,6) : 1
(2,4,0,3,6,5,1) : 1
(2,4,0,5,1,3,6) : 2
(2,4,0,5,1,6) : 3
(2,4,0,5,1,6,3) : 3
(2,4,0,5,3,6,1) : 1
(2,4,0,6,1,3,5) : 2
(2,4,0,6,1,5) : 1
(2,4,0,6,3,1,5) : 1
(2,4,0,6,5,3) : 1
(2,4,1) : 8
(2,4,1,0,3,5,6) : 22
(2,4,1,0,3,6,5) : 10
(2,4,1,0,5) : 1
(2,4,1,0,5,3,6) : 6
(2,4,1,0,5,6) : 1
(2,4,1,0,5,6,3) : 2
(2,4,1,0,6,3,5) : 6
(2,4,1,0,6,5) : 1
(2,4,1,0,6,5,3) : 7
(2,4,1,3,0,5,6) : 2
(2,4,1,3,5,6,0) : 1
(2,4,1,5,0,3,6) : 3
(2,4,1,5,0,6,3) : 2
(2,4,1,5,3,0,6) : 1
(2,4,1,5,3,6) : 1
(2,4,1,6) : 2
(2,4,1,6,0) : 1
(2,4,1,6,0,3,5) : 7
(2,4,1,6,3,0,5) : 1
(2,4,1,6,5,0,3) : 2
(2,4,3) : 2
(2,4,3,0,1,5,6) : 1
(2,4,3,0,1,6,5) : 4
(2,4,3,0,5,1,6) : 1
(2,4,3,1,0) : 1
(2,4,3,1,0,5,6) : 13
(2,4,3,1,0,6,5) : 4
(2,4,3,1,5,0,6) : 1
(2,4,3,1,5,6) : 1
(2,4,3,5,0,1,6) : 1
(2,4,3,5,1,0,6) : 2
(2,4,3,5,6,1,0) : 6
(2,4,3,6,0,1,5) : 1
(2,4,3,6,1,0,5) : 3
(2,4,3,6,5,0,1) : 2
(2,4,3,6,5,1,0) : 2
(2,4,5) : 2
(2,4,5,0,1,3,6) : 2
(2,4,5,0,1,6,3) : 4
(2,4,5,1,0,3,6) : 2
(2,4,5,1,0,6) : 1
(2,4,5,1,6,0,3) : 1
(2,4,5,3,0,1,6) : 1
(2,4,5,3,0,6,1) : 1
(2,4,5,3,1,0,6) : 2
(2,4,5,6) : 1
(2,4,5,6,0,1,3) : 3
(2,4,5,6,3,0,1) : 1
(2,4,5,6,3,1,0) : 2
(2,4,6) : 15
(2,4,6,0,1,3,5) : 17
(2,4,6,0,1,5,3) : 1
(2,4,6,0,3,1,5) : 2
(2,4,6,0,3,5,1) : 2
(2,4,6,0,5,1,3) : 1
(2,4,6,0,5,3,1) : 1
(2,4,6,1,0) : 1
(2,4,6,1,0,3,5) : 22
(2,4,6,1,0,5) : 1
(2,4,6,1,0,5,3) : 7
(2,4,6,1,3,0,5) : 2
(2,4,6,1,5,3,0) : 1
(2,4,6,3,0,1,5) : 1
(2,4,6,3,1,0,5) : 5
(2,4,6,3,1,5,0) : 1
(2,4,6,3,5,1,0) : 2
(2,4,6,5,0,1,3) : 2
(2,4,6,5,0,3,1) : 2
(2,4,6,5,1,0,3) : 4
(2,4,6,5,1,3,0) : 1
(2,4,6,5,3,0,1) : 3
(2,4,6,5,3,1,0) : 11
(2,5) : 137
(2,5,0) : 2
(2,5,0,1) : 3
(2,5,0,1,3,4,6) : 31
(2,5,0,1,3,6,4) : 27
(2,5,0,1,4,3) : 1
(2,5,0,1,4,3,6) : 3
(2,5,0,1,4,6,3) : 5
(2,5,0,1,6,3,4) : 9
(2,5,0,1,6,4,3) : 4
(2,5,0,3) : 2
(2,5,0,3,1,4,6) : 10
(2,5,0,3,1,6,4) : 4
(2,5,0,3,4,1,6) : 3
(2,5,0,3,4,6,1) : 5
(2,5,0,3,6,1,4) : 5
(2,5,0,3,6,4,1) : 2
(2,5,0,4,3,1,6) : 2
(2,5,0,6,1,3,4) : 2
(2,5,0,6,3,1,4) : 1
(2,5,0,6,4,3,1) : 2
(2,5,1) : 5
(2,5,1,0) : 3
(2,5,1,0,3,4) : 1
(2,5,1,0,3,4,6) : 28
(2,5,1,0,3,6,4) : 27
(2,5,1,0,4,3,6) : 6
(2,5,1,0,4,6,3) : 5
(2,5,1,0,6,3,4) : 9
(2,5,1,0,6,4,3) : 7
(2,5,1,3,0,4,6) : 2
(2,5,1,3,0,6,4) : 3
(2,5,1,3,4,0,6) : 1
(2,5,1,3,4,6,0) : 2
(2,5,1,3,6,4) : 1
(2,5,1,4,0,6,3) : 2
(2,5,1,4,3,6,0) : 1
(2,5,1,6,0,3,4) : 1
(2,5,1,6,4,0) : 1
(2,5,1,6,4,0,3) : 1
(2,5,1,6,4,3,0) : 3
(2,5,3) : 2
(2,5,3,0,1) : 1
(2,5,3,0,1,4,6) : 14
(2,5,3,0,1,6,4) : 13
(2,5,3,0,4,1,6) : 1
(2,5,3,0,4,6,1) : 3
(2,5,3,0,6,1,4) : 2
(2,5,3,0,6,4,1) : 4
(2,5,3,1,0) : 1
(2,5,3,1,0,4,6) : 14
(2,5,3,1,0,6,4) : 15
(2,5,3,1,4,0,6) : 1
(2,5,3,1,6,4,0) : 1
(2,5,3,4,0,1,6) : 1
(2,5,3,4,1,0,6) : 1
(2,5,3,4,6,0,1) : 1
(2,5,3,6,0,1,4) : 3
(2,5,3,6,1,0,4) : 1
(2,5,3,6,4,0,1) : 1
(2,5,4) : 1
(2,5,4,0,1,3,6) : 4
(2,5,4,0,1,6) : 1
(2,5,4,0,6,1,3) : 1
(2,5,4,0,6,3,1) : 1
(2,5,4,1,0,3,6) : 1
(2,5,4,1,0,6,3) : 1
(2,5,4,1,3,6,0) : 1
(2,5,4,3,1,0,6) : 2
(2,5,4,3,6,0,1) : 1
(2,5,4,6,3,0,1) : 1
(2,5,6) : 4
(2,5,6,0,1,3,4) : 4
(2,5,6,0,1,4,3) : 3
(2,5,6,0,3,1) : 1
(2,5,6,0,3,1,4) : 1
(2,5,6,1,0,3,4) : 7
(2,5,6,1,3,0,4) : 1
(2,5,6,3,0,1,4) : 2
(2,5,6,3,0,4,1) : 3
(2,5,6,3,1,0,4) : 3
(2,5,6,3,1,4) : 1
(2,5,6,3,1,4,0) : 1
(2,5,6,3,4,1,0) : 2
(2,5,6,4,0,1,3) : 2
(2,5,6,4,0,3,1) : 2
(2,5,6,4,1,0,3) : 1
(2,5,6,4,3,1,0) : 3
(2,6) : 83
(2,6,0) : 4
(2,6,0,1,3,4,5) : 22
(2,6,0,1,3,5,4) : 11
(2,6,0,1,4,3,5) : 11
(2,6,0,1,4,5,3) : 3
(2,6,0,1,5,3,4) : 7
(2,6,0,1,5,4,3) : 3
(2,6,0,3,1,4,5) : 2
(2,6,0,3,1,5,4) : 2
(2,6,0,3,4,1,5) : 2
(2,6,0,3,4,5) : 1
(2,6,0,3,4,5,1) : 1
(2,6,0,3,5,4,1) : 1
(2,6,0,4,1,3,5) : 3
(2,6,0,4,1,5,3) : 2
(2,6,0,4,3,1,5) : 1
(2,6,0,4,3,5,1) : 1
(2,6,0,5,4,1,3) : 1
(2,6,1) : 5
(2,6,1,0) : 2
(2,6,1,0,3,4,5) : 19
(2,6,1,0,3,5,4) : 13
(2,6,1,0,4) : 1
(2,6,1,0,4,3,5) : 16
(2,6,1,0,4,5) : 1
(2,6,1,0,4,5,3) : 3
(2,6,1,0,5,3,4) : 7
(2,6,1,0,5,4,3) : 4
(2,6,1,3,0,5,4) : 1
(2,6,1,3,4,0,5) : 1
(2,6,1,3,5,0,4) : 1
(2,6,1,3,5,4,0) : 1
(2,6,1,4) : 2
(2,6,1,4,0,3,5) : 6
(2,6,1,4,0,5) : 1
(2,6,1,4,0,5,3) : 4
(2,6,1,4,3,0,5) : 3
(2,6,1,4,3,5) : 1
(2,6,1,4,5,0) : 1
(2,6,1,4,5,3,0) : 1
(2,6,1,5,0) : 1
(2,6,3,0,1,4,5) : 1
(2,6,3,0,1,5,4) : 4
(2,6,3,0,4,1,5) : 2
(2,6,3,0,5,1,4) : 1
(2,6,3,0,5,4,1) : 2
(2,6,3,1,0,4,5) : 5
(2,6,3,4) : 1
(2,6,3,5) : 1
(2,6,4) : 12
(2,6,4,0) : 1
(2,6,4,0,1,3,5) : 21
(2,6,4,0,1,5) : 1
(2,6,4,0,1,5,3) : 2
(2,6,4,0,3,1,5) : 1
(2,6,4,0,3,5,1) : 1
(2,6,4,0,5,1,3) : 1
(2,6,4,0,5,3,1) : 1
(2,6,4,1) : 1
(2,6,4,1,0,3,5) : 24
(2,6,4,1,0,5) : 1
(2,6,4,1,0,5,3) : 6
(2,6,4,1,3,0,5) : 1
(2,6,4,1,3,5,0) : 1
(2,6,4,1,5,0,3) : 1
(2,6,4,3,0,1,5) : 3
(2,6,4,3,0,5,1) : 1
(2,6,4,3,1,0,5) : 4
(2,6,4,3,1,5,0) : 1
(2,6,4,3,5,0,1) : 1
(2,6,4,5,0,1) : 1
(2,6,4,5,0,1,3) : 3
(2,6,4,5,1,0,3) : 2
(2,6,4,5,1,3,0) : 1
(2,6,4,5,3,0,1) : 2
(2,6,4,5,3,1) : 1
(2,6,4,5,3,1,0) : 4
(2,6,5) : 1
(2,6,5,0,1,3,4) : 7
(2,6,5,0,4,3,1) : 1
(2,6,5,1,0,3,4) : 5
(2,6,5,3,0,1,4) : 1
(2,6,5,3,0,4,1) : 2
(2,6,5,3,1,0,4) : 3
(2,6,5,3,4,0,1) : 2
(2,6,5,3,4,1,0) : 1
(2,6,5,4,0,1,3) : 1
(2,6,5,4,1,0) : 1
(2,6,5,4,1,0,3) : 2
(2,6,5,4,3,1,0) : 10
(3) : 187
(3,0,1,2,4,5,6) : 3
(3,0,1,4,2,5,6) : 1
(3,0,1,4,2,6,5) : 1
(3,0,1,6,4,5,2) : 1
(3,0,2,5,4,1,6) : 1
(3,0,4,5,1,6,2) : 1
(3,0,4,5,6,1,2) : 1
(3,0,5,1,4,6,2) : 1
(3,0,6) : 1
(3,0,6,5,4,1,2) : 1
(3,1) : 4
(3,1,0,2,4,5,6) : 1
(3,1,0,2,5,4,6) : 1
(3,1,0,4,6,2,5) : 1
(3,1,0,5,2,4,6) : 1
(3,1,0,5,4,6,2) : 1
(3,1,0,5,6,2,4) : 1
(3,1,0,6,2,4,5) : 1
(3,1,0,6,5,2,4) : 1
(3,1,0,6,5,4,2) : 1
(3,1,2,0,4,5,6) : 1
(3,1,2,0,5,4,6) : 1
(3,1,2,4,6,0,5) : 1
(3,1,4,6,2,5,0) : 1
(3,1,6,0,2,4,5) : 1
(3,1,6,0,4,2,5) : 1
(3,2) : 5
(3,2,0,1,4,5,6) : 1
(3,2,0,4,1,6,5) : 1
(3,2,0,4,5,6,1) : 1
(3,2,1,0,4,5,6) : 4
(3,2,1,0,5,4,6) : 1
(3,2,1,0,5,6,4) : 2
(3,2,1,0,6,4,5) : 1
(3,2,1,0,6,5,4) : 1
(3,2,1,4,0,6,5) : 1
(3,2,1,6,0) : 1
(3,2,4,0,1,6,5) : 1
(3,2,4,6,1,0,5) : 1
(3,2,5,4,1,0,6) : 1
(3,2,5,6,1,0,4) : 1
(3,2,6,1,0,5,4) : 1
(3,2,6,1,5,0,4) : 1
(3,2,6,5,4,0,1) : 1
(3,4) : 2
(3,4,0,1,2,5,6) : 1
(3,4,0,1,2,6,5) : 1
(3,4,0,5,1,2,6) : 1
(3,4,1,0,2,6,5) : 1
(3,4,2) : 1
(3,4,2,1,0,5,6) : 2
(3,4,2,1,0,6,5) : 1
(3,4,2,6,1,0,5) : 2
(3,4,5,1,0,6,2) : 1
(3,4,5,2,1,0,6) : 1
(3,4,5,6,0,1,2) : 1
(3,4,5,6,2,1,0) : 1
(3,4,6,0) : 1
(3,4,6,0,1,2,5) : 2
(3,4,6,0,2,1,5) : 1
(3,4,6,1,0,2,5) : 2
(3,4,6,1,2,0,5) : 1
(3,4,6,2,1,0,5) : 1
(3,5) : 1
(3,5,0) : 1
(3,5,0,1,2,6,4) : 1
(3,5,0,1,4,2,6) : 1
(3,5,1,0,6,4,2) : 1
(3,5,2) : 2
(3,5,2,1,0,4,6) : 1
(3,5,4,1,0,2,6) : 1
(3,6) : 2
(3,6,0,1,2,5,4) : 1
(3,6,0,1,4,5,2) : 1
(3,6,0,5,1,4,2) : 1
(3,6,0,5,4,1,2) : 1
(3,6,1,0,2,4,5) : 1
(3,6,1,0,2,5,4) : 1
(3,6,1,0,4,2,5) : 1
(3,6,2,0,1,4,5) : 1
(3,6,2,0,1,5,4) : 1
(3,6,2,4,5,1,0) : 1
(3,6,4,1,0,2,5) : 1
(3,6,4,1,2,5) : 1
(4) : 4311
(4,0) : 21
(4,0,1) : 9
(4,0,1,2,3,5,6) : 20
(4,0,1,2,3,6,5) : 5
(4,0,1,2,5,6,3) : 1
(4,0,1,2,6,3,5) : 7
(4,0,1,2,6,5,3) : 5
(4,0,1,3,2,5,6) : 1
(4,0,1,3,2,6,5) : 5
(4,0,1,3,5,2,6) : 2
(4,0,1,3,5,6) : 1
(4,0,1,3,5,6,2) : 19
(4,0,1,3,6) : 1
(4,0,1,3,6,2,5) : 13
(4,0,1,3,6,5,2) : 32
(4,0,1,5,2,3,6) : 2
(4,0,1,5,3,2,6) : 3
(4,0,1,5,3,6,2) : 9
(4,0,1,5,6,2,3) : 2
(4,0,1,5,6,3,2) : 5
(4,0,1,6) : 6
(4,0,1,6,2,3,5) : 17
(4,0,1,6,3) : 1
(4,0,1,6,3,2,5) : 33
(4,0,1,6,3,5,2) : 88
(4,0,1,6,5) : 1
(4,0,1,6,5,2) : 1
(4,0,1,6,5,2,3) : 3
(4,0,1,6,5,3,2) : 24
(4,0,2,1,3,5,6) : 1
(4,0,2,1,5,3,6) : 1
(4,0,2,1,6,3,5) : 3
(4,0,2,1,6,5,3) : 1
(4,0,2,3,1,5,6) : 1
(4,0,2,3,1,6,5) : 2
(4,0,2,3,5,6,1) : 1
(4,0,2,3,6,1,5) : 1
(4,0,2,6,1,3,5) : 2
(4,0,2,6,3,5,1) : 1
(4,0,2,6,5,3,1) : 1
(4,0,3,1,5,6,2) : 6
(4,0,3,1,6,5,2) : 4
(4,0,3,6) : 1
(4,0,3,6,1,2,5) : 1
(4,0,5,1,2,6,3) : 1
(4,0,5,1,3,2,6) : 1
(4,0,5,1,3,6,2) : 1
(4,0,5,2,3,6,1) : 1
(4,0,5,6,2,1) : 1
(4,0,5,6,2,3,1) : 1
(4,0,5,6,3,1,2) : 1
(4,0,6) : 15
(4,0,6,1) : 2
(4,0,6,1,2) : 1
(4,0,6,1,2,3,5) : 11
(4,0,6,1,2,5,3) : 3
(4,0,6,1,3,2) : 1
(4,0,6,1,3,2,5) : 20
(4,0,6,1,3,5,2) : 55
(4,0,6,1,5,2,3) : 3
(4,0,6,1,5,3,2) : 14
(4,0,6,2,3,1,5) : 1
(4,0,6,3,1,2,5) : 4
(4,0,6,3,1,5,2) : 8
(4,0,6,3,2,5,1) : 1
(4,0,6,3,5,1,2) : 1
(4,0,6,5,1,2,3) : 1
(4,0,6,5,1,3,2) : 1
(4,1) : 84
(4,1,0) : 16
(4,1,0,2) : 1
(4,1,0,2,3,5) : 1
(4,1,0,2,3,5,6) : 9
(4,1,0,2,3,6,5) : 8
(4,1,0,2,5,3,6) : 2
(4,1,0,2,5,6,3) : 2
(4,1,0,2,6,3,5) : 12
(4,1,0,2,6,5) : 1
(4,1,0,2,6,5,3) : 5
(4,1,0,3) : 2
(4,1,0,3,2,5,6) : 8
(4,1,0,3,2,6) : 1
(4,1,0,3,2,6,5) : 13
(4,1,0,3,5) : 1
(4,1,0,3,5,2,6) : 5
(4,1,0,3,5,6) : 1
(4,1,0,3,5,6,2) : 26
(4,1,0,3,6,2,5) : 25
(4,1,0,3,6,5,2) : 50
(4,1,0,5,2,3,6) : 2
(4,1,0,5,2,6,3) : 2
(4,1,0,5,3,2,6) : 4
(4,1,0,5,3,6,2) : 11
(4,1,0,5,6) : 1
(4,1,0,5,6,2) : 2
(4,1,0,5,6,2,3) : 3
(4,1,0,5,6,3,2) : 7
(4,1,0,6) : 11
(4,1,0,6,2,3) : 2
(4,1,0,6,2,3,5) : 59
(4,1,0,6,2,5) : 1
(4,1,0,6,2,5,3) : 9
(4,1,0,6,3,2,5) : 71
(4,1,0,6,3,5,2) : 132
(4,1,0,6,5,2) : 1
(4,1,0,6,5,2,3) : 3
(4,1,0,6,5,3,2) : 40
(4,1,2) : 5
(4,1,2,0,3,5,6) : 8
(4,1,2,0,3,6,5) : 4
(4,1,2,0,5,3,6) : 1
(4,1,2,0,5,6,3) : 1
(4,1,2,0,6,3,5) : 1
(4,1,2,0,6,5,3) : 2
(4,1,2,3,0,5,6) : 4
(4,1,2,3,0,6,5) : 2
(4,1,2,3,5,0,6) : 1
(4,1,2,3,5,6,0) : 1
(4,1,2,3,6,0,5) : 1
(4,1,2,5,6,0) : 1
(4,1,2,5,6,0,3) : 1
(4,1,2,6) : 1
(4,1,2,6,0,3) : 1
(4,1,2,6,0,3,5) : 12
(4,1,2,6,0,5,3) : 3
(4,1,2,6,3,0,5) : 3
(4,1,2,6,3,5,0) : 2
(4,1,2,6,5) : 1
(4,1,2,6,5,0,3) : 3
(4,1,2,6,5,3,0) : 3
(4,1,3) : 1
(4,1,3,0,2,5,6) : 1
(4,1,3,0,5,2,6) : 1
(4,1,3,0,5,6,2) : 5
(4,1,3,0,6,2,5) : 1
(4,1,3,0,6,5,2) : 6
(4,1,3,2,0,6) : 1
(4,1,3,2,5) : 1
(4,1,3,2,5,6) : 1
(4,1,3,2,6,5,0) : 1
(4,1,3,5,0,6,2) : 1
(4,1,3,5,6,0,2) : 1
(4,1,3,5,6,2,0) : 1
(4,1,3,6,0,2,5) : 3
(4,1,3,6,0,5,2) : 2
(4,1,3,6,2,0,5) : 1
(4,1,3,6,5,2,0) : 1
(4,1,5,0,2,3,6) : 1
(4,1,5,0,2,6,3) : 1
(4,1,5,0,3,2,6) : 1
(4,1,5,0,3,6,2) : 2
(4,1,5,0,6,2,3) : 1
(4,1,5,0,6,3,2) : 2
(4,1,5,2,3,6,0) : 1
(4,1,5,3,0,6,2) : 1
(4,1,5,3,2,0,6) : 1
(4,1,5,6,0,3,2) : 1
(4,1,5,6,3,0,2) : 2
(4,1,6) : 56
(4,1,6,0) : 24
(4,1,6,0,2) : 1
(4,1,6,0,2,3,5) : 51
(4,1,6,0,2,5,3) : 9
(4,1,6,0,3) : 9
(4,1,6,0,3,2) : 3
(4,1,6,0,3,2,5) : 114
(4,1,6,0,3,5) : 10
(4,1,6,0,3,5,2) : 3220
(4,1,6,0,5,2,3) : 3
(4,1,6,0,5,3,2) : 42
(4,1,6,2) : 2
(4,1,6,2,0,3,5) : 26
(4,1,6,2,0,5) : 1
(4,1,6,2,0,5,3) : 4
(4,1,6,2,3,0,5) : 2
(4,1,6,2,3,5) : 1
(4,1,6,2,3,5,0) : 1
(4,1,6,2,5,0,3) : 1
(4,1,6,3) : 1
(4,1,6,3,0,2,5) : 12
(4,1,6,3,0,5,2) : 28
(4,1,6,3,2,0,5) : 3
(4,1,6,3,2,5) : 1
(4,1,6,3,5,0,2) : 3
(4,1,6,3,5,2,0) : 1
(4,1,6,5,0,3,2) : 4
(4,1,6,5,2,3,0) : 1
(4,1,6,5,3,0,2) : 9
(4,1,6,5,3,2,0) : 4
(4,2) : 63
(4,2,0) : 5
(4,2,0,1) : 2
(4,2,0,1,3,5,6) : 11
(4,2,0,1,3,6,5) : 5
(4,2,0,1,5,6) : 2
(4,2,0,1,5,6,3) : 1
(4,2,0,1,6,3,5) : 2
(4,2,0,1,6,5,3) : 1
(4,2,0,3,5,1,6) : 1
(4,2,0,5,1,6,3) : 1
(4,2,0,6,1,3,5) : 4
(4,2,1) : 3
(4,2,1,0) : 2
(4,2,1,0,3,5,6) : 16
(4,2,1,0,3,6,5) : 11
(4,2,1,0,5,3,6) : 2
(4,2,1,0,5,6) : 1
(4,2,1,0,5,6,3) : 3
(4,2,1,0,6,3) : 1
(4,2,1,0,6,3,5) : 10
(4,2,1,0,6,5) : 1
(4,2,1,0,6,5,3) : 6
(4,2,1,3,0,5,6) : 2
(4,2,1,3,0,6,5) : 1
(4,2,1,3,5,0,6) : 2
(4,2,1,3,5,6,0) : 1
(4,2,1,3,6,0,5) : 1
(4,2,1,5,3,0,6) : 1
(4,2,1,6,0,3,5) : 5
(4,2,1,6,0,5,3) : 2
(4,2,1,6,3,0,5) : 1
(4,2,1,6,3,5,0) : 1
(4,2,1,6,5,0,3) : 2
(4,2,1,6,5,3,0) : 3
(4,2,3,0,1,5,6) : 5
(4,2,3,0,1,6,5) : 1
(4,2,3,1,0,5,6) : 2
(4,2,3,1,0,6,5) : 3
(4,2,3,1,5,0,6) : 1
(4,2,3,1,5,6,0) : 2
(4,2,3,1,6,5) : 1
(4,2,3,1,6,5,0) : 1
(4,2,3,5,0,6,1) : 1
(4,2,3,5,6,1,0) : 1
(4,2,3,6) : 1
(4,2,3,6,0,1,5) : 1
(4,2,3,6,1,0,5) : 2
(4,2,3,6,5,1,0) : 1
(4,2,5) : 1
(4,2,5,3,1,0,6) : 2
(4,2,5,6) : 1
(4,2,6) : 13
(4,2,6,0) : 1
(4,2,6,0,1,3,5) : 20
(4,2,6,0,1,5,3) : 10
(4,2,6,0,3,5,1) : 1
(4,2,6,1,0,3) : 1
(4,2,6,1,0,3,5) : 15
(4,2,6,1,0,5) : 1
(4,2,6,1,0,5,3) : 6
(4,2,6,1,5,3,0) : 1
(4,2,6,3,0,1,5) : 3
(4,2,6,3,1,0,5) : 4
(4,2,6,3,1,5,0) : 1
(4,2,6,3,5,1,0) : 1
(4,2,6,5,1,0) : 1
(4,2,6,5,1,0,3) : 3
(4,2,6,5,1,3,0) : 1
(4,2,6,5,3,0,1) : 1
(4,2,6,5,3,1,0) : 6
(4,3) : 19
(4,3,0,1,2,5,6) : 4
(4,3,0,1,2,6,5) : 1
(4,3,0,1,5,2,6) : 2
(4,3,0,1,5,6,2) : 5
(4,3,0,1,6,2,5) : 9
(4,3,0,1,6,5,2) : 10
(4,3,0,2,1,5,6) : 1
(4,3,0,6) : 1
(4,3,0,6,1,5,2) : 1
(4,3,1) : 1
(4,3,1,0) : 1
(4,3,1,0,2,5,6) : 3
(4,3,1,0,2,6,5) : 5
(4,3,1,0,5,6,2) : 8
(4,3,1,0,6,2,5) : 5
(4,3,1,0,6,5,2) : 12
(4,3,1,2,0,5,6) : 1
(4,3,1,2,0,6,5) : 2
(4,3,1,2,5,6,0) : 1
(4,3,1,5,6,0,2) : 1
(4,3,1,6,0,5,2) : 1
(4,3,1,6,2,0,5) : 1
(4,3,2) : 3
(4,3,2,1,0,5,6) : 7
(4,3,2,1,0,6,5) : 3
(4,3,2,1,5) : 1
(4,3,2,5,0) : 1
(4,3,2,5,6,1,0) : 2
(4,3,2,6,1,0,5) : 1
(4,3,2,6,5,1,0) : 1
(4,3,5,1) : 1
(4,3,5,1,0,2,6) : 1
(4,3,5,1,0,6,2) : 1
(4,3,5,2,6,0,1) : 1
(4,3,5,6,0,1,2) : 3
(4,3,5,6,2,1,0) : 2
(4,3,6) : 7
(4,3,6,0,1,2,5) : 7
(4,3,6,0,1,5,2) : 5
(4,3,6,0,2,5,1) : 2
(4,3,6,1,0,2,5) : 3
(4,3,6,1,0,5,2) : 6
(4,3,6,1,5,0,2) : 1
(4,3,6,2,0,1,5) : 1
(4,3,6,2,1,0,5) : 1
(4,3,6,5,0,1,2) : 1
(4,3,6,5,1,0,2) : 2
(4,3,6,5,1,2,0) : 1
(4,3,6,5,2,1,0) : 1
(4,5) : 4
(4,5,0,1,2,6,3) : 1
(4,5,0,1,3,2,6) : 1
(4,5,0,1,3,6,2) : 5
(4,5,0,1,6,2,3) : 1
(4,5,0,1,6,3,2) : 1
(4,5,0,2,3,1) : 1
(4,5,0,3,2,1,6) : 1
(4,5,0,6,1,2,3) : 1
(4,5,1,0,2) : 1
(4,5,1,0,3,2,6) : 2
(4,5,1,0,3,6,2) : 5
(4,5,1,0,6,2,3) : 1
(4,5,1,2,0,3,6) : 1
(4,5,1,2,3,0,6) : 1
(4,5,1,2,3,6,0) : 1
(4,5,1,2,6,0,3) : 1
(4,5,1,6) : 1
(4,5,2) : 1
(4,5,2,3,0,6,1) : 1
(4,5,2,3,1,0,6) : 1
(4,5,2,6,3,1,0) : 1
(4,5,3,1,0,2,6) : 1
(4,5,3,1,0,6,2) : 1
(4,5,3,1,6,2,0) : 1
(4,5,3,6,2,1,0) : 2
(4,5,6) : 2
(4,5,6,0,1,2,3) : 2
(4,5,6,0,1,3,2) : 2
(4,5,6,0,3,2,1) : 1
(4,5,6,1) : 1
(4,5,6,1,0,2,3) : 2
(4,5,6,1,0,3,2) : 4
(4,5,6,1,3,2,0) : 1
(4,5,6,3,0,1,2) : 2
(4,5,6,3,1,0,2) : 1
(4,5,6,3,2,0,1) : 1
(4,5,6,3,2,1) : 1
(4,5,6,3,2,1,0) : 4
(4,6) : 507
(4,6,0) : 22
(4,6,0,1) : 24
(4,6,0,1,2) : 2
(4,6,0,1,2,3) : 1
(4,6,0,1,2,3,5) : 98
(4,6,0,1,2,5,3) : 13
(4,6,0,1,3) : 2
(4,6,0,1,3,2) : 1
(4,6,0,1,3,2,5) : 179
(4,6,0,1,3,5) : 2
(4,6,0,1,3,5,2) : 304
(4,6,0,1,5,2,3) : 8
(4,6,0,1,5,3) : 1
(4,6,0,1,5,3,2) : 77
(4,6,0,2,1,3,5) : 11
(4,6,0,2,1,5,3) : 1
(4,6,0,2,3,1,5) : 5
(4,6,0,2,5,1,3) : 1
(4,6,0,2,5,3,1) : 1
(4,6,0,3) : 1
(4,6,0,3,1,2,5) : 8
(4,6,0,3,1,5,2) : 14
(4,6,0,3,2,1,5) : 2
(4,6,0,3,5,1,2) : 6
(4,6,0,3,5,2) : 1
(4,6,0,3,5,2,1) : 4
(4,6,0,5,1,2,3) : 1
(4,6,0,5,1,3,2) : 1
(4,6,0,5,3,1,2) : 1
(4,6,0,5,3,2,1) : 1
(4,6,1) : 48
(4,6,1,0) : 35
(4,6,1,0,2,3) : 2
(4,6,1,0,2,3,5) : 134
(4,6,1,0,2,5,3) : 13
(4,6,1,0,3) : 3
(4,6,1,0,3,2) : 6
(4,6,1,0,3,2,5) : 194
(4,6,1,0,3,5) : 1
(4,6,1,0,3,5,2) : 645
(4,6,1,0,5,2) : 2
(4,6,1,0,5,2,3) : 15
(4,6,1,0,5,3,2) : 132
(4,6,1,2) : 1
(4,6,1,2,0,3) : 2
(4,6,1,2,0,3,5) : 22
(4,6,1,2,0,5,3) : 1
(4,6,1,2,3,0,5) : 5
(4,6,1,2,3,5) : 2
(4,6,1,2,3,5,0) : 2
(4,6,1,2,5,3,0) : 1
(4,6,1,3) : 1
(4,6,1,3,0,2,5) : 14
(4,6,1,3,0,5,2) : 25
(4,6,1,3,2,0) : 1
(4,6,1,3,2,0,5) : 2
(4,6,1,3,2,5,0) : 3
(4,6,1,3,5,0) : 1
(4,6,1,3,5,0,2) : 6
(4,6,1,3,5,2) : 2
(4,6,1,5,0,2,3) : 2
(4,6,1,5,0,3,2) : 6
(4,6,1,5,2,3,0) : 1
(4,6,1,5,3,0,2) : 2
(4,6,1,5,3,2,0) : 1
(4,6,2) : 16
(4,6,2,0) : 1
(4,6,2,0,1) : 1
(4,6,2,0,1,3,5) : 30
(4,6,2,0,1,5,3) : 3
(4,6,2,0,3,1,5) : 2
(4,6,2,0,5,1,3) : 3
(4,6,2,1) : 2
(4,6,2,1,0,3) : 2
(4,6,2,1,0,3,5) : 52
(4,6,2,1,0,5) : 2
(4,6,2,1,0,5,3) : 7
(4,6,2,1,3,0,5) : 3
(4,6,2,1,3,5) : 1
(4,6,2,1,3,5,0) : 1
(4,6,2,1,5,3) : 1
(4,6,2,1,5,3,0) : 2
(4,6,2,3,0,1,5) : 3
(4,6,2,3,1,0,5) : 5
(4,6,2,3,1,5,0) : 1
(4,6,2,3,5,0,1) : 1
(4,6,2,3,5,1,0) : 5
(4,6,2,5,0,1) : 1
(4,6,2,5,0,1,3) : 2
(4,6,2,5,1,0,3) : 1
(4,6,2,5,3,0,1) : 1
(4,6,2,5,3,1,0) : 1
(4,6,3) : 11
(4,6,3,0) : 1
(4,6,3,0,1) : 1
(4,6,3,0,1,2) : 1
(4,6,3,0,1,2,5) : 18
(4,6,3,0,1,5,2) : 51
(4,6,3,0,2,1,5) : 1
(4,6,3,0,5,1,2) : 2
(4,6,3,1) : 1
(4,6,3,1,0,2,5) : 35
(4,6,3,1,0,5) : 1
(4,6,3,1,0,5,2) : 53
(4,6,3,1,2,0,5) : 3
(4,6,3,1,2,5) : 1
(4,6,3,1,2,5,0) : 1
(4,6,3,1,5,0,2) : 2
(4,6,3,2,0,1) : 1
(4,6,3,2,0,1,5) : 8
(4,6,3,2,1,0,5) : 8
(4,6,3,2,5,0,1) : 1
(4,6,3,2,5,1,0) : 1
(4,6,3,5) : 3
(4,6,3,5,0,1,2) : 6
(4,6,3,5,1,0,2) : 10
(4,6,3,5,1,2,0) : 1
(4,6,3,5,2) : 2
(4,6,3,5,2,1,0) : 5
(4,6,5) : 2
(4,6,5,0,1,2) : 2
(4,6,5,0,1,2,3) : 5
(4,6,5,0,1,3,2) : 16
(4,6,5,0,3,1,2) : 2
(4,6,5,1,0,3,2) : 6
(4,6,5,1,2,0,3) : 1
(4,6,5,1,3,0,2) : 2
(4,6,5,2,0,1,3) : 1
(4,6,5,2,1,0,3) : 3
(4,6,5,2,3,0,1) : 3
(4,6,5,2,3,1,0) : 3
(4,6,5,3,0,1,2) : 10
(4,6,5,3,1,0,2) : 16
(4,6,5,3,2,0,1) : 1
(4,6,5,3,2,1) : 1
(4,6,5,3,2,1,0) : 11
(5) : 310
(5,0) : 3
(5,0,1,2,3,4,6) : 4
(5,0,1,2,3,6,4) : 1
(5,0,1,3,2,6,4) : 1
(5,0,1,3,4,2,6) : 1
(5,0,1,3,4,6,2) : 1
(5,0,1,3,6,2) : 1
(5,0,1,3,6,2,4) : 1
(5,0,1,3,6,4,2) : 1
(5,0,1,4,3,2,6) : 1
(5,0,1,4,6) : 1
(5,0,2,1,6,4,3) : 1
(5,0,3,1,6,2,4) : 1
(5,0,3,6,1,4,2) : 1
(5,0,4,1,6,3,2) : 1
(5,0,4,6,1,3,2) : 1
(5,1) : 4
(5,1,0,2,3,4,6) : 1
(5,1,0,2,3,6,4) : 2
(5,1,0,2,4,3,6) : 1
(5,1,0,2,4,6,3) : 2
(5,1,0,2,6,4,3) : 1
(5,1,0,3,4,2,6) : 2
(5,1,0,3,4,6,2) : 2
(5,1,0,4,2,3,6) : 1
(5,1,0,6,4,2,3) : 1
(5,1,2) : 1
(5,1,2,0,3,4,6) : 1
(5,1,2,0,3,6,4) : 3
(5,1,2,0,6,3,4) : 1
(5,1,2,4,0,3,6) : 2
(5,1,2,4,0,6,3) : 1
(5,1,2,4,3,0,6) : 2
(5,1,2,4,6,0,3) : 1
(5,1,2,6,0,4,3) : 1
(5,1,3) : 1
(5,1,3,0,4,6,2) : 1
(5,1,3,4,2,0,6) : 1
(5,1,3,6,4,0,2) : 1
(5,1,4,2,0,6,3) : 1
(5,1,6) : 1
(5,1,6,0,2,3,4) : 1
(5,1,6,0,3,4,2) : 1
(5,1,6,0,4,3,2) : 1
(5,1,6,4,2,0,3) : 1
(5,2) : 128
(5,2,0,1,3,4,6) : 4
(5,2,0,1,3,6,4) : 11
(5,2,0,1,4,3,6) : 1
(5,2,0,1,4,6,3) : 2
(5,2,0,1,6,3,4) : 4
(5,2,0,3,1,6,4) : 2
(5,2,0,3,6,1,4) : 3
(5,2,0,4,1,3,6) : 1
(5,2,0,4,1,6,3) : 1
(5,2,0,6,1,3,4) : 1
(5,2,0,6,4,1,3) : 1
(5,2,1) : 4
(5,2,1,0) : 1
(5,2,1,0,3,4,6) : 4
(5,2,1,0,3,6,4) : 12
(5,2,1,0,4,3,6) : 1
(5,2,1,0,6,3,4) : 9
(5,2,1,0,6,4) : 1
(5,2,1,0,6,4,3) : 3
(5,2,1,3,0,4,6) : 1
(5,2,1,4,6,0,3) : 1
(5,2,1,6,0,3,4) : 1
(5,2,1,6,3,0,4) : 2
(5,2,1,6,4,0,3) : 2
(5,2,1,6,4,3,0) : 1
(5,2,3) : 1
(5,2,3,0,1,4,6) : 2
(5,2,3,0,1,6,4) : 1
(5,2,3,0,4,1,6) : 1
(5,2,3,0,6,1,4) : 2
(5,2,3,0,6,4,1) : 1
(5,2,3,1,0,4,6) : 1
(5,2,3,1,0,6,4) : 2
(5,2,3,4,0,1,6) : 1
(5,2,3,6,0,1,4) : 2
(5,2,3,6,1,0,4) : 2
(5,2,4,0,1,6,3) : 1
(5,2,4,1,0,6) : 1
(5,2,4,1,6,0,3) : 2
(5,2,4,6,1,0,3) : 1
(5,2,4,6,1,3,0) : 1
(5,2,6) : 1
(5,2,6,0,1,3,4) : 2
(5,2,6,0,1,4,3) : 5
(5,2,6,1,0,3,4) : 2
(5,2,6,1,3,0,4) : 1
(5,2,6,1,4,0,3) : 1
(5,2,6,3,0,1,4) : 2
(5,2,6,3,1,0,4) : 1
(5,2,6,4,1,0,3) : 1
(5,2,6,4,3,1,0) : 1
(5,3,0,4,1,2,6) : 1
(5,3,1,0,2,6,4) : 1
(5,3,1,0,4,6,2) : 1
(5,3,1,0,6,2,4) : 1
(5,3,1,0,6,4,2) : 2
(5,3,2,0,1,4,6) : 1
(5,3,2,6) : 1
(5,3,4,0,1,6,2) : 1
(5,3,4,2,6,1,0) : 1
(5,3,4,6,2,1,0) : 1
(5,4) : 3
(5,4,0,1,3,6,2) : 1
(5,4,0,1,6,3,2) : 2
(5,4,1) : 1
(5,4,1,0) : 1
(5,4,1,0,2,6,3) : 1
(5,4,1,0,6,2,3) : 1
(5,4,1,0,6,3,2) : 1
(5,4,2,1,0,3,6) : 2
(5,4,2,6,1,0,3) : 1
(5,4,3,1,0,2,6) : 2
(5,4,3,2,1,0,6) : 1
(5,4,3,2,6,1,0) : 1
(5,4,3,6,0,1,2) : 1
(5,4,6,0,1,3,2) : 2
(5,4,6,1,0,3,2) : 1
(5,4,6,2,1,0,3) : 1
(5,4,6,3,0,1,2) : 1
(5,6) : 6
(5,6,0,1,2,3,4) : 3
(5,6,0,1,3,2,4) : 1
(5,6,0,1,3,4,2) : 2
(5,6,1,0,2,3,4) : 2
(5,6,1,0,4,2,3) : 1
(5,6,1,2,3,0,4) : 1
(5,6,1,2,3,4,0) : 1
(5,6,2,1,0,3,4) : 1
(5,6,2,1,4,0,3) : 1
(5,6,2,3,0,1,4) : 1
(5,6,2,4,0,1,3) : 1
(5,6,2,4,0,3,1) : 1
(5,6,2,4,3,1,0) : 2
(5,6,3,0,1,2,4) : 1
(5,6,3,1,0,2,4) : 1
(5,6,3,2,0,1,4) : 1
(5,6,3,2,1,4,0) : 1
(5,6,4,1,0,2,3) : 1
(5,6,4,1,0,3,2) : 1
(5,6,4,2,1,0,3) : 1
(5,6,4,3,1,0,2) : 1
(6) : 4430
(6,0) : 18
(6,0,1) : 9
(6,0,1,2) : 1
(6,0,1,2,3,4) : 1
(6,0,1,2,3,4,5) : 20
(6,0,1,2,3,5,4) : 2
(6,0,1,2,4) : 1
(6,0,1,2,4,3,5) : 4
(6,0,1,2,4,5,3) : 3
(6,0,1,2,5,3,4) : 4
(6,0,1,2,5,4,3) : 4
(6,0,1,3,2,4,5) : 9
(6,0,1,3,2,5,4) : 2
(6,0,1,3,4,2) : 1
(6,0,1,3,4,2,5) : 5
(6,0,1,3,4,5,2) : 17
(6,0,1,3,5,2,4) : 8
(6,0,1,3,5,4,2) : 12
(6,0,1,4) : 2
(6,0,1,4,2,3,5) : 2
(6,0,1,4,2,5,3) : 1
(6,0,1,4,3,2) : 3
(6,0,1,4,3,2,5) : 18
(6,0,1,4,3,5,2) : 19
(6,0,1,4,5,2,3) : 5
(6,0,1,4,5,3,2) : 15
(6,0,1,5,2,3,4) : 1
(6,0,1,5,2,4,3) : 1
(6,0,1,5,3,4,2) : 2
(6,0,1,5,4,3,2) : 2
(6,0,2) : 1
(6,0,2,1,3,4,5) : 2
(6,0,2,1,3,5,4) : 1
(6,0,2,1,4,3,5) : 2
(6,0,2,1,5,4,3) : 2
(6,0,2,3,1,4,5) : 1
(6,0,2,3,4,5,1) : 2
(6,0,2,3,5,4,1) : 2
(6,0,2,5,3,4,1) : 1
(6,0,3,1) : 1
(6,0,3,1,2,4,5) : 2
(6,0,3,1,2,5,4) : 1
(6,0,3,1,4,2) : 1
(6,0,3,2,1,5,4) : 1
(6,0,3,2,5,4,1) : 1
(6,0,3,4,1,5,2) : 2
(6,0,3,4,2,5,1) : 2
(6,0,3,5,4,1,2) : 2
(6,0,3,5,4,2,1) : 1
(6,0,4) : 3
(6,0,4,1) : 1
(6,0,4,1,2,3,5) : 6
(6,0,4,1,2,5,3) : 1
(6,0,4,1,3,2,5) : 8
(6,0,4,1,3,5) : 1
(6,0,4,1,3,5,2) : 11
(6,0,4,1,5,2,3) : 1
(6,0,4,1,5,3,2) : 5
(6,0,4,2,1,3,5) : 2
(6,0,4,2,1,5,3) : 1
(6,0,4,3,1,2,5) : 1
(6,0,4,3,1,5,2) : 1
(6,0,4,3,2,1,5) : 3
(6,0,4,3,5,2,1) : 1
(6,0,4,5,1,2,3) : 1
(6,0,4,5,1,3,2) : 1
(6,0,4,5,3,2,1) : 1
(6,0,5) : 1
(6,0,5,1,2,3,4) : 1
(6,0,5,1,2,4,3) : 1
(6,0,5,1,3,4,2) : 1
(6,0,5,2,3,1,4) : 1
(6,0,5,3,4,1,2) : 2
(6,1) : 40
(6,1,0) : 5
(6,1,0,2,3,4,5) : 25
(6,1,0,2,3,5,4) : 7
(6,1,0,2,4,3,5) : 13
(6,1,0,2,4,5,3) : 2
(6,1,0,2,5,3,4) : 1
(6,1,0,2,5,4,3) : 3
(6,1,0,3,2,4,5) : 2
(6,1,0,3,2,5,4) : 2
(6,1,0,3,4,2,5) : 5
(6,1,0,3,4,5,2) : 18
(6,1,0,3,5,2,4) : 2
(6,1,0,3,5,4,2) : 6
(6,1,0,4) : 2
(6,1,0,4,2,3,5) : 17
(6,1,0,4,2,5) : 1
(6,1,0,4,2,5,3) : 3
(6,1,0,4,3,2,5) : 10
(6,1,0,4,3,5,2) : 31
(6,1,0,4,5,2) : 1
(6,1,0,4,5,2,3) : 6
(6,1,0,4,5,3,2) : 19
(6,1,0,5,2,3,4) : 1
(6,1,0,5,2,4,3) : 2
(6,1,0,5,3,2,4) : 1
(6,1,0,5,3,4,2) : 6
(6,1,0,5,4,3,2) : 10
(6,1,2) : 6
(6,1,2,0,3,4,5) : 1
(6,1,2,0,3,5,4) : 4
(6,1,2,0,4) : 1
(6,1,2,0,4,3,5) : 5
(6,1,2,0,4,5,3) : 1
(6,1,2,3,0,4,5) : 2
(6,1,2,3,4,0,5) : 2
(6,1,2,3,4,5,0) : 5
(6,1,2,4) : 1
(6,1,2,4,0,3,5) : 7
(6,1,2,4,0,5,3) : 4
(6,1,2,4,3,5,0) : 2
(6,1,2,4,5,0,3) : 2
(6,1,2,4,5,3,0) : 3
(6,1,3) : 2
(6,1,3,0,4,2,5) : 1
(6,1,3,0,4,5,2) : 4
(6,1,3,0,5,4,2) : 3
(6,1,3,2,0,4,5) : 3
(6,1,3,2,4,0) : 1
(6,1,3,2,4,5,0) : 1
(6,1,3,4,0,2,5) : 1
(6,1,3,4,0,5,2) : 1
(6,1,3,4,2,0,5) : 1
(6,1,3,4,5,0,2) : 2
(6,1,3,4,5,2,0) : 1
(6,1,4) : 23
(6,1,4,0) : 3
(6,1,4,0,2,3,5) : 32
(6,1,4,0,2,5,3) : 5
(6,1,4,0,3) : 1
(6,1,4,0,3,2,5) : 26
(6,1,4,0,3,5) : 1
(6,1,4,0,3,5,2) : 60
(6,1,4,0,5,2,3) : 6
(6,1,4,0,5,3) : 1
(6,1,4,0,5,3,2) : 67
(6,1,4,2,0) : 1
(6,1,4,2,0,3) : 1
(6,1,4,2,0,3,5) : 10
(6,1,4,2,0,5) : 1
(6,1,4,2,0,5,3) : 6
(6,1,4,2,3,0,5) : 2
(6,1,4,2,3,5,0) : 1
(6,1,4,3,0,2,5) : 7
(6,1,4,3,0,5,2) : 8
(6,1,4,3,5,0,2) : 2
(6,1,4,3,5,2,0) : 1
(6,1,4,5,0,2) : 1
(6,1,4,5,0,2,3) : 3
(6,1,4,5,0,3,2) : 10
(6,1,4,5,2,0,3) : 2
(6,1,4,5,3) : 1
(6,1,4,5,3,0,2) : 7
(6,1,4,5,3,2,0) : 3
(6,1,5,0,3,4,2) : 1
(6,1,5,0,4,3) : 1
(6,1,5,0,4,3,2) : 2
(6,1,5,2,4,0,3) : 1
(6,1,5,2,4,3,0) : 1
(6,1,5,3,0,4,2) : 1
(6,1,5,4,0,2,3) : 1
(6,2) : 59
(6,2,0) : 2
(6,2,0,1) : 1
(6,2,0,1,3,4) : 1
(6,2,0,1,3,4,5) : 23
(6,2,0,1,3,5,4) : 10
(6,2,0,1,4,3,5) : 8
(6,2,0,1,4,5,3) : 4
(6,2,0,1,5,3,4) : 1
(6,2,0,1,5,4,3) : 1
(6,2,0,3,1,4,5) : 1
(6,2,0,3,5,1,4) : 1
(6,2,0,3,5,4,1) : 1
(6,2,0,4,1,3,5) : 2
(6,2,0,4,1,5) : 1
(6,2,0,4,1,5,3) : 1
(6,2,0,4,3,1,5) : 1
(6,2,0,4,3,5) : 1
(6,2,1) : 6
(6,2,1,0,3,4,5) : 16
(6,2,1,0,3,5,4) : 6
(6,2,1,0,4,3,5) : 8
(6,2,1,0,4,5,3) : 3
(6,2,1,0,5,3,4) : 3
(6,2,1,0,5,4,3) : 6
(6,2,1,3,0,4,5) : 2
(6,2,1,3,0,5,4) : 1
(6,2,1,3,4,5,0) : 2
(6,2,1,3,5,4,0) : 1
(6,2,1,4,0,3,5) : 6
(6,2,1,4,0,5,3) : 1
(6,2,1,4,3,0,5) : 5
(6,2,1,4,3,5,0) : 1
(6,2,1,4,5,0,3) : 1
(6,2,1,4,5,3,0) : 1
(6,2,1,5,4,0,3) : 1
(6,2,1,5,4,3,0) : 2
(6,2,3) : 1
(6,2,3,0,1,4,5) : 1
(6,2,3,0,4,1,5) : 1
(6,2,3,0,4,5,1) : 1
(6,2,3,0,5,1,4) : 1
(6,2,3,1,0,4,5) : 3
(6,2,3,1,0,5,4) : 5
(6,2,3,4,0,1,5) : 1
(6,2,3,4,1,0,5) : 2
(6,2,3,4,5,0,1) : 1
(6,2,3,4,5,1,0) : 3
(6,2,3,5,0,1,4) : 2
(6,2,3,5,4,1,0) : 2
(6,2,4) : 12
(6,2,4,0,1,3,5) : 16
(6,2,4,0,1,5) : 1
(6,2,4,0,1,5,3) : 4
(6,2,4,0,3,5,1) : 1
(6,2,4,0,5,3,1) : 1
(6,2,4,1) : 1
(6,2,4,1,0,3,5) : 19
(6,2,4,1,0,5,3) : 11
(6,2,4,1,3,0,5) : 1
(6,2,4,1,3,5,0) : 1
(6,2,4,1,5,0,3) : 1
(6,2,4,3,1,0,5) : 10
(6,2,4,3,5,0,1) : 2
(6,2,4,3,5,1,0) : 3
(6,2,4,5,0,3,1) : 1
(6,2,4,5,1,0,3) : 5
(6,2,4,5,3,0,1) : 1
(6,2,4,5,3,1,0) : 8
(6,2,5) : 1
(6,2,5,1,0,3,4) : 2
(6,2,5,1,0,4,3) : 1
(6,2,5,1,4,3,0) : 1
(6,2,5,4,0,1,3) : 1
(6,2,5,4,0,3,1) : 2
(6,2,5,4,1,3,0) : 1
(6,2,5,4,3,1,0) : 1
(6,3) : 11
(6,3,0,1,2,4,5) : 4
(6,3,0,1,2,5,4) : 1
(6,3,0,1,4,2,5) : 1
(6,3,0,1,4,5,2) : 1
(6,3,0,1,5,2,4) : 3
(6,3,0,1,5,4,2) : 3
(6,3,0,2,4,1) : 1
(6,3,0,2,5,4,1) : 1
(6,3,0,4,1,5,2) : 1
(6,3,0,4,5,2,1) : 1
(6,3,0,5,4,1,2) : 1
(6,3,1) : 3
(6,3,1,0) : 1
(6,3,1,0,2,4,5) : 6
(6,3,1,0,2,5,4) : 1
(6,3,1,0,4,2,5) : 5
(6,3,1,0,4,5,2) : 6
(6,3,1,0,5,2,4) : 1
(6,3,1,0,5,4,2) : 3
(6,3,1,2,0,5,4) : 1
(6,3,1,5,0,2,4) : 2
(6,3,2,1,0,4,5) : 5
(6,3,2,1,0,5,4) : 1
(6,3,2,1,4,0,5) : 1
(6,3,2,4,1,0,5) : 1
(6,3,2,4,1,5,0) : 1
(6,3,2,4,5,1,0) : 2
(6,3,2,5,0,1,4) : 1
(6,3,4) : 4
(6,3,4,0,1,2,5) : 4
(6,3,4,0,1,5,2) : 1
(6,3,4,0,2,1,5) : 1
(6,3,4,1,0,2,5) : 2
(6,3,4,1,0,5) : 1
(6,3,4,1,0,5,2) : 3
(6,3,4,1,2,0,5) : 1
(6,3,4,5,0,1,2) : 3
(6,3,4,5,1,0,2) : 1
(6,3,4,5,2,1,0) : 4
(6,3,5,1,0,2,4) : 2
(6,3,5,2,1,4,0) : 1
(6,3,5,4,0,1,2) : 2
(6,3,5,4,1,0,2) : 1
(6,3,5,4,2,1,0) : 1
(6,4) : 509
(6,4,0) : 21
(6,4,0,1) : 11
(6,4,0,1,2) : 1
(6,4,0,1,2,3) : 1
(6,4,0,1,2,3,5) : 86
(6,4,0,1,2,5,3) : 15
(6,4,0,1,3) : 1
(6,4,0,1,3,2) : 3
(6,4,0,1,3,2,5) : 105
(6,4,0,1,3,5,2) : 183
(6,4,0,1,5) : 1
(6,4,0,1,5,2,3) : 9
(6,4,0,1,5,3) : 1
(6,4,0,1,5,3,2) : 74
(6,4,0,2) : 1
(6,4,0,2,1,3,5) : 7
(6,4,0,2,1,5,3) : 4
(6,4,0,2,3,1,5) : 1
(6,4,0,2,3,5,1) : 1
(6,4,0,2,5,3,1) : 1
(6,4,0,3,1,2,5) : 9
(6,4,0,3,1,5,2) : 7
(6,4,0,3,2,1,5) : 2
(6,4,0,3,5,1,2) : 3
(6,4,0,3,5,2,1) : 3
(6,4,0,5,1,3,2) : 2
(6,4,0,5,3,1,2) : 4
(6,4,0,5,3,2,1) : 5
(6,4,1) : 40
(6,4,1,0) : 35
(6,4,1,0,2) : 2
(6,4,1,0,2,3) : 3
(6,4,1,0,2,3,5) : 135
(6,4,1,0,2,5,3) : 24
(6,4,1,0,3) : 5
(6,4,1,0,3,2) : 7
(6,4,1,0,3,2,5) : 169
(6,4,1,0,3,5) : 2
(6,4,1,0,3,5,2) : 387
(6,4,1,0,5) : 5
(6,4,1,0,5,2) : 1
(6,4,1,0,5,2,3) : 28
(6,4,1,0,5,3) : 8
(6,4,1,0,5,3,2) : 3336
(6,4,1,2) : 2
(6,4,1,2,0) : 1
(6,4,1,2,0,3,5) : 23
(6,4,1,2,0,5) : 2
(6,4,1,2,0,5,3) : 6
(6,4,1,2,3,0,5) : 9
(6,4,1,2,3,5) : 1
(6,4,1,2,3,5,0) : 1
(6,4,1,2,5,0) : 1
(6,4,1,2,5,3,0) : 3
(6,4,1,3) : 1
(6,4,1,3,0,2,5) : 10
(6,4,1,3,0,5,2) : 17
(6,4,1,3,2,0,5) : 2
(6,4,1,3,2,5) : 1
(6,4,1,3,2,5,0) : 1
(6,4,1,3,5,0,2) : 6
(6,4,1,3,5,2,0) : 2
(6,4,1,5,0,2,3) : 3
(6,4,1,5,0,3,2) : 7
(6,4,1,5,3,0,2) : 3
(6,4,1,5,3,2) : 1
(6,4,1,5,3,2,0) : 3
(6,4,2) : 25
(6,4,2,0) : 1
(6,4,2,0,1,3,5) : 27
(6,4,2,0,1,5,3) : 4
(6,4,2,0,3,1,5) : 3
(6,4,2,0,3,5,1) : 1
(6,4,2,0,5,1) : 1
(6,4,2,0,5,3,1) : 1
(6,4,2,1) : 1
(6,4,2,1,0,3) : 1
(6,4,2,1,0,3,5) : 41
(6,4,2,1,0,5) : 3
(6,4,2,1,0,5,3) : 7
(6,4,2,1,3,5,0) : 1
(6,4,2,1,5,0,3) : 2
(6,4,2,1,5,3,0) : 2
(6,4,2,3,0,1) : 1
(6,4,2,3,0,1,5) : 5
(6,4,2,3,0,5,1) : 2
(6,4,2,3,1,0,5) : 14
(6,4,2,3,1,5,0) : 1
(6,4,2,3,5,0,1) : 3
(6,4,2,3,5,1,0) : 5
(6,4,2,5,0,1) : 1
(6,4,2,5,0,1,3) : 1
(6,4,2,5,1,0,3) : 1
(6,4,2,5,1,3,0) : 1
(6,4,2,5,3,0,1) : 1
(6,4,3) : 12
(6,4,3,0,1,2,5) : 19
(6,4,3,0,1,5) : 1
(6,4,3,0,1,5,2) : 28
(6,4,3,0,2,1,5) : 2
(6,4,3,0,2,5,1) : 2
(6,4,3,0,5,1,2) : 3
(6,4,3,0,5,2,1) : 2
(6,4,3,1) : 1
(6,4,3,1,0) : 2
(6,4,3,1,0,2,5) : 29
(6,4,3,1,0,5,2) : 43
(6,4,3,1,2,0) : 1
(6,4,3,1,2,0,5) : 1
(6,4,3,1,2,5) : 1
(6,4,3,1,5,0,2) : 1
(6,4,3,1,5,2) : 1
(6,4,3,1,5,2,0) : 1
(6,4,3,2,0,1,5) : 1
(6,4,3,2,0,5,1) : 1
(6,4,3,2,1,0,5) : 16
(6,4,3,2,1,5,0) : 2
(6,4,3,2,5,0,1) : 1
(6,4,3,2,5,1,0) : 1
(6,4,3,5,0,1,2) : 10
(6,4,3,5,1,0,2) : 6
(6,4,3,5,2,0,1) : 1
(6,4,3,5,2,1,0) : 4
(6,4,5) : 4
(6,4,5,0) : 1
(6,4,5,0,1,2,3) : 5
(6,4,5,0,1,3,2) : 12
(6,4,5,0,2,1,3) : 1
(6,4,5,0,2,3,1) : 1
(6,4,5,0,3,2,1) : 1
(6,4,5,1,0,2) : 1
(6,4,5,1,0,2,3) : 3
(6,4,5,1,0,3,2) : 14
(6,4,5,1,2,3,0) : 1
(6,4,5,1,3,0,2) : 1
(6,4,5,1,3,2) : 1
(6,4,5,2,0,3,1) : 1
(6,4,5,2,1,0,3) : 2
(6,4,5,2,1,3,0) : 1
(6,4,5,2,3,0,1) : 1
(6,4,5,2,3,1,0) : 1
(6,4,5,3,0,1) : 1
(6,4,5,3,0,1,2) : 9
(6,4,5,3,0,2,1) : 5
(6,4,5,3,1,0,2) : 23
(6,4,5,3,1,2,0) : 2
(6,4,5,3,2,1,0) : 14
(6,5) : 12
(6,5,0,1,2,3,4) : 3
(6,5,0,1,2,4,3) : 1
(6,5,0,1,3,2,4) : 2
(6,5,0,1,3,4,2) : 1
(6,5,0,1,4,3,2) : 2
(6,5,0,2,1,3,4) : 1
(6,5,0,3,2,1,4) : 1
(6,5,0,4,1,3,2) : 2
(6,5,0,4,2,1,3) : 1
(6,5,1,0,2,3,4) : 2
(6,5,1,0,2,4,3) : 3
(6,5,1,0,3,2,4) : 2
(6,5,1,0,3,4,2) : 7
(6,5,1,0,4,2,3) : 4
(6,5,1,0,4,3,2) : 15
(6,5,1,2,0,4) : 1
(6,5,1,2,3,4,0) : 1
(6,5,1,2,4,3,0) : 2
(6,5,1,4,2,0,3) : 1
(6,5,1,4,3,0,2) : 1
(6,5,2,0,1,3,4) : 1
(6,5,2,0,1,4,3) : 1
(6,5,2,0,3,1,4) : 1
(6,5,2,0,4,3,1) : 1
(6,5,2,1,0,3,4) : 5
(6,5,2,3,0,4,1) : 2
(6,5,2,4,1,0,3) : 3
(6,5,2,4,3,0,1) : 1
(6,5,3) : 1
(6,5,3,0,1,2,4) : 1
(6,5,3,0,1,4,2) : 4
(6,5,3,0,4,2) : 1
(6,5,3,1,0,2,4) : 2
(6,5,3,1,0,4,2) : 4
(6,5,3,1,4,2) : 1
(6,5,3,2,0,1,4) : 1
(6,5,3,2,1,0,4) : 2
(6,5,3,2,4,0,1) : 1
(6,5,3,4,0,1,2) : 1
(6,5,3,4,1,0,2) : 2
(6,5,3,4,2,1,0) : 4
(6,5,4) : 2
(6,5,4,0,1,2,3) : 6
(6,5,4,0,1,3,2) : 3
(6,5,4,0,3,1,2) : 1
(6,5,4,1,0,2,3) : 3
(6,5,4,1,0,3,2) : 7
(6,5,4,1,2,0,3) : 1
(6,5,4,2,1,0,3) : 1
(6,5,4,2,3,1,0) : 1
(6,5,4,3) : 1
(6,5,4,3,0,1,2) : 4
(6,5,4,3,0,2,1) : 1
(6,5,4,3,1,0,2) : 3
(6,5,4,3,2,1,0) : 38
