0, 1, 2, 3, 4
LIB,GRN,LAB,NLT,CDP
-+-+-+-+-
() : 61
(0) : 26255
(0,1) : 701
(0,1,2) : 129
(0,1,2,3) : 15
(0,1,2,3,4) : 1034
(0,1,2,4,3) : 179
(0,1,3) : 21
(0,1,3,2) : 1
(0,1,3,2,4) : 337
(0,1,3,4) : 4
(0,1,3,4,2) : 177
(0,1,4) : 4
(0,1,4,2) : 1
(0,1,4,2,3) : 66
(0,1,4,3,2) : 99
(0,2) : 171
(0,2,1) : 70
(0,2,1,3) : 8
(0,2,1,3,4) : 514
(0,2,1,4,3) : 108
(0,2,3) : 4
(0,2,3,1) : 1
(0,2,3,1,4) : 112
(0,2,3,4,1) : 77
(0,2,4) : 4
(0,2,4,1) : 1
(0,2,4,1,3) : 38
(0,2,4,3,1) : 47
(0,3) : 153
(0,3,1) : 15
(0,3,1,2) : 4
(0,3,1,2,4) : 198
(0,3,1,4,2) : 80
(0,3,2) : 6
(0,3,2,1) : 4
(0,3,2,1,4) : 149
(0,3,2,4,1) : 62
(0,3,4) : 8
(0,3,4,1) : 1
(0,3,4,1,2) : 190
(0,3,4,2) : 1
(0,3,4,2,1) : 191
(0,4) : 192
(0,4,1) : 8
(0,4,1,2) : 1
(0,4,1,2,3) : 69
(0,4,1,3,2) : 63
(0,4,2) : 3
(0,4,2,1) : 1
(0,4,2,1,3) : 96
(0,4,2,3) : 1
(0,4,2,3,1) : 71
(0,4,3) : 6
(0,4,3,1,2) : 154
(0,4,3,2) : 1
(0,4,3,2,1) : 248
(1) : 4073
(1,0) : 234
(1,0,2) : 66
(1,0,2,3) : 3
(1,0,2,3,4) : 446
(1,0,2,4,3) : 75
(1,0,3) : 1
(1,0,3,2) : 1
(1,0,3,2,4) : 70
(1,0,3,4) : 1
(1,0,3,4,2) : 21
(1,0,4) : 1
(1,0,4,2,3) : 8
(1,0,4,3,2) : 11
(1,2) : 559
(1,2,0) : 106
(1,2,0,3) : 2
(1,2,0,3,4) : 898
(1,2,0,4) : 1
(1,2,0,4,3) : 139
(1,2,3) : 18
(1,2,3,0) : 4
(1,2,3,0,4) : 536
(1,2,3,4) : 3
(1,2,3,4,0) : 399
(1,2,4) : 2
(1,2,4,0,3) : 28
(1,2,4,3) : 1
(1,2,4,3,0) : 91
(1,3) : 38
(1,3,0,2) : 4
(1,3,0,2,4) : 43
(1,3,0,4,2) : 3
(1,3,2) : 8
(1,3,2,0) : 1
(1,3,2,0,4) : 73
(1,3,2,4,0) : 30
(1,3,4) : 3
(1,3,4,0,2) : 12
(1,3,4,2,0) : 26
(1,4) : 5
(1,4,0) : 2
(1,4,0,2,3) : 8
(1,4,0,3,2) : 4
(1,4,2) : 1
(1,4,2,0,3) : 10
(1,4,2,3,0) : 3
(1,4,3,0,2) : 4
(1,4,3,2,0) : 24
(2) : 2641
(2,0) : 55
(2,0,1) : 27
(2,0,1,3) : 1
(2,0,1,3,4) : 191
(2,0,1,4,3) : 32
(2,0,3) : 3
(2,0,3,1) : 1
(2,0,3,1,4) : 27
(2,0,3,4,1) : 12
(2,0,4,1,3) : 9
(2,0,4,3,1) : 16
(2,1) : 351
(2,1,0) : 63
(2,1,0,3) : 1
(2,1,0,3,4) : 469
(2,1,0,4,3) : 83
(2,1,3) : 15
(2,1,3,0) : 4
(2,1,3,0,4) : 358
(2,1,3,4) : 3
(2,1,3,4,0) : 1280
(2,1,4) : 4
(2,1,4,0) : 1
(2,1,4,0,3) : 27
(2,1,4,3) : 1
(2,1,4,3,0) : 114
(2,3) : 20
(2,3,0) : 1
(2,3,0,1,4) : 14
(2,3,0,4,1) : 8
(2,3,1) : 2
(2,3,1,0,4) : 51
(2,3,1,4) : 1
(2,3,1,4,0) : 54
(2,3,4) : 3
(2,3,4,0,1) : 17
(2,3,4,1,0) : 60
(2,4) : 15
(2,4,0,1,3) : 8
(2,4,0,3,1) : 4
(2,4,1) : 3
(2,4,1,0,3) : 7
(2,4,1,3,0) : 15
(2,4,3,0,1) : 10
(2,4,3,1) : 1
(2,4,3,1,0) : 14
(3) : 312
(3,0) : 19
(3,0,1) : 2
(3,0,1,2) : 1
(3,0,1,2,4) : 14
(3,0,1,4,2) : 6
(3,0,2) : 2
(3,0,2,1,4) : 10
(3,0,2,4,1) : 10
(3,0,4) : 1
(3,0,4,1,2) : 4
(3,0,4,2,1) : 8
(3,1) : 13
(3,1,0,2) : 1
(3,1,0,2,4) : 12
(3,1,0,4,2) : 2
(3,1,2,0,4) : 14
(3,1,2,4,0) : 4
(3,1,4,2,0) : 9
(3,2) : 8
(3,2,0) : 1
(3,2,0,1,4) : 2
(3,2,0,4,1) : 4
(3,2,1,0,4) : 13
(3,2,1,4,0) : 10
(3,2,4,1,0) : 9
(3,4) : 2
(3,4,0,1,2) : 3
(3,4,0,2,1) : 5
(3,4,1,0,2) : 4
(3,4,1,2,0) : 5
(3,4,2,0,1) : 1
(3,4,2,1,0) : 6
(4) : 207
(4,0) : 43
(4,0,1,2,3) : 12
(4,0,1,3,2) : 6
(4,0,2,1) : 1
(4,0,2,1,3) : 10
(4,0,2,3,1) : 17
(4,0,3,1,2) : 6
(4,0,3,2,1) : 31
(4,1) : 4
(4,1,0,2,3) : 2
(4,1,2,0,3) : 4
(4,1,2,3,0) : 4
(4,1,3,0,2) : 1
(4,1,3,2,0) : 4
(4,2) : 5
(4,2,0) : 2
(4,2,0,1,3) : 7
(4,2,0,3,1) : 4
(4,2,1,0,3) : 3
(4,2,1,3,0) : 3
(4,2,3,1,0) : 3
(4,3) : 2
(4,3,0,1,2) : 4
(4,3,0,2,1) : 10
(4,3,1,0,2) : 1
(4,3,1,2,0) : 2
(4,3,2,0,1) : 6
(4,3,2,1,0) : 15
