0, 1, 2, 3, 4
NLT,GRN,CLP,NP,CDP
-+-+-+-+-
() : 151
(0) : 618
(0,1) : 16
(0,1,2) : 2
(0,1,2,3) : 6
(0,1,2,3,4) : 120
(0,1,2,4,3) : 13
(0,1,3,2,4) : 15
(0,1,3,4,2) : 4
(0,1,4) : 1
(0,1,4,2,3) : 7
(0,1,4,3,2) : 6
(0,2) : 19
(0,2,1) : 1
(0,2,1,3) : 1
(0,2,1,3,4) : 26
(0,2,1,4,3) : 14
(0,2,3) : 6
(0,2,3,1) : 2
(0,2,3,1,4) : 22
(0,2,3,4,1) : 34
(0,2,4) : 3
(0,2,4,1,3) : 13
(0,2,4,3,1) : 11
(0,3) : 19
(0,3,1) : 2
(0,3,1,2,4) : 13
(0,3,1,4,2) : 3
(0,3,2) : 1
(0,3,2,1,4) : 24
(0,3,2,4) : 1
(0,3,2,4,1) : 19
(0,3,4,1) : 1
(0,3,4,1,2) : 7
(0,3,4,2,1) : 20
(0,4) : 1
(0,4,1,2,3) : 10
(0,4,1,3,2) : 7
(0,4,2,1,3) : 3
(0,4,2,3,1) : 7
(0,4,3) : 1
(0,4,3,1,2) : 9
(0,4,3,2,1) : 8
(1) : 750
(1,0) : 12
(1,0,2) : 1
(1,0,2,3,4) : 68
(1,0,2,4,3) : 17
(1,0,3,2,4) : 16
(1,0,3,4,2) : 8
(1,0,4,2,3) : 10
(1,0,4,3,2) : 4
(1,2) : 128
(1,2,0) : 5
(1,2,0,3) : 1
(1,2,0,3,4) : 116
(1,2,0,4,3) : 64
(1,2,3) : 14
(1,2,3,0) : 1
(1,2,3,0,4) : 157
(1,2,3,4) : 1
(1,2,3,4,0) : 44
(1,2,4,0,3) : 23
(1,2,4,3,0) : 20
(1,3) : 31
(1,3,0,2,4) : 16
(1,3,0,4,2) : 2
(1,3,2) : 4
(1,3,2,0,4) : 57
(1,3,2,4,0) : 20
(1,3,4,0) : 1
(1,3,4,0,2) : 5
(1,3,4,2,0) : 15
(1,4) : 1
(1,4,0,2,3) : 5
(1,4,0,3,2) : 5
(1,4,2) : 1
(1,4,2,0,3) : 5
(1,4,2,3,0) : 8
(1,4,3,0,2) : 2
(1,4,3,2,0) : 4
(2) : 6712
(2,0) : 40
(2,0,1) : 6
(2,0,1,3) : 2
(2,0,1,3,4) : 165
(2,0,1,4) : 1
(2,0,1,4,3) : 146
(2,0,3) : 5
(2,0,3,1,4) : 82
(2,0,3,4) : 1
(2,0,3,4,1) : 75
(2,0,4,1) : 3
(2,0,4,1,3) : 86
(2,0,4,3,1) : 64
(2,1) : 171
(2,1,0) : 16
(2,1,0,3) : 3
(2,1,0,3,4) : 323
(2,1,0,4) : 1
(2,1,0,4,3) : 353
(2,1,3) : 19
(2,1,3,0) : 2
(2,1,3,0,4) : 264
(2,1,3,4) : 1
(2,1,3,4,0) : 156
(2,1,4) : 4
(2,1,4,0) : 4
(2,1,4,0,3) : 1442
(2,1,4,3) : 2
(2,1,4,3,0) : 71
(2,3) : 268
(2,3,0) : 11
(2,3,0,1) : 2
(2,3,0,1,4) : 250
(2,3,0,4) : 1
(2,3,0,4,1) : 137
(2,3,1) : 17
(2,3,1,0) : 3
(2,3,1,0,4) : 347
(2,3,1,4) : 5
(2,3,1,4,0) : 141
(2,3,4) : 6
(2,3,4,0) : 5
(2,3,4,0,1) : 171
(2,3,4,1) : 1
(2,3,4,1,0) : 271
(2,4) : 26
(2,4,0) : 2
(2,4,0,1,3) : 84
(2,4,0,3) : 1
(2,4,0,3,1) : 39
(2,4,1) : 6
(2,4,1,0,3) : 71
(2,4,1,3) : 1
(2,4,1,3,0) : 28
(2,4,3) : 4
(2,4,3,0,1) : 59
(2,4,3,1) : 1
(2,4,3,1,0) : 75
(3) : 21838
(3,0) : 87
(3,0,1) : 2
(3,0,1,2) : 5
(3,0,1,2,4) : 188
(3,0,1,4) : 2
(3,0,1,4,2) : 82
(3,0,2) : 5
(3,0,2,1) : 2
(3,0,2,1,4) : 129
(3,0,2,4) : 2
(3,0,2,4,1) : 153
(3,0,4) : 7
(3,0,4,1) : 2
(3,0,4,1,2) : 157
(3,0,4,2) : 1
(3,0,4,2,1) : 232
(3,1) : 101
(3,1,0) : 2
(3,1,0,2) : 2
(3,1,0,2,4) : 135
(3,1,0,4) : 3
(3,1,0,4,2) : 69
(3,1,2) : 14
(3,1,2,0) : 3
(3,1,2,0,4) : 186
(3,1,2,4) : 1
(3,1,2,4,0) : 110
(3,1,4) : 2
(3,1,4,0) : 2
(3,1,4,0,2) : 41
(3,1,4,2) : 2
(3,1,4,2,0) : 64
(3,2) : 396
(3,2,0) : 9
(3,2,0,1) : 3
(3,2,0,1,4) : 354
(3,2,0,4) : 2
(3,2,0,4,1) : 240
(3,2,1) : 33
(3,2,1,0) : 7
(3,2,1,0,4) : 579
(3,2,1,4) : 2
(3,2,1,4,0) : 255
(3,2,4) : 14
(3,2,4,0) : 2
(3,2,4,0,1) : 241
(3,2,4,1) : 5
(3,2,4,1,0) : 338
(3,4) : 2589
(3,4,0) : 12
(3,4,0,1) : 7
(3,4,0,1,2) : 548
(3,4,0,2) : 1
(3,4,0,2,1) : 496
(3,4,1) : 10
(3,4,1,0) : 3
(3,4,1,0,2) : 171
(3,4,1,2,0) : 126
(3,4,2) : 30
(3,4,2,0,1) : 367
(3,4,2,1) : 5
(3,4,2,1,0) : 602
(4) : 463
(4,0) : 2
(4,0,1,2,3) : 14
(4,0,1,3,2) : 6
(4,0,2) : 1
(4,0,2,1,3) : 5
(4,0,2,3,1) : 10
(4,0,3) : 1
(4,0,3,1,2) : 2
(4,0,3,2,1) : 5
(4,1) : 1
(4,1,0) : 1
(4,1,0,2,3) : 7
(4,1,0,3,2) : 4
(4,1,2,0,3) : 3
(4,1,2,3,0) : 6
(4,1,3,0,2) : 2
(4,1,3,2) : 1
(4,1,3,2,0) : 2
(4,2) : 18
(4,2,0) : 1
(4,2,0,1,3) : 5
(4,2,0,3,1) : 6
(4,2,1) : 1
(4,2,1,0,3) : 8
(4,2,1,3,0) : 10
(4,2,3) : 4
(4,2,3,0) : 1
(4,2,3,0,1) : 15
(4,2,3,1,0) : 23
(4,3) : 93
(4,3,0) : 2
(4,3,0,1) : 1
(4,3,0,1,2) : 24
(4,3,0,2) : 1
(4,3,0,2,1) : 105
(4,3,1,0,2) : 6
(4,3,1,2,0) : 18
(4,3,2) : 9
(4,3,2,0) : 1
(4,3,2,0,1) : 91
(4,3,2,1) : 2
(4,3,2,1,0) : 90
