0, 1, 2, 3, 4, 5
LAB,GRN,LIB,IND,CDP,NLT
-+-+-+-+-
() : 625
(0) : 6993
(0,1) : 887
(0,1,2) : 38
(0,1,2,3) : 3
(0,1,2,3,4) : 2
(0,1,2,3,4,5) : 123
(0,1,2,3,5,4) : 191
(0,1,2,4) : 1
(0,1,2,4,3,5) : 27
(0,1,2,4,5,3) : 10
(0,1,2,5) : 1
(0,1,2,5,3,4) : 37
(0,1,2,5,4,3) : 11
(0,1,3) : 133
(0,1,3,2) : 14
(0,1,3,2,4) : 4
(0,1,3,2,4,5) : 510
(0,1,3,2,5) : 2
(0,1,3,2,5,4) : 451
(0,1,3,4) : 4
(0,1,3,4,2) : 5
(0,1,3,4,2,5) : 86
(0,1,3,4,5) : 2
(0,1,3,4,5,2) : 391
(0,1,3,5) : 8
(0,1,3,5,2) : 1
(0,1,3,5,2,4) : 834
(0,1,3,5,4) : 4
(0,1,3,5,4,2) : 6064
(0,1,4) : 12
(0,1,4,2,3) : 1
(0,1,4,2,3,5) : 15
(0,1,4,2,5,3) : 5
(0,1,4,3,2) : 1
(0,1,4,3,2,5) : 34
(0,1,4,3,5) : 2
(0,1,4,3,5,2) : 61
(0,1,4,5,2) : 2
(0,1,4,5,2,3) : 10
(0,1,4,5,3,2) : 47
(0,1,5) : 9
(0,1,5,2,3,4) : 17
(0,1,5,2,4) : 1
(0,1,5,2,4,3) : 6
(0,1,5,3) : 6
(0,1,5,3,2) : 1
(0,1,5,3,2,4) : 176
(0,1,5,3,4,2) : 204
(0,1,5,4,2) : 1
(0,1,5,4,2,3) : 14
(0,1,5,4,3,2) : 56
(0,2) : 97
(0,2,1) : 23
(0,2,1,3) : 1
(0,2,1,3,4) : 2
(0,2,1,3,4,5) : 86
(0,2,1,3,5,4) : 63
(0,2,1,4,3,5) : 17
(0,2,1,4,5,3) : 4
(0,2,1,5,3,4) : 7
(0,2,1,5,4,3) : 6
(0,2,3) : 9
(0,2,3,1) : 4
(0,2,3,1,4,5) : 58
(0,2,3,1,5,4) : 40
(0,2,3,4,1,5) : 11
(0,2,3,4,5,1) : 21
(0,2,3,5,1,4) : 13
(0,2,3,5,4,1) : 19
(0,2,4) : 8
(0,2,4,1,3,5) : 14
(0,2,4,1,5,3) : 4
(0,2,4,3,1,5) : 10
(0,2,4,3,5,1) : 9
(0,2,4,5,1,3) : 2
(0,2,4,5,3,1) : 10
(0,2,5) : 2
(0,2,5,1,3,4) : 7
(0,2,5,1,4,3) : 1
(0,2,5,3,1,4) : 15
(0,2,5,3,4,1) : 8
(0,2,5,4,1,3) : 2
(0,2,5,4,3,1) : 5
(0,3) : 71
(0,3,1) : 24
(0,3,1,2) : 6
(0,3,1,2,4,5) : 78
(0,3,1,2,5) : 1
(0,3,1,2,5,4) : 76
(0,3,1,4,2) : 1
(0,3,1,4,2,5) : 15
(0,3,1,4,5) : 1
(0,3,1,4,5,2) : 58
(0,3,1,5,2,4) : 69
(0,3,1,5,4,2) : 129
(0,3,2) : 5
(0,3,2,1) : 1
(0,3,2,1,4) : 2
(0,3,2,1,4,5) : 33
(0,3,2,1,5,4) : 29
(0,3,2,4,1,5) : 5
(0,3,2,4,5) : 1
(0,3,2,4,5,1) : 12
(0,3,2,5,1,4) : 19
(0,3,2,5,4,1) : 21
(0,3,4) : 2
(0,3,4,1,2,5) : 9
(0,3,4,1,5) : 1
(0,3,4,1,5,2) : 13
(0,3,4,2,1,5) : 9
(0,3,4,2,5,1) : 4
(0,3,4,5,1) : 3
(0,3,4,5,1,2) : 26
(0,3,4,5,2) : 1
(0,3,4,5,2,1) : 19
(0,3,5) : 7
(0,3,5,1) : 1
(0,3,5,1,2) : 1
(0,3,5,1,2,4) : 51
(0,3,5,1,4,2) : 32
(0,3,5,2) : 1
(0,3,5,2,1,4) : 21
(0,3,5,2,4,1) : 14
(0,3,5,4) : 1
(0,3,5,4,1,2) : 38
(0,3,5,4,2,1) : 34
(0,4) : 26
(0,4,1,2,3,5) : 10
(0,4,1,2,5,3) : 1
(0,4,1,3,2,5) : 19
(0,4,1,3,5,2) : 22
(0,4,1,5,2,3) : 3
(0,4,1,5,3,2) : 7
(0,4,2) : 6
(0,4,2,1,3) : 1
(0,4,2,1,3,5) : 14
(0,4,2,1,5,3) : 3
(0,4,2,3,1,5) : 17
(0,4,2,3,5,1) : 14
(0,4,2,5,1,3) : 1
(0,4,2,5,3,1) : 6
(0,4,3) : 5
(0,4,3,1,2) : 1
(0,4,3,1,2,5) : 11
(0,4,3,1,5,2) : 23
(0,4,3,2,1,5) : 12
(0,4,3,2,5,1) : 10
(0,4,3,5,1,2) : 24
(0,4,3,5,2,1) : 15
(0,4,5,1,2,3) : 2
(0,4,5,1,3,2) : 11
(0,4,5,2,1,3) : 1
(0,4,5,2,3,1) : 5
(0,4,5,3,1,2) : 13
(0,4,5,3,2,1) : 5
(0,5) : 29
(0,5,1) : 4
(0,5,1,2,3,4) : 7
(0,5,1,3,2) : 2
(0,5,1,3,2,4) : 31
(0,5,1,3,4,2) : 32
(0,5,1,4,2,3) : 5
(0,5,1,4,3,2) : 9
(0,5,2) : 1
(0,5,2,1,3,4) : 5
(0,5,2,1,4,3) : 1
(0,5,2,3,1,4) : 3
(0,5,2,3,4,1) : 5
(0,5,2,4,3,1) : 2
(0,5,3) : 4
(0,5,3,1) : 1
(0,5,3,1,2,4) : 24
(0,5,3,1,4,2) : 26
(0,5,3,2,1,4) : 9
(0,5,3,2,4,1) : 11
(0,5,3,4,1,2) : 27
(0,5,3,4,2,1) : 8
(0,5,4,1,3,2) : 9
(0,5,4,2,3,1) : 5
(0,5,4,3,1,2) : 19
(0,5,4,3,2,1) : 6
(1) : 2164
(1,0) : 1723
(1,0,2) : 38
(1,0,2,3) : 3
(1,0,2,3,4,5) : 96
(1,0,2,3,5,4) : 147
(1,0,2,4,3,5) : 11
(1,0,2,4,5,3) : 7
(1,0,2,5,3,4) : 25
(1,0,2,5,4) : 1
(1,0,2,5,4,3) : 2
(1,0,3) : 138
(1,0,3,2) : 17
(1,0,3,2,4) : 2
(1,0,3,2,4,5) : 239
(1,0,3,2,5,4) : 404
(1,0,3,4,2,5) : 33
(1,0,3,4,5,2) : 127
(1,0,3,5) : 1
(1,0,3,5,2,4) : 645
(1,0,3,5,4,2) : 683
(1,0,4) : 1
(1,0,4,2) : 2
(1,0,4,2,3,5) : 10
(1,0,4,2,5,3) : 3
(1,0,4,3) : 2
(1,0,4,3,2,5) : 12
(1,0,4,3,5,2) : 28
(1,0,4,5,2,3) : 1
(1,0,4,5,3,2) : 12
(1,0,5) : 5
(1,0,5,2,3,4) : 21
(1,0,5,2,4) : 2
(1,0,5,2,4,3) : 4
(1,0,5,3) : 3
(1,0,5,3,2) : 1
(1,0,5,3,2,4) : 142
(1,0,5,3,4,2) : 151
(1,0,5,4,2) : 2
(1,0,5,4,2,3) : 6
(1,0,5,4,3,2) : 22
(1,2) : 48
(1,2,0) : 14
(1,2,0,3) : 2
(1,2,0,3,4) : 2
(1,2,0,3,4,5) : 26
(1,2,0,3,5,4) : 45
(1,2,0,4) : 1
(1,2,0,4,3,5) : 5
(1,2,0,4,5,3) : 3
(1,2,0,5,3,4) : 8
(1,2,0,5,4,3) : 5
(1,2,3) : 2
(1,2,3,0) : 3
(1,2,3,0,4,5) : 14
(1,2,3,0,5,4) : 19
(1,2,3,4) : 1
(1,2,3,4,0,5) : 2
(1,2,3,4,5,0) : 5
(1,2,3,5) : 1
(1,2,3,5,0,4) : 12
(1,2,3,5,4,0) : 3
(1,2,4) : 1
(1,2,4,0,3,5) : 2
(1,2,4,0,5) : 1
(1,2,4,3,0,5) : 3
(1,2,4,3,5,0) : 1
(1,2,4,5,0) : 1
(1,2,4,5,0,3) : 1
(1,2,4,5,3,0) : 1
(1,2,5) : 2
(1,2,5,0,3,4) : 2
(1,2,5,0,4,3) : 1
(1,2,5,3,0) : 1
(1,2,5,3,0,4) : 2
(1,2,5,3,4,0) : 3
(1,2,5,4,3,0) : 2
(1,3) : 35
(1,3,0) : 27
(1,3,0,2) : 4
(1,3,0,2,4) : 3
(1,3,0,2,4,5) : 21
(1,3,0,2,5) : 1
(1,3,0,2,5,4) : 61
(1,3,0,4,2,5) : 5
(1,3,0,4,5,2) : 12
(1,3,0,5) : 1
(1,3,0,5,2) : 1
(1,3,0,5,2,4) : 68
(1,3,0,5,4,2) : 55
(1,3,2) : 3
(1,3,2,0,4,5) : 3
(1,3,2,0,5,4) : 22
(1,3,2,4) : 1
(1,3,2,4,0,5) : 1
(1,3,2,4,5) : 1
(1,3,2,4,5,0) : 3
(1,3,2,5) : 1
(1,3,2,5,0,4) : 2
(1,3,2,5,4,0) : 2
(1,3,4,0) : 1
(1,3,4,0,2,5) : 5
(1,3,4,0,5,2) : 2
(1,3,4,2,0,5) : 2
(1,3,4,2,5,0) : 1
(1,3,4,5,0,2) : 18
(1,3,4,5,2,0) : 7
(1,3,5) : 10
(1,3,5,0) : 2
(1,3,5,0,2) : 1
(1,3,5,0,2,4) : 31
(1,3,5,0,4,2) : 28
(1,3,5,2,0,4) : 6
(1,3,5,4,0) : 1
(1,3,5,4,0,2) : 27
(1,3,5,4,2,0) : 4
(1,4) : 6
(1,4,0) : 1
(1,4,0,2,3,5) : 1
(1,4,0,3,2,5) : 4
(1,4,0,3,5,2) : 2
(1,4,0,5,3,2) : 2
(1,4,2,0,3,5) : 1
(1,4,2,0,5) : 1
(1,4,2,5,3,0) : 1
(1,4,3) : 2
(1,4,3,0,2) : 1
(1,4,3,0,2,5) : 1
(1,4,3,0,5,2) : 1
(1,4,3,2,0,5) : 2
(1,4,3,2,5,0) : 2
(1,4,3,5,0,2) : 4
(1,4,5,0,3,2) : 1
(1,4,5,2,3,0) : 1
(1,4,5,3,0,2) : 5
(1,5) : 19
(1,5,0) : 1
(1,5,0,3) : 1
(1,5,0,3,2) : 1
(1,5,0,3,2,4) : 15
(1,5,0,3,4,2) : 5
(1,5,2,0,3,4) : 1
(1,5,2,4,0) : 1
(1,5,2,4,0,3) : 1
(1,5,2,4,3,0) : 1
(1,5,3) : 2
(1,5,3,0,2,4) : 12
(1,5,3,0,4,2) : 3
(1,5,3,2) : 1
(1,5,3,2,0,4) : 5
(1,5,3,2,4,0) : 1
(1,5,3,4,0,2) : 5
(1,5,3,4,2,0) : 3
(1,5,4,2,0) : 1
(1,5,4,2,3,0) : 3
(1,5,4,3,0,2) : 3
(1,5,4,3,2,0) : 3
(2) : 13247
(2,0) : 145
(2,0,1) : 16
(2,0,1,3) : 6
(2,0,1,3,4) : 2
(2,0,1,3,4,5) : 147
(2,0,1,3,5,4) : 108
(2,0,1,4) : 2
(2,0,1,4,3,5) : 18
(2,0,1,4,5) : 1
(2,0,1,4,5,3) : 6
(2,0,1,5,3,4) : 9
(2,0,1,5,4) : 1
(2,0,1,5,4,3) : 3
(2,0,3) : 9
(2,0,3,1) : 1
(2,0,3,1,4,5) : 68
(2,0,3,1,5) : 1
(2,0,3,1,5,4) : 54
(2,0,3,4,1,5) : 24
(2,0,3,4,5,1) : 33
(2,0,3,5,1,4) : 16
(2,0,3,5,4,1) : 26
(2,0,4) : 6
(2,0,4,1,3,5) : 18
(2,0,4,1,5) : 1
(2,0,4,1,5,3) : 2
(2,0,4,3) : 1
(2,0,4,3,1,5) : 28
(2,0,4,3,5,1) : 17
(2,0,4,5,3,1) : 10
(2,0,5) : 2
(2,0,5,1,3) : 1
(2,0,5,1,3,4) : 11
(2,0,5,1,4,3) : 1
(2,0,5,3) : 1
(2,0,5,3,1,4) : 11
(2,0,5,3,4,1) : 9
(2,0,5,4,1,3) : 3
(2,0,5,4,3,1) : 8
(2,1) : 69
(2,1,0) : 13
(2,1,0,3) : 2
(2,1,0,3,4) : 1
(2,1,0,3,4,5) : 40
(2,1,0,3,5) : 1
(2,1,0,3,5,4) : 59
(2,1,0,4,3,5) : 10
(2,1,0,4,5,3) : 2
(2,1,0,5,3,4) : 11
(2,1,0,5,4,3) : 2
(2,1,3) : 8
(2,1,3,0) : 2
(2,1,3,0,4,5) : 25
(2,1,3,0,5,4) : 41
(2,1,3,4,0,5) : 10
(2,1,3,4,5) : 1
(2,1,3,4,5,0) : 15
(2,1,3,5,0,4) : 15
(2,1,3,5,4,0) : 22
(2,1,4,0,3) : 1
(2,1,4,0,3,5) : 2
(2,1,4,3,0,5) : 5
(2,1,4,3,5,0) : 3
(2,1,4,5,0) : 1
(2,1,4,5,3,0) : 5
(2,1,5) : 3
(2,1,5,0,3) : 1
(2,1,5,0,3,4) : 3
(2,1,5,3,0,4) : 2
(2,1,5,3,4,0) : 7
(2,1,5,4,3,0) : 1
(2,3) : 91
(2,3,0) : 13
(2,3,0,1) : 2
(2,3,0,1,4,5) : 38
(2,3,0,1,5) : 1
(2,3,0,1,5,4) : 50
(2,3,0,4,1,5) : 19
(2,3,0,4,5) : 1
(2,3,0,4,5,1) : 17
(2,3,0,5,1,4) : 18
(2,3,0,5,4,1) : 23
(2,3,1) : 6
(2,3,1,0) : 3
(2,3,1,0,4,5) : 60
(2,3,1,0,5,4) : 46
(2,3,1,4,0) : 2
(2,3,1,4,0,5) : 5
(2,3,1,4,5,0) : 22
(2,3,1,5,0,4) : 19
(2,3,1,5,4,0) : 14
(2,3,4) : 4
(2,3,4,0,1) : 1
(2,3,4,0,1,5) : 36
(2,3,4,0,5,1) : 20
(2,3,4,1,0) : 1
(2,3,4,1,0,5) : 20
(2,3,4,1,5,0) : 14
(2,3,4,5,0,1) : 65
(2,3,4,5,1,0) : 79
(2,3,5) : 8
(2,3,5,0,1,4) : 27
(2,3,5,0,4) : 2
(2,3,5,0,4,1) : 16
(2,3,5,1) : 1
(2,3,5,1,0) : 1
(2,3,5,1,0,4) : 22
(2,3,5,1,4,0) : 12
(2,3,5,4,0) : 1
(2,3,5,4,0,1) : 49
(2,3,5,4,1,0) : 71
(2,4) : 242
(2,4,0) : 13
(2,4,0,1,3) : 2
(2,4,0,1,3,5) : 32
(2,4,0,1,5) : 1
(2,4,0,1,5,3) : 4
(2,4,0,3) : 1
(2,4,0,3,1,5) : 51
(2,4,0,3,5,1) : 45
(2,4,0,5,1,3) : 1
(2,4,0,5,3,1) : 11
(2,4,1) : 1
(2,4,1,0,3) : 1
(2,4,1,0,3,5) : 10
(2,4,1,0,5) : 1
(2,4,1,3,0,5) : 6
(2,4,1,3,5,0) : 8
(2,4,1,5,3,0) : 2
(2,4,3) : 21
(2,4,3,0,1,5) : 104
(2,4,3,0,5,1) : 72
(2,4,3,1,0) : 2
(2,4,3,1,0,5) : 38
(2,4,3,1,5,0) : 23
(2,4,3,5) : 1
(2,4,3,5,0,1) : 171
(2,4,3,5,1,0) : 133
(2,4,5) : 4
(2,4,5,0,1) : 1
(2,4,5,0,1,3) : 12
(2,4,5,0,3,1) : 6
(2,4,5,1,0) : 1
(2,4,5,1,0,3) : 4
(2,4,5,1,3,0) : 5
(2,4,5,3,0,1) : 71
(2,4,5,3,1,0) : 110
(2,5) : 30
(2,5,0) : 1
(2,5,0,1,3,4) : 13
(2,5,0,1,4) : 1
(2,5,0,1,4,3) : 1
(2,5,0,3,1,4) : 6
(2,5,0,3,4,1) : 5
(2,5,0,4,1,3) : 1
(2,5,0,4,3,1) : 3
(2,5,1) : 2
(2,5,1,0,3) : 1
(2,5,1,0,3,4) : 3
(2,5,1,3,0,4) : 10
(2,5,1,3,4,0) : 9
(2,5,1,4,3,0) : 3
(2,5,3) : 3
(2,5,3,0,1,4) : 25
(2,5,3,0,4,1) : 11
(2,5,3,1,0,4) : 20
(2,5,3,1,4,0) : 16
(2,5,3,4) : 1
(2,5,3,4,0) : 1
(2,5,3,4,0,1) : 26
(2,5,3,4,1,0) : 35
(2,5,4) : 2
(2,5,4,0,1,3) : 1
(2,5,4,0,3,1) : 5
(2,5,4,1,0,3) : 1
(2,5,4,1,3,0) : 2
(2,5,4,3,0,1) : 33
(2,5,4,3,1,0) : 45
(3) : 740
(3,0) : 34
(3,0,1) : 4
(3,0,1,2,4,5) : 12
(3,0,1,2,5,4) : 12
(3,0,1,4,2,5) : 5
(3,0,1,4,5,2) : 8
(3,0,1,5,2,4) : 14
(3,0,1,5,4,2) : 10
(3,0,2) : 7
(3,0,2,1) : 2
(3,0,2,1,4) : 1
(3,0,2,1,4,5) : 10
(3,0,2,1,5,4) : 9
(3,0,2,4,1,5) : 1
(3,0,2,4,5,1) : 3
(3,0,2,5,1,4) : 5
(3,0,2,5,4,1) : 4
(3,0,4) : 2
(3,0,4,1,5,2) : 1
(3,0,4,2,1,5) : 1
(3,0,4,5,1,2) : 5
(3,0,4,5,2,1) : 3
(3,0,5) : 1
(3,0,5,1) : 2
(3,0,5,1,2,4) : 6
(3,0,5,1,4,2) : 4
(3,0,5,2,1,4) : 3
(3,0,5,2,4,1) : 3
(3,0,5,4,1,2) : 6
(3,0,5,4,2,1) : 4
(3,1) : 26
(3,1,0) : 5
(3,1,0,2) : 2
(3,1,0,2,4,5) : 24
(3,1,0,2,5,4) : 19
(3,1,0,4,2,5) : 2
(3,1,0,4,5,2) : 2
(3,1,0,5) : 1
(3,1,0,5,2,4) : 16
(3,1,0,5,4,2) : 19
(3,1,2) : 1
(3,1,2,0,4,5) : 5
(3,1,2,0,5,4) : 7
(3,1,2,4,5,0) : 4
(3,1,2,5,0,4) : 1
(3,1,2,5,4,0) : 3
(3,1,4) : 1
(3,1,4,0,2,5) : 2
(3,1,4,2,0,5) : 1
(3,1,4,2,5,0) : 2
(3,1,4,5,0,2) : 8
(3,1,4,5,2,0) : 4
(3,1,5) : 1
(3,1,5,0,2,4) : 8
(3,1,5,0,4,2) : 5
(3,1,5,2,0,4) : 4
(3,1,5,2,4,0) : 1
(3,1,5,4,0,2) : 12
(3,1,5,4,2,0) : 4
(3,2) : 24
(3,2,0) : 2
(3,2,0,1) : 2
(3,2,0,1,4,5) : 11
(3,2,0,1,5,4) : 17
(3,2,0,4,1,5) : 8
(3,2,0,4,5,1) : 2
(3,2,0,5,1,4) : 5
(3,2,0,5,4,1) : 11
(3,2,1) : 2
(3,2,1,0,4,5) : 2
(3,2,1,0,5,4) : 6
(3,2,1,4,0,5) : 1
(3,2,1,4,5,0) : 1
(3,2,1,5,0,4) : 2
(3,2,1,5,4,0) : 3
(3,2,4) : 2
(3,2,4,0,1) : 1
(3,2,4,0,1,5) : 3
(3,2,4,0,5,1) : 2
(3,2,4,1,0,5) : 3
(3,2,4,1,5,0) : 2
(3,2,4,5,0,1) : 11
(3,2,4,5,1,0) : 5
(3,2,5,0,1,4) : 3
(3,2,5,0,4,1) : 4
(3,2,5,1,0,4) : 3
(3,2,5,1,4,0) : 2
(3,2,5,4,0,1) : 8
(3,2,5,4,1,0) : 3
(3,4) : 4
(3,4,0) : 1
(3,4,0,1,5,2) : 1
(3,4,0,2,1,5) : 2
(3,4,0,2,5,1) : 2
(3,4,0,5,1) : 1
(3,4,0,5,2,1) : 1
(3,4,1,0,2,5) : 1
(3,4,1,2,0,5) : 1
(3,4,1,2,5,0) : 1
(3,4,1,5,0,2) : 2
(3,4,1,5,2,0) : 2
(3,4,2,0,1) : 1
(3,4,2,0,1,5) : 3
(3,4,2,0,5,1) : 4
(3,4,2,1,0,5) : 1
(3,4,2,5,0,1) : 7
(3,4,2,5,1,0) : 1
(3,4,5,0) : 1
(3,4,5,0,1,2) : 3
(3,4,5,0,2,1) : 4
(3,4,5,1,0,2) : 3
(3,4,5,1,2,0) : 3
(3,4,5,2,0,1) : 9
(3,4,5,2,1,0) : 1
(3,5) : 5
(3,5,0) : 1
(3,5,0,1,2,4) : 2
(3,5,0,1,4,2) : 1
(3,5,0,2,1,4) : 4
(3,5,0,2,4,1) : 6
(3,5,0,4,1,2) : 1
(3,5,1) : 2
(3,5,1,0,2,4) : 12
(3,5,1,0,4,2) : 4
(3,5,1,2,0,4) : 4
(3,5,1,4,0,2) : 5
(3,5,1,4,2,0) : 2
(3,5,2) : 1
(3,5,2,0,1,4) : 4
(3,5,2,0,4,1) : 2
(3,5,2,1,4,0) : 1
(3,5,2,4,0,1) : 1
(3,5,2,4,1,0) : 2
(3,5,4) : 1
(3,5,4,0,1,2) : 5
(3,5,4,0,2,1) : 2
(3,5,4,1) : 1
(3,5,4,1,0,2) : 14
(3,5,4,1,2,0) : 2
(3,5,4,2,0) : 1
(3,5,4,2,0,1) : 6
(3,5,4,2,1,0) : 1
(4) : 570
(4,0) : 20
(4,0,1,2,3,5) : 4
(4,0,1,3,2) : 1
(4,0,1,3,2,5) : 2
(4,0,1,3,5,2) : 8
(4,0,1,5,3) : 1
(4,0,1,5,3,2) : 3
(4,0,2) : 2
(4,0,2,1,3,5) : 8
(4,0,2,1,5,3) : 1
(4,0,2,3,1,5) : 8
(4,0,2,3,5,1) : 17
(4,0,2,5,3,1) : 4
(4,0,3) : 2
(4,0,3,1,2,5) : 3
(4,0,3,1,5,2) : 6
(4,0,3,2,1,5) : 6
(4,0,3,2,5,1) : 6
(4,0,3,5,1,2) : 5
(4,0,3,5,2,1) : 5
(4,0,5) : 1
(4,0,5,1,3,2) : 1
(4,0,5,2,3,1) : 1
(4,0,5,3,1,2) : 1
(4,0,5,3,2,1) : 3
(4,1) : 2
(4,1,0,2,3,5) : 2
(4,1,0,2,5,3) : 2
(4,1,0,3,2) : 1
(4,1,0,3,5,2) : 2
(4,1,0,5,3,2) : 2
(4,1,2,0,3,5) : 5
(4,1,2,0,5,3) : 1
(4,1,2,3,0,5) : 1
(4,1,2,3,5,0) : 2
(4,1,3) : 2
(4,1,3,0,2,5) : 2
(4,1,3,2,0) : 1
(4,1,3,2,0,5) : 3
(4,1,3,5) : 1
(4,1,3,5,0,2) : 1
(4,1,3,5,2,0) : 1
(4,1,5) : 1
(4,1,5,2,0,3) : 1
(4,1,5,3,0,2) : 1
(4,1,5,3,2,0) : 1
(4,2) : 199
(4,2,0) : 6
(4,2,0,1,3,5) : 24
(4,2,0,1,5,3) : 5
(4,2,0,3) : 1
(4,2,0,3,1,5) : 8
(4,2,0,3,5,1) : 48
(4,2,0,5,1,3) : 3
(4,2,0,5,3) : 1
(4,2,0,5,3,1) : 10
(4,2,1,0,3,5) : 1
(4,2,1,0,5,3) : 1
(4,2,1,3,0,5) : 3
(4,2,3) : 10
(4,2,3,0) : 1
(4,2,3,0,1,5) : 42
(4,2,3,0,5,1) : 58
(4,2,3,1,0) : 1
(4,2,3,1,0,5) : 15
(4,2,3,1,5,0) : 6
(4,2,3,5,0,1) : 95
(4,2,3,5,1,0) : 26
(4,2,5) : 1
(4,2,5,0,1,3) : 2
(4,2,5,0,3,1) : 4
(4,2,5,1,3,0) : 1
(4,2,5,3,0,1) : 40
(4,2,5,3,1) : 1
(4,2,5,3,1,0) : 17
(4,3) : 5
(4,3,0) : 1
(4,3,0,1,2,5) : 3
(4,3,0,1,5,2) : 4
(4,3,0,2) : 1
(4,3,0,2,1,5) : 5
(4,3,0,2,5,1) : 10
(4,3,0,5,1,2) : 1
(4,3,0,5,2,1) : 1
(4,3,1,0,2) : 1
(4,3,1,0,2,5) : 3
(4,3,1,0,5,2) : 1
(4,3,1,2,0,5) : 2
(4,3,1,2,5,0) : 1
(4,3,2) : 2
(4,3,2,0,1,5) : 7
(4,3,2,0,5) : 1
(4,3,2,0,5,1) : 9
(4,3,2,1,0,5) : 3
(4,3,2,1,5,0) : 1
(4,3,2,5,0,1) : 7
(4,3,2,5,1,0) : 3
(4,3,5,0,1,2) : 2
(4,3,5,0,2) : 1
(4,3,5,0,2,1) : 3
(4,3,5,1,0,2) : 2
(4,3,5,1,2,0) : 3
(4,3,5,2,0,1) : 11
(4,3,5,2,1,0) : 1
(4,5) : 1
(4,5,0,3,2,1) : 2
(4,5,1,2,0,3) : 1
(4,5,2) : 1
(4,5,2,0,1,3) : 1
(4,5,2,3,0,1) : 6
(4,5,2,3,1,0) : 5
(4,5,3,0,1) : 1
(4,5,3,0,1,2) : 1
(4,5,3,0,2,1) : 5
(4,5,3,1,0,2) : 3
(4,5,3,1,2,0) : 3
(4,5,3,2,0,1) : 6
(4,5,3,2,1,0) : 5
(5) : 253
(5,0) : 9
(5,0,1) : 1
(5,0,1,2,3,4) : 3
(5,0,1,3,2,4) : 3
(5,0,1,3,4,2) : 3
(5,0,2,3,1,4) : 1
(5,0,2,3,4,1) : 2
(5,0,2,4,3,1) : 1
(5,0,3,1) : 1
(5,0,3,1,2) : 1
(5,0,3,1,2,4) : 3
(5,0,3,2,1,4) : 3
(5,0,3,2,4,1) : 1
(5,0,3,4,2,1) : 1
(5,1) : 5
(5,1,0,2,3,4) : 1
(5,1,0,3,2,4) : 8
(5,1,2,0,3,4) : 1
(5,1,2,3,0,4) : 1
(5,1,3,0,2,4) : 1
(5,1,3,0,4,2) : 1
(5,1,3,2,4,0) : 3
(5,1,3,4,0,2) : 1
(5,1,3,4,2,0) : 1
(5,1,4,0,3,2) : 2
(5,1,4,2,3,0) : 1
(5,1,4,3,2,0) : 1
(5,2) : 8
(5,2,0,1,3,4) : 2
(5,2,0,4,1,3) : 1
(5,2,1,0) : 1
(5,2,1,3,4,0) : 1
(5,2,1,4,0) : 1
(5,2,1,4,0,3) : 1
(5,2,3,0,1) : 1
(5,2,3,0,1,4) : 2
(5,2,3,1,0,4) : 1
(5,2,3,1,4,0) : 1
(5,2,3,4,0,1) : 2
(5,2,4) : 1
(5,2,4,1,3,0) : 1
(5,2,4,3,0,1) : 3
(5,2,4,3,1,0) : 2
(5,3) : 3
(5,3,0,1,2,4) : 2
(5,3,0,2,1,4) : 5
(5,3,0,2,4,1) : 1
(5,3,0,4,2,1) : 1
(5,3,1,0,2,4) : 7
(5,3,1,0,4,2) : 4
(5,3,1,2,0,4) : 5
(5,3,1,4,0,2) : 3
(5,3,1,4,2,0) : 1
(5,3,2,0,1,4) : 3
(5,3,2,0,4,1) : 1
(5,3,2,4,0,1) : 2
(5,3,2,4,1,0) : 4
(5,3,4,0,2,1) : 1
(5,3,4,1,0,2) : 2
(5,3,4,2,0,1) : 1
(5,4) : 2
(5,4,0,1,3,2) : 2
(5,4,0,3,1,2) : 1
(5,4,1) : 1
(5,4,1,0,2,3) : 1
(5,4,1,0,3,2) : 1
(5,4,2) : 2
(5,4,2,3,0,1) : 2
(5,4,2,3,1,0) : 4
(5,4,3,0,1,2) : 2
(5,4,3,1,0,2) : 6
(5,4,3,2) : 1
(5,4,3,2,0,1) : 5
