0, 1, 2, 3, 4
NLT,CDP,CLP,LIB,GRN
-+-+-+-+-
() : 161
(0) : 754
(0,1) : 15
(0,1,2) : 7
(0,1,2,3) : 4
(0,1,2,3,4) : 99
(0,1,2,4,3) : 13
(0,1,3) : 1
(0,1,3,2) : 1
(0,1,3,2,4) : 22
(0,1,3,4,2) : 6
(0,1,4,2,3) : 26
(0,1,4,3,2) : 13
(0,2) : 20
(0,2,1,3) : 1
(0,2,1,3,4) : 27
(0,2,1,4,3) : 20
(0,2,3,1,4) : 24
(0,2,3,4) : 1
(0,2,3,4,1) : 31
(0,2,4) : 2
(0,2,4,1) : 1
(0,2,4,1,3) : 23
(0,2,4,3,1) : 19
(0,3) : 13
(0,3,1,2,4) : 13
(0,3,1,4,2) : 7
(0,3,2) : 1
(0,3,2,1,4) : 17
(0,3,2,4,1) : 18
(0,3,4,1,2) : 54
(0,3,4,2,1) : 6
(0,4) : 14
(0,4,1,2,3) : 13
(0,4,1,3,2) : 7
(0,4,2) : 2
(0,4,2,1,3) : 7
(0,4,2,3,1) : 17
(0,4,3) : 1
(0,4,3,1,2) : 4
(0,4,3,2,1) : 7
(1) : 547
(1,0) : 14
(1,0,2) : 1
(1,0,2,3,4) : 24
(1,0,2,4,3) : 14
(1,0,3,2,4) : 21
(1,0,3,4,2) : 9
(1,0,4,2,3) : 17
(1,0,4,3,2) : 5
(1,2) : 20
(1,2,0,3,4) : 31
(1,2,0,4,3) : 15
(1,2,3) : 4
(1,2,3,0,4) : 20
(1,2,3,4) : 1
(1,2,3,4,0) : 26
(1,2,4,0,3) : 14
(1,2,4,3,0) : 11
(1,3) : 67
(1,3,0,2,4) : 99
(1,3,0,4) : 1
(1,3,0,4,2) : 11
(1,3,2) : 2
(1,3,2,0,4) : 87
(1,3,2,4,0) : 27
(1,3,4,0,2) : 9
(1,3,4,2,0) : 11
(1,4) : 2
(1,4,0,2) : 1
(1,4,0,2,3) : 6
(1,4,0,3,2) : 3
(1,4,2) : 1
(1,4,2,0,3) : 7
(1,4,2,3,0) : 10
(1,4,3,0,2) : 3
(1,4,3,2,0) : 7
(2) : 10591
(2,0) : 118
(2,0,1) : 7
(2,0,1,3) : 2
(2,0,1,3,4) : 233
(2,0,1,4) : 2
(2,0,1,4,3) : 295
(2,0,3) : 3
(2,0,3,1) : 1
(2,0,3,1,4) : 102
(2,0,3,4) : 1
(2,0,3,4,1) : 93
(2,0,4) : 14
(2,0,4,1) : 1
(2,0,4,1,3) : 346
(2,0,4,3) : 1
(2,0,4,3,1) : 144
(2,1) : 35
(2,1,0) : 3
(2,1,0,3) : 1
(2,1,0,3,4) : 188
(2,1,0,4,3) : 162
(2,1,3) : 2
(2,1,3,0) : 2
(2,1,3,0,4) : 47
(2,1,3,4,0) : 42
(2,1,4) : 9
(2,1,4,0,3) : 114
(2,1,4,3) : 1
(2,1,4,3,0) : 40
(2,3) : 127
(2,3,0) : 5
(2,3,0,1) : 6
(2,3,0,1,4) : 151
(2,3,0,4) : 1
(2,3,0,4,1) : 89
(2,3,1) : 3
(2,3,1,0) : 1
(2,3,1,0,4) : 108
(2,3,1,4) : 1
(2,3,1,4,0) : 37
(2,3,4) : 16
(2,3,4,0) : 4
(2,3,4,0,1) : 210
(2,3,4,1) : 1
(2,3,4,1,0) : 189
(2,4) : 418
(2,4,0) : 37
(2,4,0,1) : 22
(2,4,0,1,3) : 6646
(2,4,0,3) : 2
(2,4,0,3,1) : 446
(2,4,1) : 12
(2,4,1,0) : 4
(2,4,1,0,3) : 455
(2,4,1,3) : 2
(2,4,1,3,0) : 67
(2,4,3) : 24
(2,4,3,0) : 1
(2,4,3,0,1) : 271
(2,4,3,1,0) : 205
(3) : 15912
(3,0) : 67
(3,0,1) : 2
(3,0,1,2) : 2
(3,0,1,2,4) : 256
(3,0,1,4) : 1
(3,0,1,4,2) : 221
(3,0,2) : 4
(3,0,2,1,4) : 98
(3,0,2,4,1) : 61
(3,0,4) : 1
(3,0,4,1) : 1
(3,0,4,1,2) : 68
(3,0,4,2,1) : 70
(3,1) : 137
(3,1,0) : 4
(3,1,0,2) : 1
(3,1,0,2,4) : 311
(3,1,0,4) : 2
(3,1,0,4,2) : 251
(3,1,2) : 4
(3,1,2,0,4) : 113
(3,1,2,4) : 2
(3,1,2,4,0) : 67
(3,1,4) : 1
(3,1,4,0,2) : 51
(3,1,4,2,0) : 40
(3,2) : 143
(3,2,0) : 4
(3,2,0,1) : 1
(3,2,0,1,4) : 166
(3,2,0,4) : 1
(3,2,0,4,1) : 64
(3,2,1) : 7
(3,2,1,0) : 1
(3,2,1,0,4) : 169
(3,2,1,4,0) : 64
(3,2,4) : 18
(3,2,4,0) : 1
(3,2,4,0,1) : 153
(3,2,4,1,0) : 126
(3,4) : 66
(3,4,0) : 3
(3,4,0,1) : 1
(3,4,0,1,2) : 121
(3,4,0,2) : 1
(3,4,0,2,1) : 59
(3,4,1) : 4
(3,4,1,0,2) : 59
(3,4,1,2) : 1
(3,4,1,2,0) : 37
(3,4,2) : 8
(3,4,2,0,1) : 122
(3,4,2,1) : 1
(3,4,2,1,0) : 116
(4) : 1392
(4,0) : 23
(4,0,1,2,3) : 49
(4,0,1,3,2) : 13
(4,0,2) : 1
(4,0,2,1,3) : 39
(4,0,2,3,1) : 54
(4,0,3,1) : 1
(4,0,3,1,2) : 6
(4,0,3,2,1) : 19
(4,1) : 10
(4,1,0,2,3) : 22
(4,1,0,3,2) : 4
(4,1,2) : 1
(4,1,2,0,3) : 9
(4,1,2,3,0) : 14
(4,1,3,0,2) : 6
(4,1,3,2,0) : 3
(4,2) : 401
(4,2,0) : 7
(4,2,0,1,3) : 300
(4,2,0,3) : 1
(4,2,0,3,1) : 190
(4,2,1) : 4
(4,2,1,0,3) : 89
(4,2,1,3,0) : 39
(4,2,3) : 12
(4,2,3,0) : 1
(4,2,3,0,1) : 179
(4,2,3,1,0) : 68
(4,3) : 28
(4,3,0) : 1
(4,3,0,1) : 1
(4,3,0,1,2) : 16
(4,3,0,2,1) : 21
(4,3,1,0,2) : 11
(4,3,1,2,0) : 3
(4,3,2) : 6
(4,3,2,0,1) : 47
(4,3,2,1) : 1
(4,3,2,1,0) : 40
