0, 1, 2, 3, 4, 5
NLT,LIB,CDP,GRN,LAB,IND
-+-+-+-+-
() : 230
(0) : 1243
(0,1) : 49
(0,1,2) : 7
(0,1,2,3) : 3
(0,1,2,3,4) : 3
(0,1,2,3,4,5) : 95
(0,1,2,3,5) : 1
(0,1,2,3,5,4) : 7
(0,1,2,4,3,5) : 3
(0,1,2,4,5,3) : 2
(0,1,2,5,3,4) : 2
(0,1,2,5,4,3) : 1
(0,1,3) : 4
(0,1,3,2,4,5) : 11
(0,1,3,2,5,4) : 1
(0,1,3,4) : 2
(0,1,3,4,2,5) : 1
(0,1,3,4,5,2) : 13
(0,1,3,5,2,4) : 7
(0,1,3,5,4,2) : 4
(0,1,4) : 6
(0,1,4,2,3,5) : 3
(0,1,4,2,5,3) : 1
(0,1,4,3,2,5) : 5
(0,1,4,3,5) : 1
(0,1,4,3,5,2) : 7
(0,1,4,5,2,3) : 4
(0,1,4,5,3) : 1
(0,1,4,5,3,2) : 7
(0,1,5) : 3
(0,1,5,2,3,4) : 3
(0,1,5,2,4,3) : 1
(0,1,5,4,3,2) : 6
(0,2) : 7
(0,2,1) : 1
(0,2,1,3,4,5) : 12
(0,2,1,3,5,4) : 7
(0,2,1,4,3) : 1
(0,2,1,4,3,5) : 5
(0,2,1,5,3,4) : 1
(0,2,3) : 1
(0,2,3,1,4,5) : 5
(0,2,3,4,5) : 2
(0,2,3,4,5,1) : 1
(0,2,4,1,3,5) : 5
(0,2,4,3,5,1) : 2
(0,2,4,5,3,1) : 2
(0,2,5) : 1
(0,2,5,1,4,3) : 1
(0,2,5,4,1,3) : 1
(0,2,5,4,3,1) : 2
(0,3) : 17
(0,3,1) : 5
(0,3,1,2,4,5) : 4
(0,3,1,2,5,4) : 4
(0,3,1,4) : 1
(0,3,1,4,2,5) : 2
(0,3,1,4,5,2) : 1
(0,3,1,5,4,2) : 2
(0,3,2,1,4,5) : 2
(0,3,2,1,5,4) : 1
(0,3,2,4,5,1) : 2
(0,3,2,5,1,4) : 1
(0,3,2,5,4,1) : 1
(0,3,4) : 2
(0,3,4,1,2,5) : 3
(0,3,4,1,5,2) : 2
(0,3,4,2,1) : 1
(0,3,4,2,1,5) : 4
(0,3,4,2,5,1) : 1
(0,3,4,5,1,2) : 9
(0,3,4,5,2,1) : 4
(0,3,5) : 4
(0,3,5,1,2,4) : 1
(0,3,5,1,4,2) : 1
(0,3,5,2,1) : 1
(0,3,5,2,1,4) : 2
(0,3,5,2,4,1) : 3
(0,3,5,4) : 1
(0,3,5,4,1,2) : 1
(0,3,5,4,2,1) : 1
(0,4) : 56
(0,4,1) : 6
(0,4,1,2,3) : 1
(0,4,1,2,3,5) : 8
(0,4,1,2,5,3) : 2
(0,4,1,3,2,5) : 9
(0,4,1,3,5,2) : 5
(0,4,1,5,3) : 2
(0,4,1,5,3,2) : 5
(0,4,2) : 1
(0,4,2,1,3,5) : 2
(0,4,2,3,1) : 1
(0,4,2,3,5,1) : 2
(0,4,2,5,1,3) : 2
(0,4,3) : 5
(0,4,3,1,5,2) : 1
(0,4,3,2,1) : 1
(0,4,3,2,1,5) : 2
(0,4,3,2,5,1) : 3
(0,4,3,5) : 2
(0,4,3,5,1,2) : 4
(0,4,3,5,2,1) : 6
(0,4,5) : 4
(0,4,5,1) : 1
(0,4,5,1,3,2) : 2
(0,4,5,2,1,3) : 1
(0,4,5,2,3,1) : 1
(0,4,5,3,1) : 1
(0,4,5,3,1,2) : 8
(0,4,5,3,2) : 1
(0,4,5,3,2,1) : 7
(0,5) : 10
(0,5,1,2,3,4) : 2
(0,5,1,3,2,4) : 2
(0,5,1,4) : 1
(0,5,1,4,2,3) : 3
(0,5,1,4,3,2) : 3
(0,5,2,1,3,4) : 1
(0,5,2,3,1,4) : 2
(0,5,2,3,4,1) : 1
(0,5,3,1,2,4) : 1
(0,5,3,1,4) : 1
(0,5,3,1,4,2) : 2
(0,5,3,2,1,4) : 4
(0,5,3,2,4,1) : 4
(0,5,3,4,1,2) : 5
(0,5,3,4,2,1) : 1
(0,5,4,1,2,3) : 3
(0,5,4,1,3,2) : 3
(0,5,4,2,3,1) : 1
(0,5,4,3,1,2) : 2
(0,5,4,3,2,1) : 5
(1) : 12356
(1,0) : 135
(1,0,2) : 12
(1,0,2,3) : 3
(1,0,2,3,4) : 3
(1,0,2,3,4,5) : 119
(1,0,2,3,5,4) : 41
(1,0,2,4,3) : 1
(1,0,2,4,3,5) : 15
(1,0,2,4,5,3) : 5
(1,0,2,5) : 2
(1,0,2,5,3,4) : 19
(1,0,2,5,4,3) : 6
(1,0,3) : 15
(1,0,3,2) : 1
(1,0,3,2,4,5) : 28
(1,0,3,2,5,4) : 22
(1,0,3,4) : 2
(1,0,3,4,2,5) : 10
(1,0,3,4,5,2) : 35
(1,0,3,5) : 2
(1,0,3,5,2,4) : 8
(1,0,3,5,4) : 1
(1,0,3,5,4,2) : 20
(1,0,4) : 25
(1,0,4,2,3,5) : 17
(1,0,4,2,5,3) : 2
(1,0,4,3,2,5) : 4
(1,0,4,3,5) : 1
(1,0,4,3,5,2) : 11
(1,0,4,5) : 1
(1,0,4,5,2,3) : 6
(1,0,4,5,3,2) : 15
(1,0,5) : 3
(1,0,5,2) : 1
(1,0,5,2,3,4) : 21
(1,0,5,2,4,3) : 10
(1,0,5,3) : 2
(1,0,5,3,2,4) : 12
(1,0,5,3,4) : 1
(1,0,5,3,4,2) : 18
(1,0,5,4,2,3) : 7
(1,0,5,4,3) : 3
(1,0,5,4,3,2) : 13
(1,2) : 139
(1,2,0) : 6
(1,2,0,3) : 1
(1,2,0,3,4) : 1
(1,2,0,3,4,5) : 17
(1,2,0,3,5,4) : 9
(1,2,0,4,3,5) : 2
(1,2,0,4,5,3) : 6
(1,2,0,5,3,4) : 9
(1,2,0,5,4,3) : 14
(1,2,3) : 7
(1,2,3,0) : 1
(1,2,3,0,4,5) : 11
(1,2,3,0,5,4) : 4
(1,2,3,4) : 6
(1,2,3,4,0,5) : 6
(1,2,3,4,5) : 5
(1,2,3,4,5,0) : 36
(1,2,3,5) : 3
(1,2,3,5,0,4) : 18
(1,2,3,5,4) : 2
(1,2,3,5,4,0) : 7
(1,2,4) : 6
(1,2,4,0,3,5) : 2
(1,2,4,0,5,3) : 3
(1,2,4,3) : 2
(1,2,4,3,0,5) : 2
(1,2,4,3,5) : 1
(1,2,4,3,5,0) : 11
(1,2,4,5) : 1
(1,2,4,5,0) : 1
(1,2,4,5,0,3) : 13
(1,2,4,5,3) : 1
(1,2,4,5,3,0) : 18
(1,2,5) : 12
(1,2,5,0) : 1
(1,2,5,0,3,4) : 31
(1,2,5,0,4,3) : 31
(1,2,5,3) : 1
(1,2,5,3,0,4) : 18
(1,2,5,3,4,0) : 21
(1,2,5,4) : 3
(1,2,5,4,0) : 1
(1,2,5,4,0,3) : 26
(1,2,5,4,3) : 3
(1,2,5,4,3,0) : 27
(1,3) : 101
(1,3,0) : 7
(1,3,0,2,4,5) : 14
(1,3,0,2,5,4) : 1
(1,3,0,4) : 1
(1,3,0,4,2,5) : 2
(1,3,0,4,5,2) : 11
(1,3,0,5) : 3
(1,3,0,5,2,4) : 12
(1,3,0,5,4,2) : 12
(1,3,2,0,4,5) : 10
(1,3,2,0,5) : 1
(1,3,2,0,5,4) : 4
(1,3,2,4,0,5) : 3
(1,3,2,4,5) : 1
(1,3,2,4,5,0) : 11
(1,3,2,5) : 1
(1,3,2,5,0) : 1
(1,3,2,5,0,4) : 5
(1,3,2,5,4,0) : 3
(1,3,4) : 20
(1,3,4,0,2,5) : 7
(1,3,4,0,5) : 3
(1,3,4,0,5,2) : 13
(1,3,4,2,0) : 1
(1,3,4,2,0,5) : 4
(1,3,4,2,5) : 1
(1,3,4,2,5,0) : 6
(1,3,4,5) : 1
(1,3,4,5,0) : 4
(1,3,4,5,0,2) : 33
(1,3,4,5,2,0) : 23
(1,3,5) : 7
(1,3,5,0,2) : 1
(1,3,5,0,2,4) : 15
(1,3,5,0,4,2) : 11
(1,3,5,2,0) : 1
(1,3,5,2,0,4) : 12
(1,3,5,2,4) : 1
(1,3,5,2,4,0) : 7
(1,3,5,4) : 1
(1,3,5,4,0) : 1
(1,3,5,4,0,2) : 22
(1,3,5,4,2,0) : 15
(1,4) : 304
(1,4,0) : 11
(1,4,0,2,3,5) : 42
(1,4,0,2,5) : 1
(1,4,0,2,5,3) : 14
(1,4,0,3) : 1
(1,4,0,3,2,5) : 9
(1,4,0,3,5) : 3
(1,4,0,3,5,2) : 16
(1,4,0,5,2) : 1
(1,4,0,5,2,3) : 8
(1,4,0,5,3,2) : 16
(1,4,2) : 11
(1,4,2,0,3,5) : 10
(1,4,2,0,5,3) : 6
(1,4,2,3,0,5) : 9
(1,4,2,3,5) : 1
(1,4,2,3,5,0) : 13
(1,4,2,5,0,3) : 9
(1,4,2,5,3) : 2
(1,4,2,5,3,0) : 8
(1,4,3) : 25
(1,4,3,0) : 1
(1,4,3,0,2) : 1
(1,4,3,0,2,5) : 23
(1,4,3,0,5) : 2
(1,4,3,0,5,2) : 23
(1,4,3,2) : 1
(1,4,3,2,0,5) : 29
(1,4,3,2,5) : 2
(1,4,3,2,5,0) : 26
(1,4,3,5) : 1
(1,4,3,5,0) : 2
(1,4,3,5,0,2) : 45
(1,4,3,5,2) : 1
(1,4,3,5,2,0) : 46
(1,4,5) : 14
(1,4,5,0) : 2
(1,4,5,0,2,3) : 30
(1,4,5,0,3) : 2
(1,4,5,0,3,2) : 14
(1,4,5,2) : 1
(1,4,5,2,0) : 3
(1,4,5,2,0,3) : 15
(1,4,5,2,3,0) : 14
(1,4,5,3) : 4
(1,4,5,3,0) : 3
(1,4,5,3,0,2) : 39
(1,4,5,3,2) : 5
(1,4,5,3,2,0) : 65
(1,5) : 94
(1,5,0,2,3,4) : 45
(1,5,0,2,4,3) : 21
(1,5,0,3,2,4) : 16
(1,5,0,3,4,2) : 22
(1,5,0,4,2,3) : 9
(1,5,0,4,3,2) : 15
(1,5,2) : 14
(1,5,2,0,3) : 1
(1,5,2,0,3,4) : 46
(1,5,2,0,4) : 1
(1,5,2,0,4,3) : 14
(1,5,2,3,0,4) : 15
(1,5,2,3,4) : 1
(1,5,2,3,4,0) : 15
(1,5,2,4,0,3) : 7
(1,5,2,4,3) : 1
(1,5,2,4,3,0) : 18
(1,5,3) : 3
(1,5,3,0,2,4) : 17
(1,5,3,0,4) : 1
(1,5,3,0,4,2) : 9
(1,5,3,2,0,4) : 21
(1,5,3,2,4,0) : 4
(1,5,3,4) : 1
(1,5,3,4,0) : 3
(1,5,3,4,0,2) : 17
(1,5,3,4,2,0) : 16
(1,5,4) : 4
(1,5,4,0,2,3) : 10
(1,5,4,0,3,2) : 8
(1,5,4,2) : 1
(1,5,4,2,0,3) : 7
(1,5,4,2,3,0) : 17
(1,5,4,3) : 3
(1,5,4,3,0) : 1
(1,5,4,3,0,2) : 21
(1,5,4,3,2) : 1
(1,5,4,3,2,0) : 21
(2) : 1070
(2,0) : 7
(2,0,1,3,4,5) : 6
(2,0,1,3,5,4) : 1
(2,0,1,4,3,5) : 2
(2,0,1,5,4,3) : 2
(2,0,3) : 1
(2,0,3,1,4,5) : 2
(2,0,3,1,5,4) : 1
(2,0,3,4,1,5) : 1
(2,0,3,4,5) : 1
(2,0,3,5,1,4) : 1
(2,0,4,1,3,5) : 1
(2,0,4,3,1,5) : 2
(2,0,4,3,5,1) : 1
(2,0,4,5,1,3) : 1
(2,0,5) : 2
(2,0,5,1,4,3) : 1
(2,0,5,3,1,4) : 1
(2,0,5,3,4,1) : 1
(2,0,5,4,3,1) : 6
(2,1) : 117
(2,1,0) : 3
(2,1,0,3) : 1
(2,1,0,3,4) : 1
(2,1,0,3,4,5) : 11
(2,1,0,3,5,4) : 2
(2,1,0,4,5,3) : 3
(2,1,0,5,3,4) : 5
(2,1,0,5,4,3) : 7
(2,1,3) : 2
(2,1,3,0,4,5) : 3
(2,1,3,4) : 1
(2,1,3,4,0,5) : 2
(2,1,3,4,5,0) : 8
(2,1,3,5,4,0) : 2
(2,1,4) : 6
(2,1,4,0,3,5) : 4
(2,1,4,0,5,3) : 5
(2,1,4,3) : 1
(2,1,4,3,0,5) : 3
(2,1,4,3,5) : 2
(2,1,4,3,5,0) : 10
(2,1,4,5,0) : 1
(2,1,4,5,0,3) : 12
(2,1,4,5,3) : 1
(2,1,4,5,3,0) : 12
(2,1,5) : 5
(2,1,5,0,3,4) : 4
(2,1,5,0,4,3) : 34
(2,1,5,3,0,4) : 4
(2,1,5,3,4,0) : 7
(2,1,5,4,0) : 2
(2,1,5,4,0,3) : 18
(2,1,5,4,3,0) : 23
(2,3) : 12
(2,3,0) : 1
(2,3,0,1,4,5) : 3
(2,3,0,4,1,5) : 2
(2,3,0,4,5) : 1
(2,3,0,5,4,1) : 2
(2,3,1,0,4) : 1
(2,3,1,0,4,5) : 2
(2,3,1,0,5,4) : 3
(2,3,1,4,0,5) : 2
(2,3,1,4,5,0) : 3
(2,3,1,5,0,4) : 1
(2,3,1,5,4,0) : 2
(2,3,4) : 2
(2,3,4,0,1,5) : 1
(2,3,4,1) : 1
(2,3,4,1,0,5) : 6
(2,3,4,1,5,0) : 1
(2,3,4,5,0,1) : 5
(2,3,4,5,1,0) : 10
(2,3,5,0) : 1
(2,3,5,0,1,4) : 2
(2,3,5,0,4,1) : 4
(2,3,5,1,0,4) : 1
(2,3,5,1,4,0) : 2
(2,3,5,4) : 3
(2,3,5,4,0,1) : 1
(2,3,5,4,1,0) : 6
(2,4) : 66
(2,4,0) : 1
(2,4,0,1) : 1
(2,4,0,1,3,5) : 1
(2,4,0,1,5,3) : 2
(2,4,0,3,1,5) : 1
(2,4,0,3,5,1) : 2
(2,4,0,5,3,1) : 5
(2,4,1) : 7
(2,4,1,0) : 1
(2,4,1,0,3,5) : 2
(2,4,1,0,5,3) : 3
(2,4,1,3,0,5) : 4
(2,4,1,3,5,0) : 7
(2,4,1,5) : 2
(2,4,1,5,0,3) : 7
(2,4,1,5,3,0) : 7
(2,4,3) : 6
(2,4,3,0,1,5) : 2
(2,4,3,0,5,1) : 1
(2,4,3,1) : 1
(2,4,3,1,0) : 1
(2,4,3,1,0,5) : 3
(2,4,3,1,5,0) : 3
(2,4,3,5,0,1) : 8
(2,4,3,5,1,0) : 8
(2,4,5) : 2
(2,4,5,0,1,3) : 6
(2,4,5,0,3,1) : 1
(2,4,5,1,0,3) : 6
(2,4,5,1,3,0) : 2
(2,4,5,3) : 3
(2,4,5,3,0,1) : 7
(2,4,5,3,1,0) : 10
(2,5) : 28
(2,5,0) : 1
(2,5,0,1) : 1
(2,5,0,1,3,4) : 2
(2,5,0,1,4,3) : 5
(2,5,0,3,1,4) : 2
(2,5,0,3,4,1) : 1
(2,5,0,4,1,3) : 1
(2,5,1) : 7
(2,5,1,0,3,4) : 11
(2,5,1,0,4,3) : 7
(2,5,1,3,0,4) : 3
(2,5,1,3,4,0) : 2
(2,5,1,4) : 1
(2,5,1,4,0,3) : 10
(2,5,1,4,3,0) : 5
(2,5,3,0,1,4) : 1
(2,5,3,0,4,1) : 2
(2,5,3,1,0,4) : 3
(2,5,3,1,4,0) : 2
(2,5,3,4,0,1) : 4
(2,5,3,4,1,0) : 2
(2,5,4) : 3
(2,5,4,0,1,3) : 6
(2,5,4,0,3,1) : 2
(2,5,4,1,0,3) : 5
(2,5,4,1,3,0) : 8
(2,5,4,3,0,1) : 2
(2,5,4,3,1) : 1
(2,5,4,3,1,0) : 5
(3) : 1434
(3,0) : 27
(3,0,1,2) : 1
(3,0,1,2,4,5) : 6
(3,0,1,4,2,5) : 2
(3,0,1,4,5,2) : 3
(3,0,1,5,4,2) : 2
(3,0,2,1,4,5) : 2
(3,0,2,1,5,4) : 1
(3,0,2,4,5,1) : 1
(3,0,2,5,1,4) : 3
(3,0,2,5,4,1) : 2
(3,0,4) : 5
(3,0,4,1,5) : 2
(3,0,4,1,5,2) : 4
(3,0,4,2,1,5) : 1
(3,0,4,2,5) : 1
(3,0,4,5,1,2) : 7
(3,0,4,5,2,1) : 5
(3,0,5) : 2
(3,0,5,1,2,4) : 2
(3,0,5,1,4,2) : 2
(3,0,5,2,1,4) : 4
(3,0,5,2,4,1) : 3
(3,0,5,4,1,2) : 9
(3,0,5,4,2,1) : 5
(3,1) : 41
(3,1,0) : 2
(3,1,0,2,4,5) : 8
(3,1,0,2,5,4) : 1
(3,1,0,4,2,5) : 1
(3,1,0,4,5,2) : 5
(3,1,0,5,2,4) : 2
(3,1,0,5,4,2) : 1
(3,1,2) : 3
(3,1,2,0,4,5) : 2
(3,1,2,0,5,4) : 1
(3,1,2,4,0,5) : 1
(3,1,2,4,5,0) : 4
(3,1,2,5,0,4) : 3
(3,1,2,5,4,0) : 1
(3,1,4) : 8
(3,1,4,0,2) : 1
(3,1,4,0,2,5) : 1
(3,1,4,0,5) : 3
(3,1,4,0,5,2) : 6
(3,1,4,2,0,5) : 2
(3,1,4,2,5,0) : 5
(3,1,4,5,0,2) : 8
(3,1,4,5,2) : 1
(3,1,4,5,2,0) : 8
(3,1,5) : 6
(3,1,5,0,2,4) : 5
(3,1,5,0,4) : 1
(3,1,5,0,4,2) : 2
(3,1,5,2,0,4) : 5
(3,1,5,2,4,0) : 2
(3,1,5,4,0,2) : 4
(3,1,5,4,2,0) : 3
(3,2) : 8
(3,2,0) : 1
(3,2,0,1,4,5) : 3
(3,2,0,4,1,5) : 1
(3,2,0,5,1,4) : 2
(3,2,0,5,4,1) : 3
(3,2,1,0,4,5) : 9
(3,2,1,0,5,4) : 2
(3,2,1,4,0,5) : 1
(3,2,1,4,5,0) : 4
(3,2,4) : 2
(3,2,4,0,1,5) : 1
(3,2,4,1,0,5) : 1
(3,2,4,1,5,0) : 1
(3,2,4,5,0,1) : 2
(3,2,4,5,1,0) : 2
(3,2,5) : 3
(3,2,5,0,1,4) : 1
(3,2,5,4,1) : 1
(3,4) : 222
(3,4,0) : 6
(3,4,0,1,2,5) : 8
(3,4,0,1,5) : 1
(3,4,0,1,5,2) : 5
(3,4,0,2) : 1
(3,4,0,2,1) : 1
(3,4,0,2,1,5) : 3
(3,4,0,2,5,1) : 8
(3,4,0,5) : 1
(3,4,0,5,1,2) : 15
(3,4,0,5,2,1) : 16
(3,4,1) : 20
(3,4,1,0,2,5) : 10
(3,4,1,0,5,2) : 17
(3,4,1,2,0,5) : 3
(3,4,1,2,5,0) : 9
(3,4,1,5) : 2
(3,4,1,5,0,2) : 31
(3,4,1,5,2,0) : 14
(3,4,2) : 3
(3,4,2,0,1,5) : 2
(3,4,2,0,5,1) : 3
(3,4,2,1,0,5) : 4
(3,4,2,1,5,0) : 2
(3,4,2,5,0,1) : 10
(3,4,2,5,1,0) : 5
(3,4,5) : 22
(3,4,5,0) : 2
(3,4,5,0,1) : 2
(3,4,5,0,1,2) : 90
(3,4,5,0,2,1) : 51
(3,4,5,1) : 2
(3,4,5,1,0) : 1
(3,4,5,1,0,2) : 53
(3,4,5,1,2,0) : 17
(3,4,5,2) : 1
(3,4,5,2,0,1) : 19
(3,4,5,2,1,0) : 24
(3,5) : 39
(3,5,0) : 3
(3,5,0,1,2,4) : 4
(3,5,0,1,4,2) : 5
(3,5,0,2) : 2
(3,5,0,2,1,4) : 1
(3,5,0,2,4,1) : 9
(3,5,0,4,1,2) : 12
(3,5,0,4,2,1) : 4
(3,5,1) : 1
(3,5,1,0,2,4) : 4
(3,5,1,0,4,2) : 3
(3,5,1,2,0) : 1
(3,5,1,2,4,0) : 2
(3,5,1,4) : 3
(3,5,1,4,0,2) : 11
(3,5,1,4,2,0) : 4
(3,5,2) : 2
(3,5,2,0,1,4) : 5
(3,5,2,0,4,1) : 5
(3,5,2,4,0,1) : 6
(3,5,2,4,1) : 1
(3,5,2,4,1,0) : 1
(3,5,4) : 9
(3,5,4,0,1,2) : 24
(3,5,4,0,2,1) : 6
(3,5,4,1) : 2
(3,5,4,1,0,2) : 25
(3,5,4,1,2) : 1
(3,5,4,1,2,0) : 3
(3,5,4,2) : 1
(3,5,4,2,0,1) : 11
(3,5,4,2,1,0) : 11
(4) : 13911
(4,0) : 141
(4,0,1) : 11
(4,0,1,2,3,5) : 80
(4,0,1,2,5) : 1
(4,0,1,2,5,3) : 7
(4,0,1,3,2,5) : 10
(4,0,1,3,5) : 1
(4,0,1,3,5,2) : 15
(4,0,1,5) : 1
(4,0,1,5,2) : 1
(4,0,1,5,2,3) : 13
(4,0,1,5,3,2) : 15
(4,0,2) : 6
(4,0,2,1) : 1
(4,0,2,1,3,5) : 8
(4,0,2,1,5) : 1
(4,0,2,1,5,3) : 6
(4,0,2,3,1,5) : 3
(4,0,2,3,5,1) : 15
(4,0,2,5,1,3) : 3
(4,0,2,5,3) : 1
(4,0,2,5,3,1) : 5
(4,0,3) : 20
(4,0,3,1) : 3
(4,0,3,1,2) : 1
(4,0,3,1,2,5) : 7
(4,0,3,1,5,2) : 15
(4,0,3,2,1,5) : 7
(4,0,3,2,5,1) : 15
(4,0,3,5) : 3
(4,0,3,5,1,2) : 28
(4,0,3,5,2,1) : 43
(4,0,5) : 8
(4,0,5,1,2) : 1
(4,0,5,1,2,3) : 8
(4,0,5,1,3,2) : 9
(4,0,5,2,1) : 2
(4,0,5,2,1,3) : 2
(4,0,5,2,3,1) : 14
(4,0,5,3) : 4
(4,0,5,3,1) : 2
(4,0,5,3,1,2) : 13
(4,0,5,3,2,1) : 37
(4,1) : 300
(4,1,0) : 8
(4,1,0,2) : 2
(4,1,0,2,3) : 1
(4,1,0,2,3,5) : 90
(4,1,0,2,5) : 2
(4,1,0,2,5,3) : 13
(4,1,0,3) : 1
(4,1,0,3,2,5) : 20
(4,1,0,3,5) : 1
(4,1,0,3,5,2) : 33
(4,1,0,5) : 1
(4,1,0,5,2,3) : 13
(4,1,0,5,3) : 1
(4,1,0,5,3,2) : 23
(4,1,2) : 11
(4,1,2,0,3,5) : 17
(4,1,2,0,5,3) : 4
(4,1,2,3) : 1
(4,1,2,3,0,5) : 17
(4,1,2,3,5) : 1
(4,1,2,3,5,0) : 24
(4,1,2,5) : 1
(4,1,2,5,0) : 1
(4,1,2,5,0,3) : 3
(4,1,2,5,3,0) : 15
(4,1,3) : 30
(4,1,3,0) : 1
(4,1,3,0,2) : 2
(4,1,3,0,2,5) : 17
(4,1,3,0,5,2) : 26
(4,1,3,2) : 1
(4,1,3,2,0) : 1
(4,1,3,2,0,5) : 23
(4,1,3,2,5) : 1
(4,1,3,2,5,0) : 25
(4,1,3,5) : 2
(4,1,3,5,0) : 2
(4,1,3,5,0,2) : 53
(4,1,3,5,2) : 5
(4,1,3,5,2,0) : 49
(4,1,5) : 9
(4,1,5,0) : 1
(4,1,5,0,2) : 1
(4,1,5,0,2,3) : 13
(4,1,5,0,3,2) : 10
(4,1,5,2,0) : 2
(4,1,5,2,0,3) : 5
(4,1,5,2,3,0) : 14
(4,1,5,3) : 3
(4,1,5,3,0) : 2
(4,1,5,3,0,2) : 36
(4,1,5,3,2) : 1
(4,1,5,3,2,0) : 52
(4,2) : 69
(4,2,0) : 1
(4,2,0,1,3,5) : 7
(4,2,0,1,5,3) : 3
(4,2,0,3,1,5) : 2
(4,2,0,3,5,1) : 4
(4,2,0,5,1,3) : 4
(4,2,0,5,3,1) : 4
(4,2,1) : 6
(4,2,1,0,3,5) : 15
(4,2,1,0,5,3) : 4
(4,2,1,3,0,5) : 1
(4,2,1,3,5) : 1
(4,2,1,3,5,0) : 8
(4,2,1,5,0) : 1
(4,2,1,5,0,3) : 2
(4,2,1,5,3,0) : 3
(4,2,3) : 5
(4,2,3,0,1,5) : 5
(4,2,3,0,5,1) : 5
(4,2,3,1) : 2
(4,2,3,1,0,5) : 6
(4,2,3,1,5,0) : 8
(4,2,3,5) : 4
(4,2,3,5,0) : 2
(4,2,3,5,0,1) : 35
(4,2,3,5,1,0) : 22
(4,2,5) : 5
(4,2,5,0,1,3) : 10
(4,2,5,0,3,1) : 12
(4,2,5,1) : 1
(4,2,5,1,0,3) : 9
(4,2,5,1,3,0) : 3
(4,2,5,3) : 3
(4,2,5,3,0,1) : 24
(4,2,5,3,1) : 3
(4,2,5,3,1,0) : 18
(4,3) : 489
(4,3,0) : 27
(4,3,0,1) : 2
(4,3,0,1,2) : 1
(4,3,0,1,2,5) : 33
(4,3,0,1,5) : 1
(4,3,0,1,5,2) : 18
(4,3,0,2,1,5) : 6
(4,3,0,2,5,1) : 31
(4,3,0,5) : 6
(4,3,0,5,1) : 2
(4,3,0,5,1,2) : 66
(4,3,0,5,2) : 1
(4,3,0,5,2,1) : 92
(4,3,1) : 44
(4,3,1,0,2,5) : 31
(4,3,1,0,5) : 2
(4,3,1,0,5,2) : 31
(4,3,1,2) : 2
(4,3,1,2,0) : 3
(4,3,1,2,0,5) : 20
(4,3,1,2,5) : 1
(4,3,1,2,5,0) : 13
(4,3,1,5) : 3
(4,3,1,5,0,2) : 49
(4,3,1,5,2) : 1
(4,3,1,5,2,0) : 30
(4,3,2) : 17
(4,3,2,0,1,5) : 10
(4,3,2,0,5,1) : 22
(4,3,2,1) : 1
(4,3,2,1,0,5) : 64
(4,3,2,1,5,0) : 9
(4,3,2,5) : 2
(4,3,2,5,0,1) : 567
(4,3,2,5,1) : 1
(4,3,2,5,1,0) : 52
(4,3,5) : 73
(4,3,5,0) : 6
(4,3,5,0,1) : 1
(4,3,5,0,1,2) : 155
(4,3,5,0,2) : 4
(4,3,5,0,2,1) : 192
(4,3,5,1) : 5
(4,3,5,1,0) : 1
(4,3,5,1,0,2) : 78
(4,3,5,1,2,0) : 45
(4,3,5,2) : 2
(4,3,5,2,0) : 2
(4,3,5,2,0,1) : 151
(4,3,5,2,1) : 3
(4,3,5,2,1,0) : 83
(4,5) : 226
(4,5,0) : 12
(4,5,0,1) : 2
(4,5,0,1,2,3) : 36
(4,5,0,1,3,2) : 8
(4,5,0,2,1) : 1
(4,5,0,2,1,3) : 7
(4,5,0,2,3,1) : 13
(4,5,0,3) : 1
(4,5,0,3,1,2) : 17
(4,5,0,3,2) : 1
(4,5,0,3,2,1) : 34
(4,5,1) : 8
(4,5,1,0) : 2
(4,5,1,0,2,3) : 11
(4,5,1,0,3) : 1
(4,5,1,0,3,2) : 7
(4,5,1,2,0,3) : 17
(4,5,1,2,3) : 2
(4,5,1,2,3,0) : 11
(4,5,1,3,0) : 1
(4,5,1,3,0,2) : 18
(4,5,1,3,2,0) : 13
(4,5,2) : 10
(4,5,2,0) : 2
(4,5,2,0,1) : 1
(4,5,2,0,1,3) : 6
(4,5,2,0,3,1) : 14
(4,5,2,1,0,3) : 12
(4,5,2,1,3) : 1
(4,5,2,1,3,0) : 10
(4,5,2,3) : 4
(4,5,2,3,0,1) : 40
(4,5,2,3,1,0) : 26
(4,5,3) : 29
(4,5,3,0) : 1
(4,5,3,0,1) : 2
(4,5,3,0,1,2) : 54
(4,5,3,0,2,1) : 66
(4,5,3,1) : 1
(4,5,3,1,0) : 1
(4,5,3,1,0,2) : 52
(4,5,3,1,2,0) : 45
(4,5,3,2) : 7
(4,5,3,2,0,1) : 157
(4,5,3,2,1) : 2
(4,5,3,2,1,0) : 155
(5) : 1645
(5,0) : 13
(5,0,1) : 1
(5,0,1,2) : 1
(5,0,1,2,3,4) : 8
(5,0,1,2,4,3) : 1
(5,0,1,3,2,4) : 3
(5,0,1,3,4,2) : 3
(5,0,1,4) : 1
(5,0,1,4,2,3) : 2
(5,0,1,4,3,2) : 4
(5,0,2,1,3,4) : 3
(5,0,2,1,4,3) : 2
(5,0,2,3,1,4) : 2
(5,0,2,3,4,1) : 5
(5,0,2,4,1,3) : 2
(5,0,2,4,3,1) : 1
(5,0,3) : 1
(5,0,3,1,2,4) : 1
(5,0,3,1,4,2) : 3
(5,0,3,2,1,4) : 3
(5,0,3,2,4,1) : 1
(5,0,3,4,1,2) : 1
(5,0,3,4,2,1) : 3
(5,0,4,1,2,3) : 1
(5,0,4,1,3,2) : 1
(5,0,4,2,3,1) : 1
(5,0,4,3,1,2) : 1
(5,1) : 41
(5,1,0) : 1
(5,1,0,2,3,4) : 6
(5,1,0,2,4,3) : 3
(5,1,0,3,2,4) : 3
(5,1,0,3,4,2) : 4
(5,1,0,4) : 1
(5,1,0,4,3,2) : 2
(5,1,2) : 3
(5,1,2,0,3,4) : 15
(5,1,2,0,4,3) : 5
(5,1,2,3,0,4) : 8
(5,1,2,3,4) : 1
(5,1,2,3,4,0) : 12
(5,1,2,4,0,3) : 3
(5,1,2,4,3,0) : 10
(5,1,3,0,2,4) : 2
(5,1,3,0,4,2) : 3
(5,1,3,2,0,4) : 2
(5,1,3,2,4,0) : 1
(5,1,3,4,0) : 1
(5,1,3,4,0,2) : 1
(5,1,3,4,2,0) : 7
(5,1,4) : 4
(5,1,4,0,2,3) : 3
(5,1,4,0,3,2) : 4
(5,1,4,2,0,3) : 8
(5,1,4,2,3,0) : 14
(5,1,4,3,0) : 1
(5,1,4,3,0,2) : 13
(5,1,4,3,2,0) : 11
(5,2) : 17
(5,2,0,1,3,4) : 4
(5,2,0,1,4,3) : 5
(5,2,0,3,1,4) : 7
(5,2,0,3,4,1) : 3
(5,2,0,4,1,3) : 2
(5,2,0,4,3,1) : 2
(5,2,1) : 4
(5,2,1,0) : 1
(5,2,1,0,3,4) : 12
(5,2,1,0,4,3) : 7
(5,2,1,3,0,4) : 1
(5,2,1,3,4,0) : 5
(5,2,1,4,3,0) : 8
(5,2,3) : 1
(5,2,3,0,1,4) : 3
(5,2,3,0,4,1) : 4
(5,2,3,1,0,4) : 2
(5,2,3,1,4,0) : 2
(5,2,3,4,0,1) : 4
(5,2,3,4,1,0) : 5
(5,2,4) : 2
(5,2,4,0,1,3) : 1
(5,2,4,0,3,1) : 1
(5,2,4,1,0,3) : 2
(5,2,4,1,3,0) : 6
(5,2,4,3,0,1) : 2
(5,2,4,3,1,0) : 7
(5,3) : 17
(5,3,0) : 1
(5,3,0,1,2,4) : 3
(5,3,0,1,4,2) : 2
(5,3,0,2,1,4) : 2
(5,3,0,2,4,1) : 2
(5,3,0,4,1,2) : 6
(5,3,0,4,2,1) : 3
(5,3,1) : 1
(5,3,1,0,2,4) : 5
(5,3,1,0,4,2) : 2
(5,3,1,2,0,4) : 2
(5,3,1,2,4,0) : 3
(5,3,1,4) : 1
(5,3,1,4,0,2) : 2
(5,3,1,4,2) : 1
(5,3,1,4,2,0) : 7
(5,3,2) : 2
(5,3,2,0,1,4) : 4
(5,3,2,0,4) : 1
(5,3,2,0,4,1) : 1
(5,3,2,1,0,4) : 4
(5,3,2,1,4,0) : 3
(5,3,2,4,0,1) : 3
(5,3,2,4,1,0) : 4
(5,3,4) : 4
(5,3,4,0,1,2) : 4
(5,3,4,0,2,1) : 7
(5,3,4,1,0,2) : 10
(5,3,4,1,2,0) : 11
(5,3,4,2,0,1) : 4
(5,3,4,2,1,0) : 12
(5,4) : 35
(5,4,0) : 2
(5,4,0,1,2,3) : 8
(5,4,0,1,3,2) : 3
(5,4,0,2,1) : 1
(5,4,0,2,1,3) : 5
(5,4,0,2,3,1) : 3
(5,4,0,3,1,2) : 3
(5,4,0,3,2,1) : 1
(5,4,1) : 9
(5,4,1,0,2,3) : 7
(5,4,1,0,3,2) : 3
(5,4,1,2,0) : 1
(5,4,1,2,0,3) : 3
(5,4,1,2,3) : 1
(5,4,1,2,3,0) : 12
(5,4,1,3,0,2) : 12
(5,4,1,3,2,0) : 12
(5,4,2) : 2
(5,4,2,0,1,3) : 3
(5,4,2,0,3) : 1
(5,4,2,0,3,1) : 8
(5,4,2,1) : 1
(5,4,2,1,0) : 1
(5,4,2,1,0,3) : 6
(5,4,2,1,3) : 1
(5,4,2,1,3,0) : 5
(5,4,2,3) : 1
(5,4,2,3,0,1) : 8
(5,4,2,3,1,0) : 13
(5,4,3) : 11
(5,4,3,0,1,2) : 13
(5,4,3,0,2,1) : 11
(5,4,3,1) : 1
(5,4,3,1,0,2) : 14
(5,4,3,1,2) : 1
(5,4,3,1,2,0) : 8
(5,4,3,2) : 3
(5,4,3,2,0,1) : 24
(5,4,3,2,1,0) : 39
