0, 1, 2, 3, 4, 5, 6
ACP,GRN,LAB,IND,NLT,LIB,CDP
-+-+-+-+-
() : 225
(0) : 347
(0,1) : 29
(0,1,2) : 20
(0,1,2,3) : 1
(0,1,2,3,4,5) : 1
(0,1,2,3,4,5,6) : 42
(0,1,2,3,4,6,5) : 4
(0,1,2,3,5,4,6) : 15
(0,1,2,3,5,6,4) : 5
(0,1,2,3,6,4,5) : 1
(0,1,2,4,3,5,6) : 2
(0,1,2,4,5,3,6) : 2
(0,1,2,5) : 1
(0,1,2,5,3,4,6) : 5
(0,1,2,5,3,6,4) : 1
(0,1,2,5,4,3,6) : 1
(0,1,2,5,6,4,3) : 1
(0,1,3) : 2
(0,1,3,2) : 4
(0,1,3,2,4,5,6) : 6
(0,1,3,2,5,4,6) : 3
(0,1,3,2,5,6,4) : 1
(0,1,3,2,6,5,4) : 1
(0,1,3,4) : 1
(0,1,3,4,2,5,6) : 7
(0,1,3,4,2,6,5) : 1
(0,1,3,4,5,2,6) : 8
(0,1,3,4,5,6,2) : 1
(0,1,3,4,6,2,5) : 1
(0,1,3,5) : 1
(0,1,3,5,2,4,6) : 6
(0,1,3,5,2,6,4) : 1
(0,1,3,5,4,2,6) : 2
(0,1,3,5,4,6,2) : 1
(0,1,3,5,6,4,2) : 1
(0,1,3,6,2,4,5) : 1
(0,1,3,6,4,2,5) : 1
(0,1,4) : 1
(0,1,4,2,6,3,5) : 1
(0,1,4,3) : 1
(0,1,4,3,2,5,6) : 3
(0,1,4,3,5,2,6) : 1
(0,1,4,5,2,3,6) : 1
(0,1,4,6,2,3,5) : 1
(0,1,5) : 12
(0,1,5,2) : 1
(0,1,5,2,3,4,6) : 3
(0,1,5,2,3,6,4) : 1
(0,1,5,3) : 1
(0,1,5,3,2,4,6) : 4
(0,1,5,3,2,6) : 1
(0,1,5,3,4,6,2) : 1
(0,1,5,4,3,2,6) : 1
(0,1,5,6,3,2,4) : 1
(0,2) : 10
(0,2,1) : 7
(0,2,1,3) : 1
(0,2,1,3,4,5,6) : 5
(0,2,1,3,4,6,5) : 3
(0,2,1,3,5,4,6) : 3
(0,2,1,3,5,6,4) : 1
(0,2,1,3,6,4,5) : 1
(0,2,1,4,3,5,6) : 1
(0,2,1,4,3,6,5) : 1
(0,2,1,4,5,6,3) : 1
(0,2,1,4,6,5,3) : 1
(0,2,1,5) : 1
(0,2,1,5,3,4,6) : 3
(0,2,1,5,3,6,4) : 1
(0,2,1,5,4,3,6) : 1
(0,2,1,6,4,3,5) : 2
(0,2,3) : 1
(0,2,3,1,4,5,6) : 1
(0,2,3,1,4,6,5) : 1
(0,2,3,1,5,4,6) : 4
(0,2,3,4,1,5,6) : 3
(0,2,3,4,1,6,5) : 1
(0,2,3,4,5,6,1) : 2
(0,2,3,5,1,4,6) : 1
(0,2,3,5,6,4,1) : 1
(0,2,5) : 1
(0,2,5,1,3,4,6) : 2
(0,2,5,1,3,6,4) : 1
(0,2,5,1,6,3,4) : 1
(0,2,5,3,1,6,4) : 1
(0,2,5,4,6,1,3) : 1
(0,2,6,3,1,4,5) : 1
(0,3) : 4
(0,3,1) : 3
(0,3,1,2) : 4
(0,3,1,2,4,5,6) : 10
(0,3,1,2,4,6,5) : 4
(0,3,1,2,5,4,6) : 6
(0,3,1,2,5,6,4) : 2
(0,3,1,2,6,4,5) : 1
(0,3,1,4,2,5,6) : 1
(0,3,1,5,2,4,6) : 4
(0,3,1,6,4,5,2) : 1
(0,3,2) : 2
(0,3,2,1,4,5,6) : 1
(0,3,2,1,5,6,4) : 1
(0,3,2,4,1,5,6) : 1
(0,3,2,4,5,1,6) : 1
(0,3,2,4,5,6,1) : 1
(0,3,2,5,1,4,6) : 1
(0,3,2,5,4,1,6) : 2
(0,3,4) : 2
(0,3,4,1,2,5,6) : 2
(0,3,4,1,5,2,6) : 1
(0,3,4,1,6,2,5) : 2
(0,3,4,2,5,1,6) : 1
(0,3,4,2,5,6,1) : 1
(0,3,4,5,2,1,6) : 1
(0,3,4,6,2,1,5) : 1
(0,3,4,6,2,5,1) : 1
(0,3,5) : 5
(0,3,5,1,2,4,6) : 2
(0,3,5,1,4,2,6) : 1
(0,3,5,1,6,2,4) : 1
(0,3,5,2) : 1
(0,3,5,2,1,4,6) : 1
(0,3,5,2,4,1,6) : 1
(0,3,5,2,6,1,4) : 1
(0,3,5,4,2,1,6) : 1
(0,3,6,2,1,4,5) : 1
(0,3,6,5) : 1
(0,4) : 6
(0,4,1,2,3,5,6) : 1
(0,4,1,5,3,2,6) : 1
(0,4,3) : 1
(0,4,3,1,5,2,6) : 2
(0,4,3,2,1,5,6) : 1
(0,4,3,2,5,6) : 1
(0,4,3,5,1,2,6) : 1
(0,4,3,5,6) : 1
(0,4,3,5,6,1,2) : 1
(0,4,3,6,5,2,1) : 1
(0,4,5) : 1
(0,4,5,1,3,2,6) : 1
(0,4,5,3,1,2,6) : 1
(0,4,5,6,2,3,1) : 1
(0,4,6,5,3,2,1) : 1
(0,5) : 27
(0,5,1) : 2
(0,5,1,2,3,4,6) : 2
(0,5,1,2,3,6,4) : 1
(0,5,1,2,4,6,3) : 1
(0,5,1,3) : 1
(0,5,1,3,2,4,6) : 8
(0,5,1,3,4,2,6) : 2
(0,5,1,4,3,2,6) : 1
(0,5,1,6,4,3,2) : 1
(0,5,2,1) : 1
(0,5,2,1,3,4,6) : 5
(0,5,2,3,1,4,6) : 3
(0,5,2,3,1,6,4) : 2
(0,5,2,3,6,1,4) : 1
(0,5,2,4,3,1,6) : 1
(0,5,3) : 3
(0,5,3,1,2,4,6) : 4
(0,5,3,1,2,6,4) : 1
(0,5,3,1,4,2,6) : 1
(0,5,3,2,1,4,6) : 4
(0,5,3,2,6,1,4) : 1
(0,5,3,4,1,2,6) : 3
(0,5,3,4,6,1,2) : 1
(0,5,3,6,4,2,1) : 2
(0,5,4) : 1
(0,5,4,1,2,3,6) : 1
(0,5,4,1,3,2,6) : 3
(0,5,4,2,3,1,6) : 1
(0,5,4,3) : 1
(0,5,4,3,1,2,6) : 1
(0,5,4,3,1,6,2) : 1
(0,5,4,3,2,1,6) : 1
(0,5,4,3,2,6,1) : 1
(0,5,4,3,6,2,1) : 2
(0,5,4,6,3,2,1) : 1
(0,5,6,1,2,3,4) : 1
(0,5,6,2,4,3,1) : 1
(0,5,6,3,2,1,4) : 1
(0,6) : 1
(0,6,1,2,3,5,4) : 1
(0,6,1,4,5,3,2) : 1
(0,6,2,1,4,3,5) : 1
(0,6,2,5,3,1,4) : 1
(1) : 2742
(1,0) : 46
(1,0,2) : 19
(1,0,2,3) : 8
(1,0,2,3,4) : 1
(1,0,2,3,4,5,6) : 42
(1,0,2,3,4,6,5) : 19
(1,0,2,3,5,4,6) : 24
(1,0,2,3,5,6,4) : 3
(1,0,2,3,6,4,5) : 2
(1,0,2,3,6,5,4) : 2
(1,0,2,4) : 1
(1,0,2,4,3,5,6) : 8
(1,0,2,4,3,6,5) : 3
(1,0,2,4,5,3,6) : 3
(1,0,2,4,6,3,5) : 2
(1,0,2,5) : 1
(1,0,2,5,3,4) : 1
(1,0,2,5,3,4,6) : 7
(1,0,2,5,3,6,4) : 2
(1,0,2,5,4,3,6) : 1
(1,0,2,5,4,6,3) : 1
(1,0,2,6,3,5,4) : 1
(1,0,3) : 8
(1,0,3,2) : 19
(1,0,3,2,4) : 1
(1,0,3,2,4,5) : 1
(1,0,3,2,4,5,6) : 23
(1,0,3,2,4,6,5) : 5
(1,0,3,2,5) : 1
(1,0,3,2,5,4,6) : 18
(1,0,3,2,5,6,4) : 6
(1,0,3,4) : 2
(1,0,3,4,2) : 1
(1,0,3,4,2,5) : 2
(1,0,3,4,2,5,6) : 9
(1,0,3,4,2,6,5) : 1
(1,0,3,4,5,2,6) : 3
(1,0,3,4,6,2,5) : 2
(1,0,3,4,6,5,2) : 3
(1,0,3,5) : 1
(1,0,3,5,2) : 2
(1,0,3,5,2,4,6) : 8
(1,0,3,5,2,6,4) : 2
(1,0,3,6,2,4,5) : 1
(1,0,3,6,2,5,4) : 1
(1,0,4,2) : 1
(1,0,4,2,3,5,6) : 5
(1,0,4,2,5,3,6) : 2
(1,0,4,3,2,5,6) : 6
(1,0,4,3,5,2,6) : 1
(1,0,4,3,6,2,5) : 4
(1,0,4,3,6,5,2) : 1
(1,0,4,5,2,3,6) : 1
(1,0,5) : 6
(1,0,5,2) : 1
(1,0,5,2,3,4,6) : 9
(1,0,5,2,6,3,4) : 2
(1,0,5,3,2,4,6) : 5
(1,0,5,3,2,6,4) : 2
(1,0,5,3,4,6,2) : 2
(1,0,5,4,2,3,6) : 1
(1,0,5,6,2,4,3) : 2
(1,0,6,2,3,5,4) : 1
(1,0,6,3,2,5,4) : 1
(1,2) : 381
(1,2,0) : 26
(1,2,0,3) : 17
(1,2,0,3,4) : 2
(1,2,0,3,4,5) : 1
(1,2,0,3,4,5,6) : 110
(1,2,0,3,4,6,5) : 35
(1,2,0,3,5,4,6) : 48
(1,2,0,3,5,6) : 1
(1,2,0,3,5,6,4) : 4
(1,2,0,3,6,4,5) : 7
(1,2,0,3,6,5,4) : 4
(1,2,0,4,3,5,6) : 13
(1,2,0,4,3,6,5) : 3
(1,2,0,4,5,3,6) : 3
(1,2,0,4,5,6,3) : 1
(1,2,0,4,6,3,5) : 1
(1,2,0,5) : 1
(1,2,0,5,3,4) : 1
(1,2,0,5,3,4,6) : 17
(1,2,0,5,3,6,4) : 4
(1,2,0,5,4,3,6) : 7
(1,2,0,6,3,4,5) : 3
(1,2,3) : 93
(1,2,3,0) : 36
(1,2,3,0,4) : 1
(1,2,3,0,4,5) : 1
(1,2,3,0,4,5,6) : 129
(1,2,3,0,4,6,5) : 45
(1,2,3,0,5) : 1
(1,2,3,0,5,4,6) : 58
(1,2,3,0,5,6,4) : 11
(1,2,3,0,6,4,5) : 5
(1,2,3,0,6,5,4) : 4
(1,2,3,4) : 4
(1,2,3,4,0) : 1
(1,2,3,4,0,5) : 1
(1,2,3,4,0,5,6) : 66
(1,2,3,4,0,6,5) : 18
(1,2,3,4,5,0,6) : 24
(1,2,3,4,5,6) : 3
(1,2,3,4,5,6,0) : 15
(1,2,3,4,6,0,5) : 4
(1,2,3,4,6,5) : 1
(1,2,3,4,6,5,0) : 2
(1,2,3,5) : 19
(1,2,3,5,0) : 2
(1,2,3,5,0,4,6) : 49
(1,2,3,5,0,6) : 1
(1,2,3,5,0,6,4) : 3
(1,2,3,5,4) : 1
(1,2,3,5,4,0,6) : 40
(1,2,3,5,4,6,0) : 10
(1,2,3,5,6,0,4) : 4
(1,2,3,5,6,4,0) : 4
(1,2,3,6,0,4,5) : 2
(1,2,3,6,4,0,5) : 3
(1,2,3,6,4,5,0) : 2
(1,2,3,6,5,0,4) : 3
(1,2,3,6,5,4,0) : 1
(1,2,4) : 8
(1,2,4,0) : 1
(1,2,4,0,3,5,6) : 8
(1,2,4,0,3,6,5) : 5
(1,2,4,0,5,3,6) : 1
(1,2,4,0,6,5,3) : 1
(1,2,4,3) : 1
(1,2,4,3,0,5,6) : 19
(1,2,4,3,0,6,5) : 5
(1,2,4,3,5) : 1
(1,2,4,3,5,0,6) : 4
(1,2,4,3,5,6,0) : 3
(1,2,4,3,6,0,5) : 1
(1,2,4,3,6,5,0) : 1
(1,2,4,5,0,3,6) : 2
(1,2,4,5,3,0,6) : 2
(1,2,4,5,3,6,0) : 3
(1,2,4,5,6,0) : 1
(1,2,4,5,6,3,0) : 2
(1,2,4,6,3,0,5) : 1
(1,2,4,6,3,5,0) : 1
(1,2,5) : 42
(1,2,5,0) : 1
(1,2,5,0,3,4,6) : 26
(1,2,5,0,3,6) : 1
(1,2,5,0,3,6,4) : 1
(1,2,5,0,4,3,6) : 3
(1,2,5,0,4,6,3) : 1
(1,2,5,3) : 4
(1,2,5,3,0,4,6) : 36
(1,2,5,3,0,6,4) : 1
(1,2,5,3,4,0) : 1
(1,2,5,3,4,0,6) : 18
(1,2,5,3,4,6) : 1
(1,2,5,3,4,6,0) : 5
(1,2,5,3,6,0,4) : 2
(1,2,5,3,6,4,0) : 4
(1,2,5,4,0,3,6) : 2
(1,2,5,4,3) : 1
(1,2,5,4,3,0) : 1
(1,2,5,4,3,0,6) : 6
(1,2,5,4,3,6,0) : 2
(1,2,5,4,6,3,0) : 1
(1,2,5,6,0,3,4) : 1
(1,2,5,6,3,0,4) : 2
(1,2,5,6,3,4,0) : 2
(1,2,5,6,4,0,3) : 3
(1,2,5,6,4,3,0) : 2
(1,2,6) : 2
(1,2,6,0,3,4,5) : 2
(1,2,6,4,0,3,5) : 1
(1,2,6,5) : 1
(1,3) : 112
(1,3,0) : 22
(1,3,0,2) : 589
(1,3,0,2,4) : 1
(1,3,0,2,4,5,6) : 77
(1,3,0,2,4,6,5) : 37
(1,3,0,2,5) : 6
(1,3,0,2,5,4,6) : 51
(1,3,0,2,5,6,4) : 12
(1,3,0,2,6,4,5) : 4
(1,3,0,2,6,5) : 1
(1,3,0,2,6,5,4) : 6
(1,3,0,4) : 2
(1,3,0,4,2,5,6) : 11
(1,3,0,4,2,6,5) : 4
(1,3,0,4,5,2,6) : 7
(1,3,0,4,5,6,2) : 1
(1,3,0,4,6,2,5) : 3
(1,3,0,4,6,5,2) : 2
(1,3,0,5) : 3
(1,3,0,5,2,4) : 1
(1,3,0,5,2,4,6) : 3
(1,3,0,5,4,2) : 1
(1,3,0,5,4,2,6) : 4
(1,3,0,5,4,6,2) : 1
(1,3,0,6,4,2,5) : 2
(1,3,0,6,4,5,2) : 1
(1,3,2) : 88
(1,3,2,0) : 46
(1,3,2,0,4) : 1
(1,3,2,0,4,5,6) : 76
(1,3,2,0,4,6,5) : 25
(1,3,2,0,5) : 1
(1,3,2,0,5,4,6) : 34
(1,3,2,0,5,6,4) : 12
(1,3,2,0,6,4,5) : 8
(1,3,2,0,6,5,4) : 6
(1,3,2,4) : 4
(1,3,2,4,0,5,6) : 23
(1,3,2,4,0,6,5) : 11
(1,3,2,4,5,0,6) : 11
(1,3,2,4,5,6,0) : 7
(1,3,2,4,6,0,5) : 5
(1,3,2,5) : 16
(1,3,2,5,0) : 3
(1,3,2,5,0,4,6) : 29
(1,3,2,5,0,6,4) : 4
(1,3,2,5,4,0,6) : 29
(1,3,2,5,4,6,0) : 7
(1,3,2,5,6,0,4) : 1
(1,3,2,5,6,4,0) : 7
(1,3,2,6,0,4,5) : 1
(1,3,2,6,4,0,5) : 2
(1,3,2,6,4,5,0) : 1
(1,3,2,6,5,4,0) : 1
(1,3,4) : 8
(1,3,4,0,2,5,6) : 10
(1,3,4,0,2,6,5) : 1
(1,3,4,0,5,2,6) : 2
(1,3,4,0,5,6,2) : 1
(1,3,4,0,6,2,5) : 2
(1,3,4,0,6,5,2) : 1
(1,3,4,2,0,5,6) : 5
(1,3,4,2,0,6,5) : 1
(1,3,4,2,5,0,6) : 3
(1,3,4,2,5,6,0) : 1
(1,3,4,2,6,5,0) : 1
(1,3,4,5,0,6,2) : 1
(1,3,4,5,2,0,6) : 1
(1,3,4,5,2,6,0) : 4
(1,3,4,5,6,2,0) : 2
(1,3,4,6,0,2,5) : 3
(1,3,4,6,2,0,5) : 1
(1,3,4,6,5,2,0) : 2
(1,3,5) : 23
(1,3,5,0) : 1
(1,3,5,0,2,4,6) : 6
(1,3,5,0,2,6) : 1
(1,3,5,0,2,6,4) : 2
(1,3,5,0,4,2,6) : 4
(1,3,5,0,4,6,2) : 2
(1,3,5,2) : 2
(1,3,5,2,0,4,6) : 12
(1,3,5,2,0,6) : 2
(1,3,5,2,0,6,4) : 1
(1,3,5,2,4) : 1
(1,3,5,2,4,0) : 1
(1,3,5,2,4,0,6) : 20
(1,3,5,2,4,6,0) : 7
(1,3,5,2,6,0) : 1
(1,3,5,2,6,0,4) : 2
(1,3,5,2,6,4,0) : 6
(1,3,5,4,0,2,6) : 2
(1,3,5,4,2,0,6) : 3
(1,3,5,4,2,6,0) : 1
(1,3,5,6,2,0,4) : 1
(1,3,5,6,2,4,0) : 1
(1,3,5,6,4,2) : 1
(1,3,5,6,4,2,0) : 1
(1,3,6,0,2,5,4) : 1
(1,3,6,0,5,2,4) : 1
(1,3,6,2,5,4,0) : 1
(1,3,6,4,2,0,5) : 1
(1,4) : 11
(1,4,0) : 2
(1,4,0,2,3,5) : 1
(1,4,0,2,3,5,6) : 1
(1,4,0,2,5,6,3) : 1
(1,4,0,3,2,5,6) : 4
(1,4,0,3,2,6,5) : 2
(1,4,0,3,6,2,5) : 1
(1,4,0,3,6,5,2) : 1
(1,4,2) : 1
(1,4,2,3,0) : 1
(1,4,2,3,0,5,6) : 3
(1,4,2,3,0,6,5) : 1
(1,4,2,3,5,0,6) : 1
(1,4,2,5) : 1
(1,4,2,5,3,6,0) : 1
(1,4,3) : 2
(1,4,3,0,2,5,6) : 5
(1,4,3,0,2,6,5) : 2
(1,4,3,0,5,6,2) : 1
(1,4,3,0,6,5,2) : 1
(1,4,3,2,0,5,6) : 3
(1,4,3,2,0,6,5) : 2
(1,4,3,2,5,0,6) : 1
(1,4,3,5,0,2,6) : 1
(1,4,3,5,2,0,6) : 3
(1,4,3,6,0,5,2) : 1
(1,4,5) : 1
(1,4,5,0,3) : 1
(1,4,5,2,0,3,6) : 1
(1,4,5,2,3,0,6) : 1
(1,4,6) : 1
(1,4,6,5,2,3,0) : 1
(1,5) : 119
(1,5,0) : 2
(1,5,0,2) : 1
(1,5,0,2,3,4,6) : 10
(1,5,0,2,4,6,3) : 1
(1,5,0,3) : 1
(1,5,0,3,2,4,6) : 4
(1,5,0,3,4,2,6) : 4
(1,5,0,3,4,6,2) : 3
(1,5,0,4,2,3,6) : 1
(1,5,0,6,3,4,2) : 1
(1,5,2) : 23
(1,5,2,0) : 2
(1,5,2,0,3) : 1
(1,5,2,0,3,4,6) : 20
(1,5,2,3,0,4,6) : 32
(1,5,2,3,0,6,4) : 4
(1,5,2,3,4,0,6) : 26
(1,5,2,3,4,6,0) : 8
(1,5,2,3,6,0,4) : 4
(1,5,2,3,6,4) : 1
(1,5,2,3,6,4,0) : 2
(1,5,2,4,0,3,6) : 2
(1,5,2,6,3,4,0) : 1
(1,5,3) : 15
(1,5,3,0) : 1
(1,5,3,0,2,4,6) : 5
(1,5,3,0,2,6) : 1
(1,5,3,0,2,6,4) : 1
(1,5,3,0,4,2,6) : 4
(1,5,3,0,4,6,2) : 1
(1,5,3,0,6,4,2) : 1
(1,5,3,2) : 3
(1,5,3,2,0,4,6) : 25
(1,5,3,2,0,6,4) : 3
(1,5,3,2,4,0,6) : 9
(1,5,3,2,4,6,0) : 3
(1,5,3,2,6,4,0) : 2
(1,5,3,4,0,2,6) : 4
(1,5,3,4,2,0,6) : 3
(1,5,3,4,2,6) : 1
(1,5,3,4,2,6,0) : 1
(1,5,3,6,0,4,2) : 1
(1,5,3,6,2,0,4) : 1
(1,5,3,6,4,2,0) : 1
(1,5,4) : 1
(1,5,4,0,3,2,6) : 3
(1,5,4,0,6,3,2) : 1
(1,5,4,2,0,3,6) : 1
(1,5,4,2,3,0,6) : 1
(1,5,4,2,3,6,0) : 2
(1,5,4,3) : 1
(1,5,4,3,0,2,6) : 1
(1,5,4,3,0,6,2) : 1
(1,5,4,3,2,0,6) : 3
(1,5,4,3,6,0,2) : 1
(1,5,6,0,2,3,4) : 2
(1,5,6,3,2,4,0) : 1
(1,5,6,4,0,2,3) : 1
(1,5,6,4,2,3,0) : 1
(1,6) : 4
(1,6,0) : 1
(1,6,0,3,2,4,5) : 1
(1,6,0,4,3,5,2) : 1
(1,6,2,0,3,4,5) : 1
(1,6,2,3,0,4,5) : 1
(1,6,2,5,3,0,4) : 1
(1,6,3,2) : 1
(1,6,3,2,5,4,0) : 1
(1,6,3,4,0,2,5) : 1
(1,6,3,4,0,5,2) : 1
(1,6,4,5,2,0,3) : 1
(1,6,4,5,3,0,2) : 1
(1,6,5) : 1
(2) : 2859
(2,0) : 8
(2,0,1) : 6
(2,0,1,3,4,5,6) : 22
(2,0,1,3,4,6,5) : 2
(2,0,1,3,5,4,6) : 7
(2,0,1,3,5,6,4) : 1
(2,0,1,3,6,4,5) : 1
(2,0,1,3,6,5,4) : 1
(2,0,1,4,3,5,6) : 3
(2,0,1,4,3,6,5) : 2
(2,0,1,4,6,3,5) : 2
(2,0,1,5,3,4,6) : 1
(2,0,1,5,4,3,6) : 1
(2,0,1,5,6,3,4) : 1
(2,0,3) : 1
(2,0,3,1) : 2
(2,0,3,1,4,5,6) : 2
(2,0,3,1,4,6,5) : 2
(2,0,3,1,5,4,6) : 2
(2,0,3,1,6,4,5) : 1
(2,0,3,1,6,5,4) : 1
(2,0,3,4,1,5,6) : 1
(2,0,3,4,1,6,5) : 1
(2,0,3,4,5,1,6) : 2
(2,0,3,4,6,1,5) : 2
(2,0,3,5,4,1,6) : 1
(2,0,3,5,4,6,1) : 1
(2,0,4,1,3,5,6) : 2
(2,0,4,1,3,6,5) : 1
(2,0,4,1,5,3,6) : 1
(2,0,4,3,1,5,6) : 1
(2,0,4,6,1,3,5) : 1
(2,0,4,6,3,1,5) : 2
(2,0,5) : 1
(2,0,5,1,3,4,6) : 1
(2,0,5,1,4,3,6) : 1
(2,0,5,4,3,1,6) : 1
(2,0,6,1,3,4,5) : 1
(2,0,6,3,4,5,1) : 2
(2,0,6,4,1,3,5) : 1
(2,1) : 324
(2,1,0) : 21
(2,1,0,3) : 6
(2,1,0,3,4,5) : 1
(2,1,0,3,4,5,6) : 67
(2,1,0,3,4,6,5) : 43
(2,1,0,3,5) : 1
(2,1,0,3,5,4,6) : 17
(2,1,0,3,5,6,4) : 7
(2,1,0,3,6,4,5) : 7
(2,1,0,3,6,5,4) : 3
(2,1,0,4,3) : 1
(2,1,0,4,3,5,6) : 19
(2,1,0,4,3,6,5) : 10
(2,1,0,4,5,3,6) : 1
(2,1,0,4,5,6,3) : 2
(2,1,0,4,6,3,5) : 5
(2,1,0,4,6,5) : 1
(2,1,0,5) : 2
(2,1,0,5,3,4,6) : 13
(2,1,0,5,3,6,4) : 4
(2,1,0,5,4,3,6) : 2
(2,1,0,5,6,3,4) : 2
(2,1,0,6,3,4,5) : 2
(2,1,0,6,4,3,5) : 1
(2,1,0,6,5,4,3) : 1
(2,1,3) : 103
(2,1,3,0) : 6
(2,1,3,0,4) : 6
(2,1,3,0,4,5,6) : 101
(2,1,3,0,4,6,5) : 80
(2,1,3,0,5) : 2
(2,1,3,0,5,4) : 1
(2,1,3,0,5,4,6) : 52
(2,1,3,0,5,6) : 1
(2,1,3,0,5,6,4) : 12
(2,1,3,0,6,4,5) : 22
(2,1,3,0,6,5,4) : 15
(2,1,3,4) : 3
(2,1,3,4,0) : 1
(2,1,3,4,0,5,6) : 66
(2,1,3,4,0,6) : 1
(2,1,3,4,0,6,5) : 57
(2,1,3,4,5,0,6) : 29
(2,1,3,4,5,6,0) : 10
(2,1,3,4,6,0,5) : 6
(2,1,3,4,6,5) : 1
(2,1,3,4,6,5,0) : 7
(2,1,3,5) : 12
(2,1,3,5,0) : 1
(2,1,3,5,0,4) : 1
(2,1,3,5,0,4,6) : 42
(2,1,3,5,0,6,4) : 5
(2,1,3,5,4,0,6) : 34
(2,1,3,5,4,6,0) : 10
(2,1,3,5,6,0,4) : 8
(2,1,3,5,6,4,0) : 11
(2,1,3,6,0) : 1
(2,1,3,6,0,4,5) : 16
(2,1,3,6,0,5,4) : 1
(2,1,3,6,4,0,5) : 9
(2,1,3,6,4,5,0) : 1
(2,1,3,6,5,0,4) : 2
(2,1,3,6,5,4,0) : 4
(2,1,4) : 10
(2,1,4,0,3) : 1
(2,1,4,0,3,5,6) : 9
(2,1,4,0,3,6,5) : 5
(2,1,4,0,6,5) : 1
(2,1,4,3) : 1
(2,1,4,3,0,5,6) : 12
(2,1,4,3,0,6,5) : 19
(2,1,4,3,5) : 1
(2,1,4,3,5,0,6) : 2
(2,1,4,3,6,0,5) : 3
(2,1,4,5,3,0,6) : 5
(2,1,4,5,3,6,0) : 1
(2,1,4,5,6,3,0) : 1
(2,1,4,6,0,3,5) : 2
(2,1,4,6,0,5,3) : 1
(2,1,4,6,3,0,5) : 1
(2,1,4,6,3,5) : 1
(2,1,4,6,3,5,0) : 1
(2,1,4,6,5,3,0) : 1
(2,1,5) : 36
(2,1,5,0) : 1
(2,1,5,0,3,4,6) : 21
(2,1,5,0,3,6,4) : 3
(2,1,5,0,4,3,6) : 1
(2,1,5,0,6,4,3) : 1
(2,1,5,3) : 1
(2,1,5,3,0,4,6) : 35
(2,1,5,3,0,6,4) : 3
(2,1,5,3,4,0) : 1
(2,1,5,3,4,0,6) : 20
(2,1,5,3,4,6,0) : 5
(2,1,5,3,6,0,4) : 2
(2,1,5,3,6,4,0) : 1
(2,1,5,4,0,3,6) : 3
(2,1,5,4,3,0,6) : 6
(2,1,5,4,3,6,0) : 3
(2,1,5,4,6,0) : 1
(2,1,5,4,6,3,0) : 2
(2,1,5,6,0,3,4) : 1
(2,1,5,6,3,0,4) : 2
(2,1,5,6,3,4,0) : 1
(2,1,6) : 3
(2,1,6,0,3,4,5) : 3
(2,1,6,3,0,4,5) : 1
(2,1,6,3,4,0,5) : 1
(2,1,6,3,5,0,4) : 1
(2,1,6,4,0,3,5) : 1
(2,1,6,4,3,0) : 1
(2,1,6,4,3,0,5) : 2
(2,1,6,4,3,5) : 1
(2,1,6,4,5) : 1
(2,1,6,4,5,0,3) : 1
(2,1,6,5) : 1
(2,1,6,5,3) : 1
(2,1,6,5,3,4,0) : 2
(2,1,6,5,4,0,3) : 2
(2,1,6,5,4,3,0) : 2
(2,3) : 99
(2,3,0) : 5
(2,3,0,1) : 11
(2,3,0,1,4,5,6) : 23
(2,3,0,1,4,6,5) : 9
(2,3,0,1,5,4,6) : 12
(2,3,0,1,5,6,4) : 8
(2,3,0,1,6) : 1
(2,3,0,1,6,4,5) : 17
(2,3,0,1,6,5) : 1
(2,3,0,1,6,5,4) : 779
(2,3,0,4,1,5,6) : 1
(2,3,0,4,1,6,5) : 2
(2,3,0,4,5,1,6) : 1
(2,3,0,4,6,1,5) : 1
(2,3,0,5,1,4,6) : 2
(2,3,0,5,6,4,1) : 1
(2,3,1) : 50
(2,3,1,0) : 11
(2,3,1,0,4) : 1
(2,3,1,0,4,5,6) : 49
(2,3,1,0,4,6) : 1
(2,3,1,0,4,6,5) : 31
(2,3,1,0,5,4,6) : 19
(2,3,1,0,5,6,4) : 5
(2,3,1,0,6,4,5) : 8
(2,3,1,0,6,5,4) : 14
(2,3,1,4,0,5) : 1
(2,3,1,4,0,5,6) : 25
(2,3,1,4,0,6,5) : 19
(2,3,1,4,5,0,6) : 13
(2,3,1,4,5,6,0) : 5
(2,3,1,4,6,0,5) : 12
(2,3,1,4,6,5,0) : 1
(2,3,1,5) : 6
(2,3,1,5,0,4,6) : 19
(2,3,1,5,0,6,4) : 6
(2,3,1,5,4,0,6) : 10
(2,3,1,5,4,6,0) : 5
(2,3,1,5,6,0,4) : 2
(2,3,1,5,6,4,0) : 2
(2,3,1,6) : 3
(2,3,1,6,0,4,5) : 2
(2,3,1,6,0,5,4) : 3
(2,3,1,6,4) : 1
(2,3,1,6,4,0,5) : 5
(2,3,1,6,5,0,4) : 1
(2,3,1,6,5,4,0) : 4
(2,3,4) : 6
(2,3,4,0) : 1
(2,3,4,0,1,5,6) : 2
(2,3,4,0,1,6,5) : 1
(2,3,4,0,6,1,5) : 1
(2,3,4,1,0,5,6) : 11
(2,3,4,1,0,6,5) : 5
(2,3,4,1,5) : 1
(2,3,4,1,5,0,6) : 2
(2,3,4,1,5,6,0) : 6
(2,3,4,1,6,0,5) : 2
(2,3,4,1,6,5,0) : 2
(2,3,4,5) : 1
(2,3,4,5,0,1,6) : 4
(2,3,4,5,1,0,6) : 3
(2,3,4,5,1,6,0) : 2
(2,3,4,5,6,0,1) : 2
(2,3,4,5,6,1) : 1
(2,3,4,5,6,1,0) : 4
(2,3,4,6,0,1,5) : 2
(2,3,4,6,1,0,5) : 4
(2,3,4,6,5,0,1) : 1
(2,3,5) : 9
(2,3,5,0) : 1
(2,3,5,1) : 4
(2,3,5,1,0,4,6) : 7
(2,3,5,1,0,6,4) : 5
(2,3,5,1,4,0,6) : 7
(2,3,5,1,4,6,0) : 3
(2,3,5,1,6,0) : 1
(2,3,5,1,6,0,4) : 2
(2,3,5,1,6,4,0) : 2
(2,3,5,4,0,1,6) : 1
(2,3,5,4,1,0,6) : 1
(2,3,5,4,1,6,0) : 1
(2,3,5,4,6,1) : 1
(2,3,5,4,6,1,0) : 3
(2,3,5,6,1,4,0) : 1
(2,3,5,6,4,1,0) : 1
(2,3,6) : 1
(2,3,6,0,4,1,5) : 1
(2,3,6,1,0,5,4) : 1
(2,3,6,1,4,0,5) : 1
(2,3,6,1,5,4,0) : 1
(2,3,6,4,1,0,5) : 1
(2,3,6,5,0,4,1) : 1
(2,4) : 14
(2,4,0,1,3,5,6) : 3
(2,4,0,1,3,6,5) : 1
(2,4,0,1,5,3,6) : 1
(2,4,0,3,1,5,6) : 1
(2,4,0,3,1,6,5) : 1
(2,4,0,3,5,1,6) : 1
(2,4,0,6) : 1
(2,4,1,0,3,5,6) : 1
(2,4,1,0,3,6,5) : 2
(2,4,1,3,0,6,5) : 4
(2,4,1,3,5,0,6) : 1
(2,4,1,3,5,6,0) : 2
(2,4,1,3,6,0,5) : 1
(2,4,1,5,0,3,6) : 1
(2,4,1,5,3,0,6) : 2
(2,4,1,6,5,0,3) : 1
(2,4,3) : 1
(2,4,3,0,1,5,6) : 2
(2,4,3,1,0,5,6) : 1
(2,4,3,1,0,6,5) : 4
(2,4,3,1,5,0,6) : 3
(2,4,3,1,5,6,0) : 1
(2,4,3,5,0,1,6) : 1
(2,4,3,5,0,6) : 1
(2,4,3,5,1,0,6) : 1
(2,4,3,6,5,1,0) : 1
(2,4,5) : 3
(2,4,5,0,1,6) : 1
(2,4,5,1,0,3,6) : 1
(2,4,5,3) : 1
(2,4,5,3,1,0,6) : 2
(2,4,5,3,1,6,0) : 2
(2,4,5,3,6,1,0) : 1
(2,4,6) : 1
(2,4,6,1,0,3,5) : 1
(2,4,6,3,1,0,5) : 1
(2,5) : 114
(2,5,0) : 2
(2,5,0,1) : 1
(2,5,0,1,3,4,6) : 12
(2,5,0,1,4,3,6) : 2
(2,5,0,3,1,4,6) : 4
(2,5,0,3,4,1,6) : 2
(2,5,0,4,1,6,3) : 1
(2,5,0,6,1,3,4) : 1
(2,5,1) : 27
(2,5,1,0) : 1
(2,5,1,0,3,4,6) : 6
(2,5,1,0,3,6) : 1
(2,5,1,0,4,3,6) : 4
(2,5,1,3) : 2
(2,5,1,3,0,4,6) : 15
(2,5,1,3,0,6,4) : 3
(2,5,1,3,4,0,6) : 19
(2,5,1,3,4,6,0) : 9
(2,5,1,3,6,4,0) : 2
(2,5,1,4) : 1
(2,5,1,4,0,3,6) : 2
(2,5,1,4,3,0,6) : 1
(2,5,1,4,3,6,0) : 4
(2,5,1,4,6,3,0) : 2
(2,5,1,6,3,0,4) : 1
(2,5,3) : 9
(2,5,3,0,1,4,6) : 3
(2,5,3,0,4,6,1) : 1
(2,5,3,0,6,1,4) : 2
(2,5,3,1) : 6
(2,5,3,1,0,4,6) : 7
(2,5,3,1,0,6,4) : 2
(2,5,3,1,4,0,6) : 10
(2,5,3,1,4,6,0) : 5
(2,5,3,1,6,0,4) : 1
(2,5,3,1,6,4,0) : 2
(2,5,3,4) : 1
(2,5,3,4,0,1,6) : 3
(2,5,3,4,0,6,1) : 1
(2,5,3,4,1,0,6) : 5
(2,5,3,4,1,6,0) : 1
(2,5,3,4,6,0,1) : 1
(2,5,3,4,6,1,0) : 4
(2,5,3,6,0,1,4) : 1
(2,5,3,6,0,4,1) : 1
(2,5,3,6,1,0,4) : 2
(2,5,3,6,4,0,1) : 1
(2,5,3,6,4,1,0) : 1
(2,5,4) : 2
(2,5,4,0,1,3,6) : 2
(2,5,4,1,0,3,6) : 2
(2,5,4,1,3,0,6) : 2
(2,5,4,3,0,1,6) : 1
(2,5,4,3,1,0,6) : 4
(2,5,4,3,6,0,1) : 1
(2,5,4,3,6,1,0) : 1
(2,5,4,6,1,0,3) : 1
(2,5,4,6,3,1,0) : 3
(2,5,6) : 2
(2,5,6,1,0,3,4) : 1
(2,5,6,1,3,0,4) : 1
(2,5,6,1,3,4,0) : 1
(2,5,6,3,1,0,4) : 2
(2,5,6,3,4,0,1) : 1
(2,5,6,4,0,3,1) : 1
(2,5,6,4,3,0,1) : 2
(2,5,6,4,3,1,0) : 2
(2,6) : 7
(2,6,0) : 1
(2,6,1,0,3,4,5) : 1
(2,6,1,4,0,3,5) : 1
(2,6,1,5) : 1
(2,6,3) : 1
(2,6,3,0,1,4,5) : 1
(2,6,3,0,5,4,1) : 1
(2,6,3,1,0,4,5) : 1
(2,6,3,1,0,5,4) : 1
(2,6,3,4,1,0,5) : 2
(2,6,3,5) : 1
(2,6,3,5,0,4,1) : 1
(2,6,3,5,4,1,0) : 2
(2,6,4,3,1,0,5) : 1
(2,6,5,0,4,1,3) : 1
(2,6,5,3,0,4,1) : 1
(2,6,5,3,1,4,0) : 1
(2,6,5,3,4,0,1) : 1
(2,6,5,3,4,1,0) : 1
(2,6,5,4,1,3,0) : 1
(2,6,5,4,3,1,0) : 5
(3) : 2088
(3,0) : 18
(3,0,1) : 9
(3,0,1,2) : 4
(3,0,1,2,4,5,6) : 11
(3,0,1,2,4,6,5) : 11
(3,0,1,2,5) : 1
(3,0,1,2,5,4,6) : 9
(3,0,1,2,5,6,4) : 1
(3,0,1,4,2,5,6) : 5
(3,0,1,4,5,2,6) : 3
(3,0,1,5,2,4,6) : 7
(3,0,1,5,2,6,4) : 1
(3,0,2) : 1
(3,0,2,1) : 1
(3,0,2,1,4,5,6) : 3
(3,0,2,1,5,4,6) : 1
(3,0,2,1,6,5,4) : 1
(3,0,2,4,1,5,6) : 1
(3,0,2,4,1,6,5) : 1
(3,0,2,5,4,1,6) : 1
(3,0,2,5,6,4,1) : 1
(3,0,4) : 1
(3,0,4,1) : 1
(3,0,4,1,2,5,6) : 1
(3,0,4,1,2,6,5) : 1
(3,0,4,1,5) : 1
(3,0,4,1,5,2,6) : 3
(3,0,4,1,6,2,5) : 2
(3,0,4,2,1,5,6) : 2
(3,0,4,2,5,1,6) : 1
(3,0,4,5,2,1,6) : 2
(3,0,4,5,6,1,2) : 1
(3,0,4,6,1,2,5) : 3
(3,0,4,6,2,1,5) : 1
(3,0,4,6,2,5,1) : 2
(3,0,4,6,5,1,2) : 1
(3,0,4,6,5,2,1) : 1
(3,0,5) : 5
(3,0,5,1,2,4,6) : 1
(3,0,5,1,2,6,4) : 1
(3,0,5,1,4,2,6) : 1
(3,0,5,1,4,6,2) : 2
(3,0,5,2,1,4,6) : 3
(3,0,5,2,4,1,6) : 1
(3,0,5,2,6,1,4) : 1
(3,0,5,4,1,2,6) : 1
(3,0,5,4,1,6,2) : 2
(3,0,5,4,2,1,6) : 3
(3,0,5,4,2,6,1) : 2
(3,0,5,4,6,1,2) : 1
(3,0,5,4,6,2,1) : 2
(3,0,5,6) : 1
(3,0,5,6,1,2,4) : 1
(3,0,5,6,1,4,2) : 1
(3,0,5,6,4,2,1) : 1
(3,0,6,1,2,5,4) : 2
(3,0,6,2,5,1,4) : 1
(3,0,6,2,5,4,1) : 1
(3,0,6,4,1,2,5) : 1
(3,0,6,4,2,1,5) : 1
(3,0,6,4,5,2,1) : 1
(3,0,6,5,4,2,1) : 1
(3,1) : 122
(3,1,0) : 16
(3,1,0,2) : 17
(3,1,0,2,4,5,6) : 28
(3,1,0,2,4,6,5) : 9
(3,1,0,2,5) : 2
(3,1,0,2,5,4,6) : 25
(3,1,0,2,5,6,4) : 7
(3,1,0,2,6,4,5) : 4
(3,1,0,2,6,5,4) : 2
(3,1,0,4,2) : 1
(3,1,0,4,2,5,6) : 10
(3,1,0,4,2,6) : 1
(3,1,0,4,2,6,5) : 5
(3,1,0,4,5,2,6) : 4
(3,1,0,4,5,6,2) : 2
(3,1,0,4,6,2,5) : 2
(3,1,0,4,6,5,2) : 3
(3,1,0,5) : 2
(3,1,0,5,2,4,6) : 4
(3,1,0,5,2,6,4) : 5
(3,1,0,5,4) : 1
(3,1,0,5,4,2,6) : 1
(3,1,0,5,6,2,4) : 1
(3,1,0,6) : 1
(3,1,0,6,2,5,4) : 1
(3,1,0,6,4,2,5) : 2
(3,1,0,6,4,5,2) : 1
(3,1,2) : 80
(3,1,2,0) : 11
(3,1,2,0,4,5) : 1
(3,1,2,0,4,5,6) : 47
(3,1,2,0,4,6,5) : 36
(3,1,2,0,5) : 3
(3,1,2,0,5,4) : 1
(3,1,2,0,5,4,6) : 30
(3,1,2,0,5,6,4) : 9
(3,1,2,0,6,4,5) : 3
(3,1,2,0,6,5,4) : 7
(3,1,2,4) : 3
(3,1,2,4,0,5) : 1
(3,1,2,4,0,5,6) : 26
(3,1,2,4,0,6,5) : 9
(3,1,2,4,5,0) : 1
(3,1,2,4,5,0,6) : 11
(3,1,2,4,5,6,0) : 2
(3,1,2,4,6,0,5) : 6
(3,1,2,4,6,5,0) : 2
(3,1,2,5) : 19
(3,1,2,5,0) : 1
(3,1,2,5,0,4,6) : 39
(3,1,2,5,0,6,4) : 2
(3,1,2,5,4,0,6) : 22
(3,1,2,5,4,6,0) : 12
(3,1,2,5,6,0,4) : 2
(3,1,2,5,6,4) : 1
(3,1,2,5,6,4,0) : 11
(3,1,2,6,0,4,5) : 1
(3,1,2,6,4,0,5) : 3
(3,1,2,6,4,5,0) : 2
(3,1,2,6,5,4,0) : 1
(3,1,4) : 1
(3,1,4,0,2,5,6) : 4
(3,1,4,0,2,6,5) : 1
(3,1,4,0,5,2,6) : 3
(3,1,4,0,6,2) : 1
(3,1,4,2,0,5) : 1
(3,1,4,2,0,5,6) : 3
(3,1,4,2,0,6,5) : 2
(3,1,4,2,5,0,6) : 3
(3,1,4,2,5,6,0) : 2
(3,1,4,2,6,0,5) : 1
(3,1,4,5,0,2,6) : 3
(3,1,4,5,0,6,2) : 1
(3,1,4,5,2,0,6) : 3
(3,1,4,5,2,6,0) : 1
(3,1,4,6,0,2) : 1
(3,1,4,6,5,2,0) : 1
(3,1,5) : 27
(3,1,5,0,2,4,6) : 8
(3,1,5,0,2,6,4) : 3
(3,1,5,0,4,2,6) : 3
(3,1,5,0,4,6,2) : 1
(3,1,5,0,6,2,4) : 1
(3,1,5,2) : 8
(3,1,5,2,0,4,6) : 20
(3,1,5,2,0,6) : 1
(3,1,5,2,0,6,4) : 3
(3,1,5,2,4,0,6) : 14
(3,1,5,2,4,6) : 1
(3,1,5,2,4,6,0) : 2
(3,1,5,2,6,0,4) : 7
(3,1,5,2,6,4,0) : 4
(3,1,5,4,0,2) : 1
(3,1,5,4,0,2,6) : 2
(3,1,5,4,0,6) : 1
(3,1,5,4,2,0) : 1
(3,1,5,4,2,0,6) : 2
(3,1,5,4,2,6) : 1
(3,1,5,4,2,6,0) : 2
(3,1,5,4,6) : 1
(3,1,5,6,0,2,4) : 1
(3,1,5,6,0,4,2) : 2
(3,1,5,6,2,0,4) : 1
(3,1,5,6,2,4,0) : 1
(3,1,5,6,4,0,2) : 2
(3,1,5,6,4,2,0) : 2
(3,1,6) : 1
(3,1,6,0,2,4,5) : 1
(3,1,6,0,2,5,4) : 3
(3,1,6,0,4,5,2) : 2
(3,1,6,0,5,2,4) : 1
(3,1,6,2,0,4,5) : 2
(3,1,6,2,4,5,0) : 2
(3,1,6,2,5,0,4) : 2
(3,1,6,2,5,4,0) : 4
(3,1,6,4,0,5,2) : 1
(3,1,6,4,5,0,2) : 1
(3,1,6,5,0,2,4) : 1
(3,1,6,5,2,0,4) : 1
(3,1,6,5,4,2,0) : 1
(3,2) : 90
(3,2,0,1) : 1
(3,2,0,1,4,5,6) : 10
(3,2,0,1,4,6,5) : 4
(3,2,0,1,5,4,6) : 4
(3,2,0,1,5,6) : 1
(3,2,0,1,5,6,4) : 5
(3,2,0,1,6,4,5) : 2
(3,2,0,1,6,5,4) : 32
(3,2,0,4,1,5,6) : 1
(3,2,0,4,6,1,5) : 1
(3,2,0,4,6,5,1) : 1
(3,2,0,5,1,4,6) : 2
(3,2,0,5,4,1,6) : 1
(3,2,0,5,6,4,1) : 1
(3,2,0,6,4,1,5) : 2
(3,2,1) : 74
(3,2,1,0) : 8
(3,2,1,0,4,5,6) : 47
(3,2,1,0,4,6,5) : 38
(3,2,1,0,5,4,6) : 19
(3,2,1,0,5,6,4) : 5
(3,2,1,0,6,4,5) : 7
(3,2,1,0,6,5,4) : 9
(3,2,1,4) : 1
(3,2,1,4,0,5) : 1
(3,2,1,4,0,5,6) : 17
(3,2,1,4,0,6,5) : 21
(3,2,1,4,5,0,6) : 12
(3,2,1,4,5,6,0) : 10
(3,2,1,4,6,0,5) : 10
(3,2,1,4,6,5,0) : 8
(3,2,1,5) : 13
(3,2,1,5,0,4,6) : 20
(3,2,1,5,0,6,4) : 6
(3,2,1,5,4) : 1
(3,2,1,5,4,0,6) : 19
(3,2,1,5,4,6,0) : 5
(3,2,1,5,6,0,4) : 5
(3,2,1,5,6,4,0) : 12
(3,2,1,6) : 1
(3,2,1,6,0,4,5) : 3
(3,2,1,6,0,5,4) : 1
(3,2,1,6,4,0,5) : 3
(3,2,1,6,5,0,4) : 4
(3,2,1,6,5,4,0) : 2
(3,2,4,0,1,5,6) : 4
(3,2,4,0,1,6,5) : 2
(3,2,4,0,6,1,5) : 1
(3,2,4,1) : 1
(3,2,4,1,0,5,6) : 5
(3,2,4,1,0,6,5) : 4
(3,2,4,1,5,0,6) : 1
(3,2,4,1,5,6,0) : 2
(3,2,4,1,6,0,5) : 1
(3,2,4,1,6,5,0) : 2
(3,2,4,5) : 1
(3,2,4,5,0,1,6) : 1
(3,2,4,5,1,0,6) : 2
(3,2,4,5,6,1,0) : 3
(3,2,4,6,1,0,5) : 1
(3,2,4,6,1,5,0) : 1
(3,2,4,6,5,0,1) : 1
(3,2,5) : 12
(3,2,5,0,1,4,6) : 10
(3,2,5,0,4,6,1) : 2
(3,2,5,0,6,1,4) : 1
(3,2,5,0,6,4,1) : 1
(3,2,5,1) : 1
(3,2,5,1,0,4,6) : 9
(3,2,5,1,0,6,4) : 2
(3,2,5,1,4,0,6) : 6
(3,2,5,1,4,6,0) : 2
(3,2,5,1,6,0) : 1
(3,2,5,1,6,0,4) : 3
(3,2,5,1,6,4,0) : 1
(3,2,5,4,0,1,6) : 1
(3,2,5,4,1,0,6) : 5
(3,2,5,4,1,6,0) : 2
(3,2,5,4,6,1,0) : 1
(3,2,5,6,0,1,4) : 1
(3,2,5,6,0,4,1) : 1
(3,2,5,6,1,0,4) : 2
(3,2,5,6,4,1,0) : 4
(3,2,6) : 1
(3,2,6,0,4,1,5) : 2
(3,2,6,1) : 1
(3,2,6,1,0,4) : 1
(3,2,6,1,0,4,5) : 2
(3,2,6,1,4,0,5) : 3
(3,2,6,1,4,5,0) : 2
(3,2,6,1,5,0,4) : 1
(3,2,6,4,1,0,5) : 1
(3,2,6,4,5,0,1) : 1
(3,2,6,5,1,4,0) : 1
(3,2,6,5,4,0,1) : 3
(3,4) : 12
(3,4,0) : 1
(3,4,0,1,2,5,6) : 2
(3,4,0,1,2,6,5) : 1
(3,4,0,2,1,5,6) : 2
(3,4,0,5,2,1,6) : 1
(3,4,0,5,2,6,1) : 2
(3,4,0,6,1,2,5) : 2
(3,4,0,6,2,1,5) : 2
(3,4,1) : 1
(3,4,1,0,2,5,6) : 3
(3,4,1,0,2,6,5) : 2
(3,4,1,0,5,2,6) : 3
(3,4,1,0,6,2,5) : 1
(3,4,1,2) : 1
(3,4,1,2,0,5,6) : 5
(3,4,1,2,0,6,5) : 1
(3,4,1,2,5,0,6) : 2
(3,4,1,2,5,6,0) : 2
(3,4,1,5) : 1
(3,4,1,5,0,2,6) : 1
(3,4,1,5,2,0,6) : 5
(3,4,1,5,6,0) : 1
(3,4,2) : 1
(3,4,2,0,1,5,6) : 1
(3,4,2,0,5,1,6) : 1
(3,4,2,1) : 1
(3,4,2,1,0,5) : 1
(3,4,2,1,0,5,6) : 2
(3,4,2,1,5,0,6) : 1
(3,4,2,1,6,5,0) : 2
(3,4,2,5,0,6,1) : 1
(3,4,2,5,1,0,6) : 2
(3,4,2,5,6,1,0) : 2
(3,4,5) : 3
(3,4,5,0,2,1,6) : 1
(3,4,5,1,0,2,6) : 1
(3,4,5,1,2,0,6) : 2
(3,4,5,1,6,0,2) : 2
(3,4,5,2,1,0,6) : 2
(3,4,5,2,1,6,0) : 3
(3,4,5,2,6,0,1) : 1
(3,4,5,6,0,1,2) : 3
(3,4,5,6,0,2,1) : 1
(3,4,5,6,1,0,2) : 1
(3,4,5,6,1,2,0) : 1
(3,4,5,6,2,0,1) : 3
(3,4,5,6,2,1,0) : 4
(3,4,6,0,2,1,5) : 1
(3,4,6,1,0,2) : 1
(3,4,6,5,0,1,2) : 1
(3,4,6,5,2,0) : 1
(3,4,6,5,2,0,1) : 1
(3,5) : 266
(3,5,0) : 6
(3,5,0,1,2,4,6) : 8
(3,5,0,1,2,6,4) : 3
(3,5,0,1,4,2,6) : 3
(3,5,0,1,4,6,2) : 1
(3,5,0,1,6,4,2) : 2
(3,5,0,2,1,4,6) : 3
(3,5,0,2,1,6,4) : 3
(3,5,0,2,4,1,6) : 1
(3,5,0,2,6,4,1) : 1
(3,5,0,4,1,2,6) : 6
(3,5,0,4,1,6,2) : 1
(3,5,0,4,2,1,6) : 1
(3,5,0,4,2,6,1) : 4
(3,5,0,4,6,2) : 1
(3,5,0,4,6,2,1) : 1
(3,5,0,6,1,4,2) : 1
(3,5,0,6,2,1) : 1
(3,5,0,6,4,1,2) : 2
(3,5,0,6,4,2,1) : 3
(3,5,1) : 27
(3,5,1,0) : 1
(3,5,1,0,2,4,6) : 10
(3,5,1,0,2,6) : 1
(3,5,1,0,2,6,4) : 2
(3,5,1,0,4,2,6) : 4
(3,5,1,0,4,6,2) : 4
(3,5,1,0,6,2,4) : 1
(3,5,1,2) : 8
(3,5,1,2,0,4) : 1
(3,5,1,2,0,4,6) : 16
(3,5,1,2,0,6,4) : 3
(3,5,1,2,4) : 1
(3,5,1,2,4,0,6) : 12
(3,5,1,2,4,6,0) : 9
(3,5,1,2,6,0,4) : 2
(3,5,1,2,6,4,0) : 4
(3,5,1,4,0,2,6) : 7
(3,5,1,4,0,6) : 1
(3,5,1,4,0,6,2) : 2
(3,5,1,4,2,0,6) : 6
(3,5,1,4,2,6,0) : 3
(3,5,1,4,6,0) : 1
(3,5,1,4,6,0,2) : 2
(3,5,1,4,6,2,0) : 1
(3,5,1,6,0,2) : 1
(3,5,1,6,0,2,4) : 1
(3,5,1,6,0,4,2) : 2
(3,5,1,6,2,0,4) : 1
(3,5,1,6,2,4,0) : 2
(3,5,1,6,4,0,2) : 2
(3,5,1,6,4,2,0) : 4
(3,5,2) : 9
(3,5,2,0,1,4,6) : 7
(3,5,2,0,4,1,6) : 2
(3,5,2,0,4,6,1) : 1
(3,5,2,1) : 4
(3,5,2,1,0,4) : 1
(3,5,2,1,0,4,6) : 23
(3,5,2,1,0,6) : 1
(3,5,2,1,0,6,4) : 9
(3,5,2,1,4,0) : 1
(3,5,2,1,4,0,6) : 15
(3,5,2,1,4,6,0) : 6
(3,5,2,1,6,0,4) : 3
(3,5,2,1,6,4,0) : 6
(3,5,2,4,0,1,6) : 1
(3,5,2,4,0,6,1) : 1
(3,5,2,4,1,0,6) : 4
(3,5,2,4,1,6,0) : 2
(3,5,2,4,6,0,1) : 2
(3,5,2,4,6,1,0) : 5
(3,5,2,6,0,1,4) : 2
(3,5,2,6,0,4,1) : 2
(3,5,2,6,1,0,4) : 2
(3,5,2,6,1,4,0) : 3
(3,5,2,6,4,0,1) : 3
(3,5,2,6,4,1,0) : 2
(3,5,4) : 3
(3,5,4,0,1,2,6) : 3
(3,5,4,0,1,6,2) : 3
(3,5,4,0,2,1,6) : 2
(3,5,4,0,2,6,1) : 2
(3,5,4,0,6,1,2) : 3
(3,5,4,0,6,2,1) : 6
(3,5,4,1,0,2) : 1
(3,5,4,1,0,2,6) : 4
(3,5,4,1,2) : 1
(3,5,4,1,2,0,6) : 2
(3,5,4,1,2,6,0) : 6
(3,5,4,1,6,2,0) : 2
(3,5,4,2,0,1,6) : 4
(3,5,4,2,0,6,1) : 1
(3,5,4,2,1,0) : 1
(3,5,4,2,1,0,6) : 8
(3,5,4,2,1,6,0) : 3
(3,5,4,2,6,1,0) : 1
(3,5,4,6,0,1,2) : 6
(3,5,4,6,0,2,1) : 4
(3,5,4,6,1,0,2) : 1
(3,5,4,6,1,2,0) : 1
(3,5,4,6,2,0,1) : 3
(3,5,4,6,2,1,0) : 6
(3,5,6) : 9
(3,5,6,0,1,2) : 1
(3,5,6,0,1,2,4) : 3
(3,5,6,0,2,1) : 2
(3,5,6,0,2,1,4) : 3
(3,5,6,0,4,1,2) : 2
(3,5,6,0,4,2,1) : 5
(3,5,6,1) : 1
(3,5,6,1,0,2) : 1
(3,5,6,1,0,2,4) : 3
(3,5,6,1,0,4,2) : 1
(3,5,6,1,2,0) : 1
(3,5,6,1,2,0,4) : 2
(3,5,6,1,2,4,0) : 3
(3,5,6,1,4,0,2) : 5
(3,5,6,2) : 2
(3,5,6,2,0,1) : 1
(3,5,6,2,0,1,4) : 1
(3,5,6,2,0,4,1) : 1
(3,5,6,2,1,0,4) : 1
(3,5,6,2,1,4,0) : 3
(3,5,6,2,4,0,1) : 1
(3,5,6,2,4,1,0) : 4
(3,5,6,4,0,1,2) : 1
(3,5,6,4,0,2,1) : 9
(3,5,6,4,1,0,2) : 1
(3,5,6,4,1,2,0) : 3
(3,5,6,4,2,0,1) : 5
(3,5,6,4,2,1,0) : 7
(3,6) : 7
(3,6,0,1,4,2,5) : 1
(3,6,0,2,1,4,5) : 1
(3,6,0,2,5,1,4) : 1
(3,6,0,4,1,2,5) : 1
(3,6,0,4,2,5,1) : 1
(3,6,0,5,4,1,2) : 1
(3,6,0,5,4,2,1) : 3
(3,6,1,0,4,2,5) : 2
(3,6,1,0,5,4,2) : 1
(3,6,1,2,0,4,5) : 1
(3,6,1,2,4,0,5) : 3
(3,6,1,4,2,5,0) : 2
(3,6,2,0) : 1
(3,6,2,0,4,1,5) : 1
(3,6,2,1,5,4,0) : 1
(3,6,2,4,1,0,5) : 2
(3,6,2,5,4,1,0) : 1
(3,6,4,0,1,2,5) : 1
(3,6,4,1,0,5,2) : 1
(3,6,4,2,0,1,5) : 1
(3,6,4,2,0,5,1) : 1
(3,6,4,2,1,0,5) : 1
(3,6,4,5) : 1
(3,6,4,5,0,2,1) : 1
(3,6,5) : 2
(3,6,5,0,4,2,1) : 3
(3,6,5,1) : 1
(3,6,5,1,0,2,4) : 1
(3,6,5,1,0,4,2) : 1
(3,6,5,1,4,2,0) : 1
(3,6,5,2,0,4,1) : 1
(3,6,5,2,1,0,4) : 2
(3,6,5,4,1,2,0) : 2
(3,6,5,4,2,0,1) : 1
(3,6,5,4,2,1,0) : 1
(4) : 239
(4,0) : 4
(4,0,1,2,3,6,5) : 1
(4,0,1,2,5,6) : 1
(4,0,1,5,2,6,3) : 1
(4,0,1,6,3,2,5) : 1
(4,0,2,1,3,5,6) : 1
(4,0,2,5,3,6,1) : 1
(4,0,3,1,2,5,6) : 1
(4,0,3,6,5,2,1) : 1
(4,0,5) : 1
(4,0,5,3,2,1,6) : 1
(4,1) : 4
(4,1,0,2,3,5,6) : 1
(4,1,0,3,2,5,6) : 1
(4,1,0,3,5,2,6) : 1
(4,1,2,0,3,6,5) : 1
(4,1,2,3,0,5,6) : 1
(4,1,2,3,5,0,6) : 1
(4,1,2,5) : 1
(4,1,2,5,3,0,6) : 2
(4,1,3) : 2
(4,1,3,0,5,2,6) : 1
(4,1,3,2,5,0,6) : 2
(4,1,3,2,5,6,0) : 3
(4,2) : 4
(4,2,0) : 1
(4,2,1) : 4
(4,2,1,0,3,5,6) : 1
(4,2,1,3,0,6,5) : 1
(4,2,1,5) : 1
(4,2,1,5,3,6,0) : 1
(4,2,3) : 1
(4,2,3,1) : 1
(4,2,3,5,1,6,0) : 1
(4,2,5,6,3,1,0) : 2
(4,3) : 4
(4,3,0,1,5,2,6) : 1
(4,3,0,2,1,5,6) : 1
(4,3,0,2,1,6,5) : 2
(4,3,0,6,5,1,2) : 1
(4,3,1) : 1
(4,3,1,0,2,5,6) : 3
(4,3,1,0,2,6,5) : 1
(4,3,1,0,5,2,6) : 1
(4,3,1,0,6,2,5) : 1
(4,3,1,2,5,6) : 1
(4,3,1,2,5,6,0) : 1
(4,3,1,5,2,0,6) : 1
(4,3,2,0,1,5,6) : 1
(4,3,2,1,0,5,6) : 2
(4,3,2,5) : 1
(4,3,2,5,1,6,0) : 2
(4,3,2,5,6,0,1) : 1
(4,3,5) : 1
(4,3,5,0) : 1
(4,3,5,0,1,2,6) : 1
(4,3,5,0,2,1,6) : 1
(4,3,5,1,2,0,6) : 1
(4,3,5,2,1,0,6) : 4
(4,3,5,2,1,6,0) : 1
(4,3,6,0,1,2,5) : 1
(4,3,6,1,5,2,0) : 2
(4,3,6,5) : 1
(4,3,6,5,1,2,0) : 1
(4,5) : 18
(4,5,0) : 1
(4,5,0,1,2,3,6) : 1
(4,5,0,1,2,6,3) : 1
(4,5,0,6,1,3,2) : 1
(4,5,1) : 4
(4,5,1,0,2,3,6) : 1
(4,5,1,0,3,6,2) : 1
(4,5,1,2,3,0,6) : 2
(4,5,1,6,3,0,2) : 1
(4,5,2) : 2
(4,5,2,0,1,3,6) : 1
(4,5,2,1,0,3,6) : 1
(4,5,2,3) : 1
(4,5,2,3,6,1,0) : 1
(4,5,2,6,3,1,0) : 1
(4,5,3) : 2
(4,5,3,0,6,1,2) : 1
(4,5,3,1,2,0,6) : 1
(4,5,3,1,2,6,0) : 1
(4,5,3,2) : 1
(4,5,3,6,0,2,1) : 1
(4,5,3,6,1,2,0) : 1
(4,5,3,6,2,0,1) : 1
(4,5,6,0,1,2,3) : 1
(4,5,6,2,3,1,0) : 1
(4,5,6,3,0,2,1) : 1
(4,5,6,3,2,1,0) : 1
(4,6,0,1,2,3,5) : 1
(4,6,2,5,3,1,0) : 1
(4,6,3,1,0,2,5) : 1
(4,6,3,1,0,5,2) : 1
(4,6,3,5,2,1,0) : 2
(5) : 22147
(5,0) : 97
(5,0,1) : 11
(5,0,1,2,3) : 1
(5,0,1,2,3,4,6) : 25
(5,0,1,2,3,6,4) : 4
(5,0,1,2,4,3,6) : 1
(5,0,1,3) : 1
(5,0,1,3,2,4,6) : 9
(5,0,1,3,2,6,4) : 3
(5,0,1,3,4,2,6) : 10
(5,0,1,3,4,6,2) : 5
(5,0,1,3,6,4,2) : 2
(5,0,1,4,2,3,6) : 1
(5,0,1,4,3) : 1
(5,0,1,4,3,2,6) : 4
(5,0,1,4,6,3,2) : 1
(5,0,1,6,2,4,3) : 1
(5,0,1,6,4,3,2) : 2
(5,0,2) : 5
(5,0,2,1,3,4,6) : 10
(5,0,2,1,4,3,6) : 2
(5,0,2,1,6,4,3) : 2
(5,0,2,3,1) : 1
(5,0,2,3,1,4,6) : 3
(5,0,2,3,6,1,4) : 1
(5,0,2,3,6,4,1) : 2
(5,0,2,4,6,1,3) : 1
(5,0,3) : 15
(5,0,3,1,2,4,6) : 8
(5,0,3,1,4,2,6) : 5
(5,0,3,1,4,6,2) : 2
(5,0,3,1,6,4,2) : 2
(5,0,3,2,1,4,6) : 7
(5,0,3,2,1,6,4) : 1
(5,0,3,2,4) : 1
(5,0,3,2,4,1,6) : 1
(5,0,3,2,4,6,1) : 2
(5,0,3,2,6,1,4) : 1
(5,0,3,2,6,4,1) : 1
(5,0,3,4) : 2
(5,0,3,4,1,2,6) : 10
(5,0,3,4,2,1,6) : 11
(5,0,3,4,2,6,1) : 4
(5,0,3,4,6,1,2) : 6
(5,0,3,4,6,2,1) : 8
(5,0,3,6,1,2,4) : 2
(5,0,3,6,4,1,2) : 3
(5,0,3,6,4,2,1) : 3
(5,0,4) : 3
(5,0,4,1,2) : 1
(5,0,4,1,3,2,6) : 5
(5,0,4,1,3,6,2) : 1
(5,0,4,2,1,3,6) : 2
(5,0,4,3,1,2,6) : 10
(5,0,4,3,2,1,6) : 3
(5,0,4,3,6,1,2) : 6
(5,0,4,3,6,2,1) : 5
(5,0,4,6,1,3,2) : 2
(5,0,4,6,2,1,3) : 2
(5,0,4,6,3,1,2) : 4
(5,0,4,6,3,2,1) : 7
(5,0,6,1,4,2,3) : 1
(5,0,6,1,4,3,2) : 1
(5,0,6,2,1,3,4) : 1
(5,0,6,2,3,1,4) : 1
(5,0,6,2,3,4,1) : 2
(5,0,6,3,1,2,4) : 1
(5,0,6,3,1,4,2) : 1
(5,0,6,3,2,4,1) : 1
(5,0,6,3,4,1,2) : 4
(5,0,6,3,4,2,1) : 7
(5,0,6,4,1,3,2) : 3
(5,0,6,4,3,1,2) : 5
(5,0,6,4,3,2,1) : 5
(5,1) : 272
(5,1,0) : 8
(5,1,0,2) : 4
(5,1,0,2,3,4,6) : 19
(5,1,0,2,3,6) : 1
(5,1,0,2,3,6,4) : 2
(5,1,0,2,4,3,6) : 1
(5,1,0,2,6,4,3) : 2
(5,1,0,3) : 5
(5,1,0,3,2,4) : 1
(5,1,0,3,2,4,6) : 14
(5,1,0,3,2,6,4) : 2
(5,1,0,3,4,2,6) : 8
(5,1,0,3,4,6,2) : 4
(5,1,0,3,6,2,4) : 1
(5,1,0,3,6,4,2) : 1
(5,1,0,4,2,3,6) : 1
(5,1,0,4,2,6,3) : 1
(5,1,0,4,3,2) : 1
(5,1,0,4,3,2,6) : 7
(5,1,0,4,3,6,2) : 4
(5,1,0,4,6,3,2) : 2
(5,1,0,6,2,4,3) : 1
(5,1,0,6,3,4,2) : 1
(5,1,0,6,4,3,2) : 2
(5,1,2) : 56
(5,1,2,0,3) : 2
(5,1,2,0,3,4,6) : 22
(5,1,2,0,3,6,4) : 2
(5,1,2,0,4,3,6) : 4
(5,1,2,0,6,3,4) : 1
(5,1,2,3) : 7
(5,1,2,3,0) : 1
(5,1,2,3,0,4,6) : 38
(5,1,2,3,0,6,4) : 6
(5,1,2,3,4) : 1
(5,1,2,3,4,0,6) : 44
(5,1,2,3,4,6) : 1
(5,1,2,3,4,6,0) : 14
(5,1,2,3,6,0,4) : 2
(5,1,2,3,6,4,0) : 11
(5,1,2,4) : 1
(5,1,2,4,0,3,6) : 3
(5,1,2,4,3,0,6) : 10
(5,1,2,4,3,6) : 1
(5,1,2,4,3,6,0) : 3
(5,1,2,4,6,3,0) : 1
(5,1,2,6,3,4,0) : 2
(5,1,2,6,4,3,0) : 6
(5,1,3) : 42
(5,1,3,0) : 2
(5,1,3,0,2) : 1
(5,1,3,0,2,4) : 1
(5,1,3,0,2,4,6) : 11
(5,1,3,0,2,6,4) : 1
(5,1,3,0,4,2,6) : 8
(5,1,3,0,4,6,2) : 4
(5,1,3,0,6,2,4) : 2
(5,1,3,0,6,4,2) : 2
(5,1,3,2) : 11
(5,1,3,2,0,4) : 1
(5,1,3,2,0,4,6) : 33
(5,1,3,2,0,6,4) : 5
(5,1,3,2,4,0) : 1
(5,1,3,2,4,0,6) : 30
(5,1,3,2,4,6,0) : 8
(5,1,3,2,6,0,4) : 3
(5,1,3,2,6,4) : 1
(5,1,3,2,6,4,0) : 4
(5,1,3,4) : 1
(5,1,3,4,0,2,6) : 11
(5,1,3,4,0,6) : 1
(5,1,3,4,0,6,2) : 6
(5,1,3,4,2,0,6) : 10
(5,1,3,4,2,6,0) : 7
(5,1,3,4,6,0,2) : 5
(5,1,3,4,6,2) : 1
(5,1,3,4,6,2,0) : 4
(5,1,3,6,0,2,4) : 1
(5,1,3,6,0,4,2) : 3
(5,1,3,6,2,0,4) : 1
(5,1,3,6,2,4,0) : 1
(5,1,3,6,4) : 1
(5,1,3,6,4,0,2) : 3
(5,1,3,6,4,2,0) : 2
(5,1,4) : 10
(5,1,4,0,2,3,6) : 3
(5,1,4,0,3,2,6) : 2
(5,1,4,0,6,3,2) : 2
(5,1,4,2,3,0,6) : 1
(5,1,4,2,3,6,0) : 1
(5,1,4,3) : 2
(5,1,4,3,0,2,6) : 4
(5,1,4,3,0,6,2) : 1
(5,1,4,3,2,0,6) : 10
(5,1,4,3,6,0,2) : 10
(5,1,4,3,6,2) : 1
(5,1,4,3,6,2,0) : 1
(5,1,4,6,0,3,2) : 1
(5,1,4,6,2,0,3) : 1
(5,1,4,6,3,0,2) : 1
(5,1,6) : 3
(5,1,6,0,2,3,4) : 1
(5,1,6,0,4) : 1
(5,1,6,2,3,0,4) : 1
(5,1,6,2,4,3,0) : 1
(5,1,6,3) : 2
(5,1,6,3,0,4,2) : 1
(5,1,6,3,2,0,4) : 1
(5,1,6,3,2,4,0) : 4
(5,1,6,3,4,0,2) : 1
(5,1,6,3,4,2,0) : 1
(5,1,6,4,0,2,3) : 1
(5,1,6,4,0,3,2) : 1
(5,1,6,4,3,2,0) : 3
(5,2) : 189
(5,2,0) : 2
(5,2,0,1) : 1
(5,2,0,1,3,4,6) : 17
(5,2,0,1,4,3,6) : 1
(5,2,0,3,1,4,6) : 2
(5,2,0,3,1,6,4) : 1
(5,2,0,3,4,1,6) : 2
(5,2,0,4) : 1
(5,2,0,4,1,3,6) : 1
(5,2,0,4,3,6,1) : 1
(5,2,0,6,1,3,4) : 1
(5,2,0,6,1,4,3) : 1
(5,2,1) : 53
(5,2,1,0) : 1
(5,2,1,0,3,4) : 1
(5,2,1,0,3,4,6) : 29
(5,2,1,0,3,6,4) : 3
(5,2,1,0,4,3,6) : 8
(5,2,1,0,4,6,3) : 1
(5,2,1,3) : 10
(5,2,1,3,0,4) : 1
(5,2,1,3,0,4,6) : 41
(5,2,1,3,0,6) : 1
(5,2,1,3,0,6,4) : 7
(5,2,1,3,4,0) : 1
(5,2,1,3,4,0,6) : 45
(5,2,1,3,4,6) : 4
(5,2,1,3,4,6,0) : 12
(5,2,1,3,6,0,4) : 7
(5,2,1,3,6,4,0) : 9
(5,2,1,4,0,3,6) : 3
(5,2,1,4,0,6,3) : 1
(5,2,1,4,3,0,6) : 12
(5,2,1,4,3,6) : 1
(5,2,1,4,3,6,0) : 3
(5,2,1,6,0,3,4) : 1
(5,2,1,6,0,4,3) : 1
(5,2,1,6,3,0) : 1
(5,2,1,6,3,0,4) : 2
(5,2,1,6,3,4,0) : 4
(5,2,1,6,4,0,3) : 2
(5,2,1,6,4,3,0) : 6
(5,2,3) : 19
(5,2,3,0,1,4,6) : 6
(5,2,3,0,1,6) : 1
(5,2,3,0,1,6,4) : 1
(5,2,3,0,4,1,6) : 1
(5,2,3,0,6,4,1) : 1
(5,2,3,1) : 4
(5,2,3,1,0) : 1
(5,2,3,1,0,4,6) : 25
(5,2,3,1,0,6) : 1
(5,2,3,1,0,6,4) : 7
(5,2,3,1,4) : 2
(5,2,3,1,4,0) : 1
(5,2,3,1,4,0,6) : 30
(5,2,3,1,4,6) : 1
(5,2,3,1,4,6,0) : 12
(5,2,3,1,6,0,4) : 3
(5,2,3,1,6,4,0) : 14
(5,2,3,4) : 1
(5,2,3,4,0,1,6) : 12
(5,2,3,4,0,6,1) : 3
(5,2,3,4,1,0,6) : 19
(5,2,3,4,1,6,0) : 5
(5,2,3,4,6,0,1) : 7
(5,2,3,4,6,1,0) : 4
(5,2,3,6,0,1,4) : 1
(5,2,3,6,1,0,4) : 5
(5,2,3,6,1,4,0) : 6
(5,2,3,6,4,0,1) : 2
(5,2,3,6,4,1,0) : 6
(5,2,4) : 4
(5,2,4,0,1,3,6) : 1
(5,2,4,0,1,6,3) : 1
(5,2,4,0,3,1,6) : 2
(5,2,4,1,3,0,6) : 3
(5,2,4,1,3,6,0) : 1
(5,2,4,1,6,3,0) : 1
(5,2,4,3) : 1
(5,2,4,3,1,0,6) : 7
(5,2,4,3,1,6,0) : 4
(5,2,4,3,6,0,1) : 1
(5,2,4,3,6,1,0) : 3
(5,2,4,6,3,0,1) : 1
(5,2,4,6,3,1,0) : 1
(5,2,6) : 1
(5,2,6,0,1,3,4) : 2
(5,2,6,0,1,4,3) : 1
(5,2,6,0,3,4,1) : 1
(5,2,6,1) : 1
(5,2,6,1,3,0,4) : 1
(5,2,6,1,3,4,0) : 1
(5,2,6,1,4,3,0) : 1
(5,2,6,3,0,4,1) : 3
(5,2,6,3,1,0,4) : 2
(5,2,6,3,1,4,0) : 3
(5,2,6,3,4,0,1) : 1
(5,2,6,3,4,1,0) : 1
(5,2,6,4,0,3,1) : 1
(5,2,6,4,3,0,1) : 3
(5,2,6,4,3,1) : 1
(5,2,6,4,3,1,0) : 6
(5,3) : 548
(5,3,0) : 16
(5,3,0,1) : 1
(5,3,0,1,2,4,6) : 15
(5,3,0,1,2,6) : 1
(5,3,0,1,2,6,4) : 2
(5,3,0,1,4,2,6) : 5
(5,3,0,1,4,6,2) : 5
(5,3,0,1,6,2) : 1
(5,3,0,1,6,4,2) : 3
(5,3,0,2) : 1
(5,3,0,2,1,4,6) : 11
(5,3,0,2,1,6,4) : 4
(5,3,0,2,4,1,6) : 2
(5,3,0,2,4,6,1) : 2
(5,3,0,2,6,1) : 1
(5,3,0,2,6,1,4) : 1
(5,3,0,4) : 1
(5,3,0,4,1,2,6) : 8
(5,3,0,4,1,6) : 2
(5,3,0,4,1,6,2) : 3
(5,3,0,4,2,1,6) : 12
(5,3,0,4,2,6,1) : 2
(5,3,0,4,6,1,2) : 18
(5,3,0,4,6,2,1) : 11
(5,3,0,6) : 2
(5,3,0,6,1,2) : 1
(5,3,0,6,1,2,4) : 2
(5,3,0,6,1,4,2) : 2
(5,3,0,6,2,1,4) : 2
(5,3,0,6,2,4,1) : 2
(5,3,0,6,4,1,2) : 3
(5,3,0,6,4,2) : 1
(5,3,0,6,4,2,1) : 8
(5,3,1) : 49
(5,3,1,0) : 2
(5,3,1,0,2,4,6) : 21
(5,3,1,0,2,6) : 2
(5,3,1,0,2,6,4) : 3
(5,3,1,0,4) : 1
(5,3,1,0,4,2) : 1
(5,3,1,0,4,2,6) : 12
(5,3,1,0,4,6) : 1
(5,3,1,0,4,6,2) : 6
(5,3,1,0,6,2,4) : 1
(5,3,1,0,6,4,2) : 7
(5,3,1,2) : 14
(5,3,1,2,0,4,6) : 40
(5,3,1,2,0,6) : 1
(5,3,1,2,0,6,4) : 8
(5,3,1,2,4,0,6) : 34
(5,3,1,2,4,6) : 1
(5,3,1,2,4,6,0) : 17
(5,3,1,2,6,0) : 2
(5,3,1,2,6,0,4) : 8
(5,3,1,2,6,4,0) : 17
(5,3,1,4) : 2
(5,3,1,4,0,2,6) : 14
(5,3,1,4,0,6) : 1
(5,3,1,4,0,6,2) : 4
(5,3,1,4,2,0,6) : 13
(5,3,1,4,2,6) : 1
(5,3,1,4,2,6,0) : 7
(5,3,1,4,6,0,2) : 7
(5,3,1,4,6,2) : 1
(5,3,1,4,6,2,0) : 5
(5,3,1,6) : 1
(5,3,1,6,0,2,4) : 3
(5,3,1,6,0,4) : 1
(5,3,1,6,0,4,2) : 4
(5,3,1,6,2,0,4) : 5
(5,3,1,6,2,4,0) : 2
(5,3,1,6,4,0,2) : 4
(5,3,1,6,4,2,0) : 7
(5,3,2) : 19
(5,3,2,0) : 1
(5,3,2,0,1,4,6) : 16
(5,3,2,0,1,6) : 1
(5,3,2,0,1,6,4) : 2
(5,3,2,0,4,1,6) : 4
(5,3,2,0,4,6,1) : 4
(5,3,2,0,6,1,4) : 1
(5,3,2,0,6,4,1) : 1
(5,3,2,1) : 7
(5,3,2,1,0,4,6) : 42
(5,3,2,1,0,6) : 2
(5,3,2,1,0,6,4) : 11
(5,3,2,1,4,0,6) : 27
(5,3,2,1,4,6) : 2
(5,3,2,1,4,6,0) : 15
(5,3,2,1,6,0) : 2
(5,3,2,1,6,0,4) : 2
(5,3,2,1,6,4) : 1
(5,3,2,1,6,4,0) : 10
(5,3,2,4) : 1
(5,3,2,4,0,1,6) : 6
(5,3,2,4,0,6,1) : 4
(5,3,2,4,1) : 1
(5,3,2,4,1,0,6) : 11
(5,3,2,4,1,6,0) : 5
(5,3,2,4,6,0,1) : 8
(5,3,2,4,6,1,0) : 5
(5,3,2,6) : 2
(5,3,2,6,0,1,4) : 4
(5,3,2,6,0,4,1) : 2
(5,3,2,6,1,0) : 1
(5,3,2,6,1,0,4) : 1
(5,3,2,6,1,4,0) : 3
(5,3,2,6,4,0,1) : 2
(5,3,2,6,4,1,0) : 8
(5,3,4) : 19
(5,3,4,0) : 1
(5,3,4,0,1,2,6) : 19
(5,3,4,0,1,6,2) : 11
(5,3,4,0,2,1,6) : 10
(5,3,4,0,2,6,1) : 5
(5,3,4,0,6,1,2) : 12
(5,3,4,0,6,2,1) : 17
(5,3,4,1) : 2
(5,3,4,1,0) : 1
(5,3,4,1,0,2,6) : 11
(5,3,4,1,0,6,2) : 9
(5,3,4,1,2,0,6) : 9
(5,3,4,1,2,6,0) : 9
(5,3,4,1,6,0,2) : 2
(5,3,4,1,6,2,0) : 3
(5,3,4,2,0,1,6) : 8
(5,3,4,2,0,6,1) : 2
(5,3,4,2,1,0,6) : 18
(5,3,4,2,1,6,0) : 6
(5,3,4,2,6,0,1) : 2
(5,3,4,2,6,1,0) : 3
(5,3,4,6) : 3
(5,3,4,6,0,1,2) : 22
(5,3,4,6,0,2,1) : 9
(5,3,4,6,1,0,2) : 9
(5,3,4,6,1,2,0) : 2
(5,3,4,6,2,0,1) : 6
(5,3,4,6,2,1,0) : 19
(5,3,6) : 14
(5,3,6,0) : 1
(5,3,6,0,1,2) : 1
(5,3,6,0,1,2,4) : 4
(5,3,6,0,1,4,2) : 6
(5,3,6,0,2,1) : 1
(5,3,6,0,2,1,4) : 3
(5,3,6,0,2,4,1) : 2
(5,3,6,0,4,1,2) : 4
(5,3,6,0,4,2,1) : 3
(5,3,6,1,0,2,4) : 2
(5,3,6,1,0,4,2) : 1
(5,3,6,1,2,0,4) : 6
(5,3,6,1,2,4,0) : 5
(5,3,6,1,4,0,2) : 2
(5,3,6,2) : 1
(5,3,6,2,0,1,4) : 1
(5,3,6,2,0,4,1) : 2
(5,3,6,2,1,0,4) : 8
(5,3,6,2,1,4,0) : 2
(5,3,6,2,4,0,1) : 2
(5,3,6,2,4,1,0) : 5
(5,3,6,4) : 2
(5,3,6,4,0,1) : 1
(5,3,6,4,0,1,2) : 16
(5,3,6,4,0,2,1) : 18
(5,3,6,4,1,0,2) : 2
(5,3,6,4,1,2,0) : 6
(5,3,6,4,2,0,1) : 7
(5,3,6,4,2,1,0) : 13
(5,4) : 86
(5,4,0) : 2
(5,4,0,1,2,3,6) : 2
(5,4,0,1,3) : 1
(5,4,0,1,3,2,6) : 3
(5,4,0,1,3,6,2) : 2
(5,4,0,1,6,2,3) : 2
(5,4,0,1,6,3,2) : 1
(5,4,0,2,1,6,3) : 1
(5,4,0,2,3,1,6) : 1
(5,4,0,2,3,6,1) : 1
(5,4,0,2,6,3,1) : 1
(5,4,0,3,1,2,6) : 4
(5,4,0,3,1,6,2) : 1
(5,4,0,3,2,1,6) : 3
(5,4,0,3,2,6,1) : 1
(5,4,0,3,6,1) : 1
(5,4,0,3,6,1,2) : 4
(5,4,0,3,6,2,1) : 1
(5,4,0,6) : 1
(5,4,0,6,1,3,2) : 2
(5,4,0,6,3,1,2) : 6
(5,4,0,6,3,2,1) : 7
(5,4,1) : 5
(5,4,1,0,2,3,6) : 1
(5,4,1,0,2,6,3) : 1
(5,4,1,0,3,2,6) : 4
(5,4,1,0,3,6,2) : 4
(5,4,1,0,6,3,2) : 1
(5,4,1,2) : 1
(5,4,1,2,0,3,6) : 5
(5,4,1,2,0,6,3) : 1
(5,4,1,2,3,0,6) : 1
(5,4,1,2,3,6,0) : 1
(5,4,1,3) : 1
(5,4,1,3,0,2,6) : 4
(5,4,1,3,2,0,6) : 4
(5,4,1,3,2,6) : 1
(5,4,1,3,2,6,0) : 2
(5,4,1,3,6,2,0) : 2
(5,4,1,6,3,0,2) : 1
(5,4,1,6,3,2,0) : 1
(5,4,2) : 2
(5,4,2,0,1,3,6) : 2
(5,4,2,1,0,3,6) : 3
(5,4,2,1,3,0,6) : 1
(5,4,2,1,3,6,0) : 4
(5,4,2,1,6,0) : 1
(5,4,2,3,0,1,6) : 1
(5,4,2,3,0,6,1) : 1
(5,4,2,3,1,0,6) : 3
(5,4,2,3,1,6,0) : 1
(5,4,2,3,6,1,0) : 1
(5,4,2,6,0,1,3) : 1
(5,4,2,6,1,0,3) : 1
(5,4,2,6,1,3,0) : 2
(5,4,3) : 15
(5,4,3,0) : 1
(5,4,3,0,1,2,6) : 15
(5,4,3,0,1,6,2) : 6
(5,4,3,0,2) : 1
(5,4,3,0,2,1,6) : 6
(5,4,3,0,2,6,1) : 3
(5,4,3,0,6,1,2) : 9
(5,4,3,0,6,2,1) : 13
(5,4,3,1) : 1
(5,4,3,1,0) : 1
(5,4,3,1,0,2) : 1
(5,4,3,1,0,2,6) : 10
(5,4,3,1,0,6,2) : 5
(5,4,3,1,2,0,6) : 8
(5,4,3,1,2,6,0) : 3
(5,4,3,1,6,0,2) : 5
(5,4,3,1,6,2,0) : 3
(5,4,3,2) : 1
(5,4,3,2,0,1,6) : 7
(5,4,3,2,0,6,1) : 5
(5,4,3,2,1) : 1
(5,4,3,2,1,0,6) : 15
(5,4,3,2,1,6) : 2
(5,4,3,2,1,6,0) : 2
(5,4,3,2,6,0,1) : 1
(5,4,3,2,6,1,0) : 4
(5,4,3,6) : 3
(5,4,3,6,0,1,2) : 11
(5,4,3,6,0,2,1) : 7
(5,4,3,6,1,0,2) : 1
(5,4,3,6,1,2,0) : 8
(5,4,3,6,2,0,1) : 3
(5,4,3,6,2,1,0) : 7
(5,4,6) : 9
(5,4,6,0,1,2,3) : 4
(5,4,6,0,1,3,2) : 1
(5,4,6,0,2,3,1) : 1
(5,4,6,0,3,1,2) : 3
(5,4,6,0,3,2,1) : 4
(5,4,6,1,0,3,2) : 1
(5,4,6,1,3,0,2) : 1
(5,4,6,1,3,2,0) : 3
(5,4,6,2,0,3,1) : 1
(5,4,6,2,3,1,0) : 1
(5,4,6,3,0,1,2) : 6
(5,4,6,3,0,2,1) : 7
(5,4,6,3,1,0,2) : 1
(5,4,6,3,1,2,0) : 4
(5,4,6,3,2,0,1) : 6
(5,4,6,3,2,1,0) : 6
(5,6) : 152
(5,6,0) : 4
(5,6,0,1,2,3) : 1
(5,6,0,1,2,3,4) : 5
(5,6,0,1,2,4,3) : 1
(5,6,0,1,3,2,4) : 1
(5,6,0,1,3,4,2) : 1
(5,6,0,1,4,3,2) : 2
(5,6,0,2,3,1,4) : 1
(5,6,0,2,3,4,1) : 3
(5,6,0,2,4,1,3) : 1
(5,6,0,2,4,3,1) : 2
(5,6,0,3,1,2,4) : 1
(5,6,0,3,2,4,1) : 3
(5,6,0,3,4,1,2) : 4
(5,6,0,3,4,2,1) : 9
(5,6,0,4,1,2,3) : 1
(5,6,0,4,1,3,2) : 1
(5,6,0,4,2,1,3) : 1
(5,6,0,4,3,1,2) : 3
(5,6,0,4,3,2,1) : 7
(5,6,1) : 4
(5,6,1,0,2,3,4) : 3
(5,6,1,0,3,2,4) : 1
(5,6,1,0,4,3,2) : 2
(5,6,1,2,0,3,4) : 1
(5,6,1,2,3,0,4) : 1
(5,6,1,2,3,4) : 1
(5,6,1,2,3,4,0) : 3
(5,6,1,3,0,2,4) : 2
(5,6,1,3,0,4,2) : 2
(5,6,1,3,2) : 1
(5,6,1,3,2,4,0) : 3
(5,6,1,3,4,2,0) : 1
(5,6,1,4,3,2,0) : 1
(5,6,2) : 1
(5,6,2,0,3,1,4) : 1
(5,6,2,0,3,4,1) : 5
(5,6,2,0,4,3,1) : 1
(5,6,2,1,0,3,4) : 2
(5,6,2,1,3,0,4) : 2
(5,6,2,1,3,4,0) : 2
(5,6,2,3) : 1
(5,6,2,3,0,1,4) : 1
(5,6,2,3,0,4,1) : 2
(5,6,2,3,1,0,4) : 2
(5,6,2,3,1,4,0) : 2
(5,6,2,3,4) : 1
(5,6,2,3,4,0,1) : 4
(5,6,2,3,4,1,0) : 2
(5,6,2,4,1,0,3) : 1
(5,6,2,4,3,0,1) : 3
(5,6,2,4,3,1,0) : 1
(5,6,3) : 21
(5,6,3,0,1) : 2
(5,6,3,0,1,2) : 2
(5,6,3,0,1,2,4) : 2
(5,6,3,0,1,4,2) : 4
(5,6,3,0,2,1) : 1
(5,6,3,0,2,1,4) : 6
(5,6,3,0,2,4,1) : 3
(5,6,3,0,4,1,2) : 10
(5,6,3,0,4,2,1) : 23
(5,6,3,1,0,2,4) : 4
(5,6,3,1,0,4,2) : 2
(5,6,3,1,2) : 1
(5,6,3,1,2,0,4) : 5
(5,6,3,1,2,4,0) : 3
(5,6,3,1,4,0,2) : 1
(5,6,3,1,4,2) : 2
(5,6,3,1,4,2,0) : 1
(5,6,3,2,0,1,4) : 5
(5,6,3,2,0,4,1) : 4
(5,6,3,2,1,0,4) : 10
(5,6,3,2,1,4,0) : 6
(5,6,3,2,4,0,1) : 8
(5,6,3,2,4,1,0) : 6
(5,6,3,4) : 1
(5,6,3,4,0,1,2) : 16
(5,6,3,4,0,2,1) : 25
(5,6,3,4,1,0,2) : 6
(5,6,3,4,1,2,0) : 2
(5,6,3,4,2,0,1) : 10
(5,6,3,4,2,1) : 2
(5,6,3,4,2,1,0) : 6
(5,6,4) : 6
(5,6,4,0,1,2,3) : 1
(5,6,4,0,1,3,2) : 3
(5,6,4,0,2,3,1) : 3
(5,6,4,0,3,1,2) : 2
(5,6,4,0,3,2,1) : 6
(5,6,4,1) : 1
(5,6,4,1,0,3,2) : 1
(5,6,4,1,3,0,2) : 1
(5,6,4,2) : 1
(5,6,4,2,1) : 1
(5,6,4,2,1,3) : 1
(5,6,4,2,1,3,0) : 1
(5,6,4,2,3,0,1) : 1
(5,6,4,2,3,1,0) : 1
(5,6,4,3,0,1,2) : 16
(5,6,4,3,0,2,1) : 17
(5,6,4,3,1,0,2) : 4
(5,6,4,3,1,2) : 1
(5,6,4,3,1,2,0) : 3
(5,6,4,3,2) : 1
(5,6,4,3,2,0,1) : 6
(5,6,4,3,2,1) : 2
(5,6,4,3,2,1,0) : 23
(6) : 191
(6,0,1,3,4,2,5) : 1
(6,0,2,1,3) : 1
(6,0,2,1,3,4,5) : 1
(6,0,2,3,5) : 1
(6,0,3,1,4,2,5) : 2
(6,0,3,2,4,5,1) : 1
(6,0,3,4,1,5,2) : 1
(6,0,3,4,5,2,1) : 1
(6,0,5) : 1
(6,0,5,3,4,2,1) : 1
(6,1) : 3
(6,1,2,5,3,0,4) : 1
(6,1,3,0,4,2,5) : 1
(6,1,3,4,5,2,0) : 1
(6,1,4,3,0,2,5) : 1
(6,1,4,3,2,5,0) : 1
(6,1,5) : 1
(6,1,5,2,3,4,0) : 1
(6,2) : 4
(6,2,1,0,3,4,5) : 1
(6,2,1,4,0,3,5) : 1
(6,2,3,1,0,5,4) : 1
(6,2,3,1,5) : 1
(6,2,3,4,0,1,5) : 1
(6,2,4,1,3,5,0) : 1
(6,2,4,3,5,0,1) : 1
(6,2,5,3,4,1,0) : 1
(6,2,5,4,3,0,1) : 1
(6,3) : 2
(6,3,0,2,5,4,1) : 1
(6,3,1) : 1
(6,3,1,2) : 1
(6,3,2,1,0,4,5) : 2
(6,3,2,1,4,0) : 1
(6,3,2,1,5,4,0) : 1
(6,3,2,4,0,1,5) : 1
(6,3,2,5,0,1,4) : 1
(6,3,4) : 1
(6,3,4,0,1,2,5) : 1
(6,3,4,5,0,1,2) : 1
(6,3,5) : 4
(6,3,5,0,2,4,1) : 1
(6,3,5,0,4,2,1) : 1
(6,3,5,1,4,0,2) : 1
(6,3,5,2,0,1,4) : 1
(6,3,5,2,0,4,1) : 1
(6,3,5,2,1,4,0) : 1
(6,3,5,2,4,0,1) : 1
(6,3,5,4,0,2,1) : 4
(6,3,5,4,2,0,1) : 1
(6,3,5,4,2,1,0) : 1
(6,4) : 3
(6,4,0,3,2,5,1) : 1
(6,4,0,5) : 1
(6,4,0,5,3,1,2) : 1
(6,4,2,1,0,3,5) : 2
(6,4,2,1,5,0,3) : 1
(6,4,2,3,5) : 1
(6,4,2,5,3,1,0) : 1
(6,4,3,0,5,2,1) : 2
(6,4,3,5,2,0,1) : 1
(6,4,5,3,0,2,1) : 1
(6,5) : 42
(6,5,0,2,1,3,4) : 1
(6,5,0,3,2,1,4) : 1
(6,5,0,3,2,4,1) : 1
(6,5,0,3,4,2,1) : 2
(6,5,0,4,2,3,1) : 1
(6,5,0,4,3,2,1) : 1
(6,5,1) : 1
(6,5,1,2,4,3,0) : 1
(6,5,1,4,2,3) : 1
(6,5,2,0,3,1) : 1
(6,5,2,1) : 1
(6,5,2,1,3,4,0) : 3
(6,5,2,3,0,4,1) : 2
(6,5,2,3,1,0,4) : 2
(6,5,2,3,1,4,0) : 1
(6,5,2,4,3,0,1) : 2
(6,5,2,4,3,1,0) : 1
(6,5,3) : 3
(6,5,3,0,1,2,4) : 2
(6,5,3,1,4,2,0) : 1
(6,5,3,2,1,0,4) : 2
(6,5,3,2,1,4,0) : 1
(6,5,3,2,4,0,1) : 9
(6,5,3,4,0,1,2) : 1
(6,5,3,4,0,2,1) : 5
(6,5,3,4,1,2) : 1
(6,5,3,4,1,2,0) : 1
(6,5,3,4,2,0,1) : 3
(6,5,3,4,2,1) : 1
(6,5,3,4,2,1,0) : 3
(6,5,4) : 2
(6,5,4,0,3,1,2) : 1
(6,5,4,0,3,2,1) : 1
(6,5,4,2,0,1,3) : 1
(6,5,4,2,3,0,1) : 1
(6,5,4,2,3,1,0) : 1
(6,5,4,3,0,1,2) : 1
(6,5,4,3,0,2,1) : 1
(6,5,4,3,2,0,1) : 1
(6,5,4,3,2,1,0) : 7
