0, 1, 2, 3, 4, 5, 6
IND,LIB,LAB,IND,NLT,GRN,CDP
-+-+-+-+-
() : 198
(0) : 980
(0,1) : 27
(0,1,2) : 12
(0,1,2,3,4) : 2
(0,1,2,3,4,5) : 1
(0,1,2,3,4,5,6) : 98
(0,1,2,3,4,6,5) : 3
(0,1,2,3,5) : 1
(0,1,2,3,5,4,6) : 3
(0,1,2,3,5,6,4) : 1
(0,1,2,3,6,4,5) : 1
(0,1,2,3,6,5) : 1
(0,1,2,4) : 1
(0,1,2,4,3,5,6) : 4
(0,1,2,4,5,3) : 1
(0,1,2,4,5,6,3) : 2
(0,1,2,5,3,4,6) : 1
(0,1,2,5,4,3,6) : 1
(0,1,2,5,4,6,3) : 1
(0,1,2,5,6,4,3) : 1
(0,1,2,6,3,4,5) : 2
(0,1,2,6,3,5,4) : 1
(0,1,2,6,5,4,3) : 3
(0,1,3) : 1
(0,1,3,2,4,5,6) : 3
(0,1,3,2,4,6,5) : 3
(0,1,3,2,5,4,6) : 4
(0,1,3,4) : 1
(0,1,3,4,5,6,2) : 3
(0,1,3,5,4,6,2) : 1
(0,1,3,5,6,4,2) : 1
(0,1,4,2,3,5,6) : 3
(0,1,4,2,3,6,5) : 1
(0,1,4,2,5,3,6) : 1
(0,1,4,3,2,5,6) : 2
(0,1,4,3,6,5,2) : 1
(0,1,4,5,2,3,6) : 1
(0,1,4,5,6,2) : 1
(0,1,4,6,2,3,5) : 1
(0,1,4,6,3,5,2) : 1
(0,1,5) : 1
(0,1,5,2,3,4,6) : 1
(0,1,5,2,4,3,6) : 1
(0,1,5,2,6,4,3) : 1
(0,1,5,3,2,6,4) : 1
(0,1,5,3,4,2,6) : 1
(0,1,5,4,6,3,2) : 1
(0,1,6) : 1
(0,1,6,2) : 1
(0,1,6,2,3,4,5) : 2
(0,1,6,3,4,5,2) : 1
(0,1,6,4,5,3,2) : 1
(0,1,6,5,4,3,2) : 4
(0,2) : 26
(0,2,1) : 2
(0,2,1,3) : 1
(0,2,1,3,4,5,6) : 15
(0,2,1,3,4,6,5) : 1
(0,2,1,3,5,4,6) : 5
(0,2,1,3,6,5,4) : 1
(0,2,1,4,3,5,6) : 3
(0,2,1,4,5,6,3) : 1
(0,2,1,4,6,5,3) : 1
(0,2,1,5,3,4,6) : 6
(0,2,1,5,4,3,6) : 3
(0,2,1,5,6,4,3) : 1
(0,2,3) : 3
(0,2,3,1) : 1
(0,2,3,1,4,5,6) : 4
(0,2,3,4,1,5,6) : 1
(0,2,3,4,1,6,5) : 1
(0,2,3,4,5,1,6) : 2
(0,2,3,4,5,6) : 1
(0,2,3,4,5,6,1) : 7
(0,2,3,4,6,1,5) : 2
(0,2,3,4,6,5,1) : 1
(0,2,3,5,4,1,6) : 1
(0,2,3,5,6,4,1) : 1
(0,2,3,6,5,1,4) : 1
(0,2,4) : 3
(0,2,4,1,3,5,6) : 1
(0,2,4,1,5,3,6) : 1
(0,2,4,3,1,5,6) : 2
(0,2,4,3,1,6,5) : 2
(0,2,4,3,6,5,1) : 2
(0,2,4,5) : 1
(0,2,4,5,1,6,3) : 1
(0,2,4,5,3,1,6) : 1
(0,2,4,5,6,1,3) : 2
(0,2,4,5,6,3,1) : 2
(0,2,4,6) : 1
(0,2,4,6,3,1,5) : 1
(0,2,4,6,3,5,1) : 1
(0,2,4,6,5,3,1) : 3
(0,2,5) : 2
(0,2,5,1,3,4,6) : 2
(0,2,5,1,4,6,3) : 1
(0,2,5,3,1,6) : 1
(0,2,5,3,4,1,6) : 2
(0,2,5,3,6,1) : 1
(0,2,5,4,1,3,6) : 1
(0,2,5,4,3,1,6) : 7
(0,2,5,4,3,6,1) : 1
(0,2,5,4,6,1) : 1
(0,2,5,4,6,3,1) : 2
(0,2,5,6,1,4,3) : 1
(0,2,5,6,3,1,4) : 3
(0,2,5,6,3,4) : 1
(0,2,5,6,3,4,1) : 3
(0,2,6,4,5,3,1) : 1
(0,3) : 2
(0,3,1,2,4,5,6) : 1
(0,3,1,2,4,6,5) : 3
(0,3,1,5,2,4,6) : 1
(0,3,1,6,2,5,4) : 1
(0,3,2,1,4,5,6) : 4
(0,3,2,1,4,6,5) : 1
(0,3,2,4,5,1,6) : 1
(0,3,2,4,5,6,1) : 1
(0,3,2,5,6,4,1) : 1
(0,3,4,1,2) : 1
(0,3,4,1,2,5,6) : 2
(0,3,4,1,2,6,5) : 1
(0,3,4,2,1,5,6) : 2
(0,3,4,2,5,1,6) : 1
(0,3,4,2,5,6,1) : 2
(0,3,4,5) : 1
(0,3,4,5,2,1,6) : 3
(0,3,4,5,6,1,2) : 1
(0,3,4,5,6,2,1) : 3
(0,3,4,6,1,2,5) : 3
(0,3,4,6,5,2,1) : 2
(0,3,5,1,2,4,6) : 1
(0,3,5,2,1,4,6) : 1
(0,3,5,2,1,6,4) : 1
(0,3,5,2,4,6,1) : 1
(0,3,5,4,2,1,6) : 1
(0,3,5,4,6,2,1) : 1
(0,3,5,6,2,1,4) : 1
(0,3,5,6,4,1,2) : 2
(0,3,5,6,4,2,1) : 1
(0,3,6,4,5,1,2) : 1
(0,3,6,4,5,2,1) : 1
(0,4) : 11
(0,4,1,2,3,5,6) : 1
(0,4,1,2,3,6,5) : 1
(0,4,1,3,6,2,5) : 1
(0,4,1,6,2,3,5) : 1
(0,4,2) : 1
(0,4,2,1) : 1
(0,4,2,6,5,3,1) : 1
(0,4,3) : 1
(0,4,3,1,6,2,5) : 1
(0,4,3,2) : 1
(0,4,3,2,1,5,6) : 1
(0,4,3,2,1,6,5) : 1
(0,4,3,2,5,1,6) : 1
(0,4,3,5,2,1,6) : 1
(0,4,3,5,6,2,1) : 2
(0,4,3,6,1,2,5) : 1
(0,4,3,6,5,2,1) : 2
(0,4,5) : 1
(0,4,5,1,2,3,6) : 2
(0,4,5,2,1) : 1
(0,4,5,2,3,1,6) : 1
(0,4,5,2,3,6,1) : 1
(0,4,5,2,6,3,1) : 1
(0,4,5,3,2,1,6) : 2
(0,4,5,3,6,1,2) : 1
(0,4,5,3,6,2,1) : 2
(0,4,5,6,1,3,2) : 1
(0,4,5,6,2,1,3) : 1
(0,4,5,6,3,1,2) : 2
(0,4,5,6,3,2,1) : 3
(0,4,6,1,2,5,3) : 1
(0,4,6,2,3,5,1) : 1
(0,4,6,3,1,2,5) : 1
(0,4,6,3,1,5,2) : 2
(0,4,6,3,2,1,5) : 2
(0,4,6,3,5,1,2) : 1
(0,4,6,5,2,1,3) : 1
(0,4,6,5,2,3,1) : 1
(0,4,6,5,3,1,2) : 1
(0,4,6,5,3,2,1) : 1
(0,5) : 8
(0,5,1,2) : 1
(0,5,1,2,3,4,6) : 2
(0,5,1,2,4,3,6) : 1
(0,5,1,6) : 1
(0,5,2) : 2
(0,5,2,1,3,4,6) : 1
(0,5,2,1,6,4,3) : 1
(0,5,2,3,4,1,6) : 1
(0,5,2,3,6,1,4) : 1
(0,5,2,4,3,1,6) : 1
(0,5,2,4,3,6,1) : 1
(0,5,2,4,6,3,1) : 1
(0,5,2,6,3,1,4) : 1
(0,5,2,6,4,3,1) : 1
(0,5,3,1,2,4,6) : 1
(0,5,3,1,4,2,6) : 1
(0,5,3,2,1,4,6) : 1
(0,5,3,2,4,6,1) : 1
(0,5,3,2,6,1,4) : 1
(0,5,3,4,2,1,6) : 1
(0,5,3,6,4,2,1) : 1
(0,5,4) : 2
(0,5,4,1,2,6,3) : 1
(0,5,4,1,3,2,6) : 1
(0,5,4,3,2,1,6) : 4
(0,5,4,3,6,1,2) : 2
(0,5,4,3,6,2,1) : 4
(0,5,4,6,3) : 1
(0,5,4,6,3,2,1) : 3
(0,5,6) : 1
(0,5,6,1,2,3,4) : 2
(0,5,6,2,1,3,4) : 1
(0,5,6,4,3) : 1
(0,5,6,4,3,2,1) : 2
(0,6) : 1
(0,6,1,2,3,4,5) : 2
(0,6,1,2,5,4,3) : 1
(0,6,1,3,4,2,5) : 1
(0,6,1,4,2,3,5) : 1
(0,6,1,5,2,4,3) : 1
(0,6,2) : 3
(0,6,2,1,3,4,5) : 1
(0,6,2,3,4,5,1) : 2
(0,6,2,3,5,4,1) : 1
(0,6,2,4,1,3,5) : 1
(0,6,2,5,1,4,3) : 1
(0,6,3) : 1
(0,6,3,1,4,5,2) : 1
(0,6,3,4,1,2,5) : 1
(0,6,3,4,1,5,2) : 1
(0,6,3,4,5,1,2) : 1
(0,6,4,1,2,3,5) : 1
(0,6,4,3,2,1,5) : 1
(0,6,4,5,3,1,2) : 1
(0,6,4,5,3,2,1) : 1
(0,6,5) : 1
(0,6,5,1,2,3,4) : 1
(0,6,5,2,4,3,1) : 2
(0,6,5,3,4,1,2) : 1
(0,6,5,3,4,2,1) : 1
(0,6,5,4) : 1
(0,6,5,4,3,2,1) : 4
(1) : 13745
(1,0) : 89
(1,0,2) : 10
(1,0,2,3,4,5) : 2
(1,0,2,3,4,5,6) : 113
(1,0,2,3,4,6,5) : 15
(1,0,2,3,5,4,6) : 13
(1,0,2,3,5,6,4) : 5
(1,0,2,3,6,4,5) : 3
(1,0,2,3,6,5,4) : 5
(1,0,2,4) : 2
(1,0,2,4,3,5) : 1
(1,0,2,4,3,5,6) : 18
(1,0,2,4,3,6,5) : 12
(1,0,2,4,5) : 2
(1,0,2,4,5,3,6) : 7
(1,0,2,4,5,6) : 1
(1,0,2,4,5,6,3) : 3
(1,0,2,4,6,3,5) : 1
(1,0,2,4,6,5,3) : 1
(1,0,2,5,3,4,6) : 4
(1,0,2,5,3,6,4) : 2
(1,0,2,5,4) : 1
(1,0,2,5,4,3,6) : 10
(1,0,2,5,4,6,3) : 4
(1,0,2,5,6,3,4) : 1
(1,0,2,5,6,4,3) : 5
(1,0,2,6,3,4,5) : 5
(1,0,2,6,3,5,4) : 2
(1,0,2,6,4,3,5) : 3
(1,0,2,6,4,5,3) : 1
(1,0,2,6,5,3,4) : 1
(1,0,2,6,5,4,3) : 5
(1,0,3) : 5
(1,0,3,2) : 4
(1,0,3,2,4) : 1
(1,0,3,2,4,5,6) : 22
(1,0,3,2,4,6,5) : 5
(1,0,3,2,5,4,6) : 2
(1,0,3,2,5,6,4) : 1
(1,0,3,2,6,4,5) : 2
(1,0,3,2,6,5,4) : 6
(1,0,3,4,2,5,6) : 13
(1,0,3,4,2,6,5) : 8
(1,0,3,4,5) : 1
(1,0,3,4,5,2) : 1
(1,0,3,4,5,2,6) : 7
(1,0,3,4,5,6) : 1
(1,0,3,4,5,6,2) : 24
(1,0,3,4,6,2,5) : 7
(1,0,3,4,6,5,2) : 25
(1,0,3,5,2,4,6) : 4
(1,0,3,5,2,6) : 1
(1,0,3,5,2,6,4) : 1
(1,0,3,5,4,2,6) : 2
(1,0,3,5,6,2) : 1
(1,0,3,5,6,2,4) : 1
(1,0,3,5,6,4,2) : 5
(1,0,3,6,2,4,5) : 7
(1,0,3,6,2,5,4) : 2
(1,0,3,6,4,2,5) : 3
(1,0,3,6,4,5,2) : 10
(1,0,3,6,5,2) : 1
(1,0,3,6,5,2,4) : 1
(1,0,3,6,5,4,2) : 6
(1,0,4) : 4
(1,0,4,2) : 1
(1,0,4,2,3,5,6) : 8
(1,0,4,2,3,6,5) : 2
(1,0,4,2,5,3,6) : 2
(1,0,4,2,6,3,5) : 1
(1,0,4,2,6,5,3) : 2
(1,0,4,3,2) : 1
(1,0,4,3,2,5,6) : 5
(1,0,4,3,2,6,5) : 2
(1,0,4,3,5,2,6) : 1
(1,0,4,3,5,6,2) : 8
(1,0,4,3,6,2,5) : 7
(1,0,4,3,6,5,2) : 9
(1,0,4,5) : 2
(1,0,4,5,2,3,6) : 3
(1,0,4,5,2,6,3) : 1
(1,0,4,5,3,2,6) : 1
(1,0,4,5,3,6,2) : 3
(1,0,4,5,6,3,2) : 14
(1,0,4,6) : 3
(1,0,4,6,2,3,5) : 2
(1,0,4,6,2,5,3) : 2
(1,0,4,6,3,2,5) : 2
(1,0,4,6,3,5,2) : 7
(1,0,4,6,5,2,3) : 1
(1,0,4,6,5,3,2) : 8
(1,0,5) : 6
(1,0,5,2) : 1
(1,0,5,2,3,4,6) : 14
(1,0,5,2,3,6,4) : 2
(1,0,5,2,4,3,6) : 3
(1,0,5,2,4,6,3) : 1
(1,0,5,2,6,4,3) : 1
(1,0,5,3,2,4,6) : 3
(1,0,5,3,2,6,4) : 2
(1,0,5,3,4,6,2) : 3
(1,0,5,3,6,4,2) : 1
(1,0,5,4,2,3,6) : 3
(1,0,5,4,3,2,6) : 6
(1,0,5,4,3,6,2) : 2
(1,0,5,4,6,2,3) : 1
(1,0,5,4,6,3,2) : 3
(1,0,5,6,2,3,4) : 3
(1,0,5,6,3,4,2) : 3
(1,0,5,6,4,2,3) : 1
(1,0,5,6,4,3,2) : 6
(1,0,6) : 4
(1,0,6,2,3) : 1
(1,0,6,2,3,4,5) : 6
(1,0,6,2,3,5,4) : 3
(1,0,6,2,4,3) : 1
(1,0,6,2,4,3,5) : 3
(1,0,6,2,5,3,4) : 1
(1,0,6,3,2,4,5) : 6
(1,0,6,3,2,5,4) : 1
(1,0,6,3,4,2,5) : 9
(1,0,6,3,4,5,2) : 12
(1,0,6,3,5,4,2) : 1
(1,0,6,4,2,3,5) : 1
(1,0,6,4,3,2,5) : 11
(1,0,6,4,3,5,2) : 11
(1,0,6,4,5,3,2) : 3
(1,0,6,5,2,3,4) : 1
(1,0,6,5,3,2) : 1
(1,0,6,5,3,2,4) : 1
(1,0,6,5,3,4,2) : 6
(1,0,6,5,4,2,3) : 2
(1,0,6,5,4,3,2) : 11
(1,2) : 328
(1,2,0) : 16
(1,2,0,3) : 2
(1,2,0,3,4,5) : 1
(1,2,0,3,4,5,6) : 70
(1,2,0,3,4,6,5) : 21
(1,2,0,3,5,4,6) : 14
(1,2,0,3,5,6,4) : 6
(1,2,0,3,6,4,5) : 4
(1,2,0,3,6,5,4) : 5
(1,2,0,4) : 1
(1,2,0,4,3,5,6) : 18
(1,2,0,4,3,6,5) : 11
(1,2,0,4,5) : 1
(1,2,0,4,5,3,6) : 7
(1,2,0,4,5,6) : 1
(1,2,0,4,5,6,3) : 18
(1,2,0,4,6,3,5) : 6
(1,2,0,4,6,5,3) : 3
(1,2,0,5) : 3
(1,2,0,5,3,4) : 1
(1,2,0,5,3,4,6) : 13
(1,2,0,5,3,6,4) : 1
(1,2,0,5,4) : 1
(1,2,0,5,4,3,6) : 11
(1,2,0,5,4,6) : 1
(1,2,0,5,4,6,3) : 10
(1,2,0,5,6,3) : 1
(1,2,0,5,6,3,4) : 7
(1,2,0,5,6,4) : 1
(1,2,0,5,6,4,3) : 11
(1,2,0,6,3,4,5) : 5
(1,2,0,6,3,5,4) : 2
(1,2,0,6,4,3,5) : 1
(1,2,0,6,5,3,4) : 1
(1,2,0,6,5,4,3) : 8
(1,2,3) : 4
(1,2,3,0) : 1
(1,2,3,0,4,5,6) : 23
(1,2,3,0,4,6,5) : 7
(1,2,3,0,5,4,6) : 2
(1,2,3,0,5,6,4) : 4
(1,2,3,0,6,4,5) : 1
(1,2,3,0,6,5,4) : 1
(1,2,3,4,0) : 1
(1,2,3,4,0,5) : 1
(1,2,3,4,0,5,6) : 10
(1,2,3,4,5) : 1
(1,2,3,4,5,0,6) : 4
(1,2,3,4,5,6) : 2
(1,2,3,4,5,6,0) : 36
(1,2,3,4,6,0,5) : 1
(1,2,3,5,4,0,6) : 1
(1,2,3,5,4,6) : 1
(1,2,3,5,4,6,0) : 5
(1,2,3,5,6,4,0) : 3
(1,2,3,6,5,4,0) : 2
(1,2,4) : 8
(1,2,4,0) : 3
(1,2,4,0,3,5) : 1
(1,2,4,0,3,5,6) : 9
(1,2,4,0,3,6,5) : 8
(1,2,4,0,5,3,6) : 3
(1,2,4,0,5,6,3) : 2
(1,2,4,0,6,3) : 1
(1,2,4,0,6,3,5) : 1
(1,2,4,0,6,5,3) : 2
(1,2,4,3,0,5,6) : 4
(1,2,4,3,0,6,5) : 2
(1,2,4,3,5,0,6) : 1
(1,2,4,3,5,6,0) : 1
(1,2,4,3,6,5,0) : 1
(1,2,4,5) : 2
(1,2,4,5,0,3,6) : 10
(1,2,4,5,0,6,3) : 1
(1,2,4,5,3,0,6) : 5
(1,2,4,5,6,0) : 2
(1,2,4,5,6,0,3) : 4
(1,2,4,5,6,3,0) : 6
(1,2,4,6,0,3,5) : 3
(1,2,4,6,0,5,3) : 1
(1,2,4,6,5,0) : 1
(1,2,4,6,5,0,3) : 3
(1,2,4,6,5,3,0) : 2
(1,2,5) : 23
(1,2,5,0) : 1
(1,2,5,0,3,4,6) : 24
(1,2,5,0,3,6) : 1
(1,2,5,0,3,6,4) : 5
(1,2,5,0,4,3,6) : 8
(1,2,5,0,4,6,3) : 2
(1,2,5,0,6) : 2
(1,2,5,0,6,3,4) : 3
(1,2,5,0,6,4,3) : 11
(1,2,5,3,0,4,6) : 4
(1,2,5,3,0,6,4) : 1
(1,2,5,3,4,6,0) : 1
(1,2,5,4) : 2
(1,2,5,4,0,3,6) : 5
(1,2,5,4,0,6) : 1
(1,2,5,4,3,0,6) : 2
(1,2,5,4,3,6) : 1
(1,2,5,4,3,6,0) : 2
(1,2,5,4,6,0) : 1
(1,2,5,4,6,0,3) : 4
(1,2,5,4,6,3,0) : 1
(1,2,5,6,0,3,4) : 6
(1,2,5,6,0,4,3) : 3
(1,2,5,6,4) : 2
(1,2,5,6,4,0,3) : 2
(1,2,5,6,4,3,0) : 5
(1,2,6) : 10
(1,2,6,0,3,4,5) : 8
(1,2,6,0,3,5,4) : 1
(1,2,6,0,4,3,5) : 1
(1,2,6,0,4,5,3) : 1
(1,2,6,0,5,4,3) : 6
(1,2,6,3,0,4,5) : 5
(1,2,6,3,0,5,4) : 2
(1,2,6,3,4,0,5) : 1
(1,2,6,4,0,3,5) : 2
(1,2,6,4,0,5,3) : 2
(1,2,6,4,3,0,5) : 1
(1,2,6,4,3,5,0) : 1
(1,2,6,4,5,3) : 1
(1,2,6,4,5,3,0) : 1
(1,2,6,5) : 2
(1,2,6,5,0,3,4) : 3
(1,2,6,5,0,4,3) : 4
(1,2,6,5,3,4,0) : 1
(1,2,6,5,4,0) : 1
(1,2,6,5,4,3) : 1
(1,2,6,5,4,3,0) : 8
(1,3) : 18
(1,3,0) : 1
(1,3,0,2,4,5,6) : 8
(1,3,0,2,4,6,5) : 2
(1,3,0,2,5,4,6) : 2
(1,3,0,2,6,4,5) : 3
(1,3,0,2,6,5,4) : 1
(1,3,0,4,2,5,6) : 2
(1,3,0,4,2,6,5) : 2
(1,3,0,4,5,6) : 1
(1,3,0,4,5,6,2) : 6
(1,3,0,4,6,2,5) : 7
(1,3,0,4,6,5,2) : 5
(1,3,0,5,4,2,6) : 3
(1,3,0,5,4,6,2) : 1
(1,3,0,5,6,2,4) : 2
(1,3,0,5,6,4,2) : 1
(1,3,0,6,2,4,5) : 1
(1,3,0,6,2,5,4) : 1
(1,3,0,6,4,2,5) : 1
(1,3,0,6,5,2,4) : 1
(1,3,0,6,5,4,2) : 2
(1,3,2) : 1
(1,3,2,0) : 1
(1,3,2,0,4,5,6) : 8
(1,3,2,0,5,4,6) : 2
(1,3,2,0,6,4,5) : 1
(1,3,2,4,0,5,6) : 1
(1,3,2,4,0,6,5) : 1
(1,3,2,4,5,6,0) : 1
(1,3,2,5,0,4,6) : 1
(1,3,2,5,4,0,6) : 1
(1,3,2,5,6,4,0) : 1
(1,3,4,0,2,5,6) : 3
(1,3,4,0,2,6,5) : 1
(1,3,4,0,5,2,6) : 1
(1,3,4,0,5,6,2) : 2
(1,3,4,0,6,2,5) : 4
(1,3,4,0,6,5,2) : 1
(1,3,4,2,5,0,6) : 1
(1,3,4,5,0,2,6) : 1
(1,3,4,5,0,6) : 1
(1,3,4,5,0,6,2) : 1
(1,3,4,5,6,0) : 2
(1,3,4,5,6,0,2) : 5
(1,3,4,5,6,2,0) : 2
(1,3,4,6,0,2,5) : 1
(1,3,4,6,0,5,2) : 1
(1,3,4,6,5,0,2) : 2
(1,3,5) : 2
(1,3,5,0,2,4,6) : 2
(1,3,5,0,4,6,2) : 1
(1,3,5,2,6,4) : 1
(1,3,5,4,0,2,6) : 1
(1,3,5,6,0,2,4) : 4
(1,3,5,6,4,0,2) : 1
(1,3,5,6,4,2,0) : 1
(1,3,6,0,2,4,5) : 2
(1,3,6,0,4,2,5) : 2
(1,3,6,0,4,5,2) : 1
(1,3,6,2,0,5,4) : 1
(1,3,6,4,0,5,2) : 2
(1,3,6,4,2,0,5) : 1
(1,3,6,5,0,2,4) : 2
(1,3,6,5,0,4,2) : 1
(1,3,6,5,2,0) : 1
(1,3,6,5,4,0,2) : 2
(1,3,6,5,4,2,0) : 2
(1,4) : 83
(1,4,0) : 3
(1,4,0,2,3,5,6) : 10
(1,4,0,2,3,6,5) : 4
(1,4,0,2,5,3,6) : 4
(1,4,0,2,5,6,3) : 1
(1,4,0,2,6,3,5) : 1
(1,4,0,2,6,5,3) : 2
(1,4,0,3,2,5,6) : 4
(1,4,0,3,2,6,5) : 3
(1,4,0,3,5,2,6) : 4
(1,4,0,3,5,6,2) : 3
(1,4,0,3,6,2,5) : 5
(1,4,0,3,6,5,2) : 8
(1,4,0,5,2,3,6) : 1
(1,4,0,5,2,6,3) : 2
(1,4,0,5,3,2) : 1
(1,4,0,5,3,2,6) : 1
(1,4,0,5,6,3,2) : 4
(1,4,0,6,2,3,5) : 1
(1,4,0,6,2,5,3) : 1
(1,4,0,6,3,5,2) : 1
(1,4,0,6,5,2) : 1
(1,4,0,6,5,2,3) : 3
(1,4,2) : 4
(1,4,2,0) : 1
(1,4,2,0,3,5,6) : 3
(1,4,2,0,3,6,5) : 2
(1,4,2,0,5,3,6) : 2
(1,4,2,3,0,5,6) : 1
(1,4,2,3,5,6,0) : 1
(1,4,2,3,6,0,5) : 1
(1,4,2,5) : 2
(1,4,2,5,0,3,6) : 1
(1,4,2,5,6,0,3) : 1
(1,4,2,6,0,3,5) : 1
(1,4,3,0,5,2,6) : 1
(1,4,3,0,5,6,2) : 3
(1,4,3,0,6,2,5) : 2
(1,4,3,0,6,5,2) : 1
(1,4,3,2,0,5,6) : 3
(1,4,3,2,5,6,0) : 2
(1,4,3,5,2,0,6) : 2
(1,4,3,5,2,6) : 1
(1,4,3,5,6,0,2) : 1
(1,4,3,6,0,2,5) : 1
(1,4,3,6,5,0,2) : 5
(1,4,5) : 6
(1,4,5,0) : 1
(1,4,5,0,2,3) : 1
(1,4,5,0,2,3,6) : 3
(1,4,5,0,2,6) : 1
(1,4,5,0,2,6,3) : 1
(1,4,5,0,3,2,6) : 1
(1,4,5,0,3,6,2) : 3
(1,4,5,0,6,3,2) : 3
(1,4,5,2) : 1
(1,4,5,2,0,3,6) : 4
(1,4,5,2,3,0,6) : 1
(1,4,5,2,6,3) : 1
(1,4,5,3,0,2,6) : 1
(1,4,5,3,0,6,2) : 2
(1,4,5,3,6,0,2) : 1
(1,4,5,6,0,2,3) : 1
(1,4,5,6,0,3,2) : 4
(1,4,5,6,3,0,2) : 5
(1,4,5,6,3,2,0) : 3
(1,4,6) : 2
(1,4,6,0) : 1
(1,4,6,0,2,3) : 2
(1,4,6,0,2,3,5) : 4
(1,4,6,0,3,2) : 2
(1,4,6,0,3,2,5) : 8
(1,4,6,0,3,5,2) : 7
(1,4,6,0,5,2,3) : 3
(1,4,6,2,0,3,5) : 2
(1,4,6,2,3,0) : 1
(1,4,6,2,3,0,5) : 2
(1,4,6,3,0,2) : 1
(1,4,6,3,0,2,5) : 3
(1,4,6,3,0,5,2) : 2
(1,4,6,3,2,0,5) : 1
(1,4,6,3,2,5) : 1
(1,4,6,3,5,0,2) : 1
(1,4,6,3,5,2) : 1
(1,4,6,5,0,3,2) : 3
(1,4,6,5,3,0,2) : 2
(1,4,6,5,3,2,0) : 2
(1,5) : 76
(1,5,0) : 7
(1,5,0,2) : 2
(1,5,0,2,3) : 1
(1,5,0,2,3,4,6) : 4
(1,5,0,2,3,6,4) : 1
(1,5,0,2,4,3,6) : 6
(1,5,0,2,4,6,3) : 1
(1,5,0,2,6,3,4) : 1
(1,5,0,3,2,4,6) : 3
(1,5,0,3,4,2) : 1
(1,5,0,3,4,2,6) : 1
(1,5,0,3,4,6,2) : 8
(1,5,0,3,6,2) : 3
(1,5,0,3,6,2,4) : 1
(1,5,0,4,2,6,3) : 2
(1,5,0,4,3,2,6) : 5
(1,5,0,4,3,6,2) : 2
(1,5,0,4,6,2,3) : 1
(1,5,0,4,6,3,2) : 3
(1,5,0,6) : 2
(1,5,0,6,2,4,3) : 1
(1,5,0,6,3,2,4) : 1
(1,5,0,6,4,2,3) : 2
(1,5,0,6,4,3,2) : 2
(1,5,2) : 12
(1,5,2,0,3,4,6) : 6
(1,5,2,0,3,6,4) : 1
(1,5,2,0,4,3,6) : 3
(1,5,2,0,4,6,3) : 1
(1,5,2,0,6,3,4) : 1
(1,5,2,0,6,4,3) : 1
(1,5,2,3,0,4,6) : 1
(1,5,2,3,4,0,6) : 2
(1,5,2,3,6,0,4) : 1
(1,5,2,4) : 1
(1,5,2,4,3,0,6) : 1
(1,5,2,4,6,0,3) : 1
(1,5,2,6,0,3,4) : 1
(1,5,2,6,3,0,4) : 1
(1,5,2,6,4,3,0) : 2
(1,5,3) : 1
(1,5,3,0,2,4,6) : 3
(1,5,3,0,4,6,2) : 2
(1,5,3,0,6,4,2) : 1
(1,5,3,2,0,4,6) : 1
(1,5,3,4,0,2,6) : 2
(1,5,3,6,0,2,4) : 1
(1,5,3,6,2,0,4) : 1
(1,5,3,6,4,2,0) : 1
(1,5,4) : 1
(1,5,4,0) : 1
(1,5,4,0,2,3,6) : 1
(1,5,4,0,3,2,6) : 3
(1,5,4,0,3,6,2) : 3
(1,5,4,0,6,3,2) : 1
(1,5,4,2,0,3,6) : 1
(1,5,4,2,3,0,6) : 1
(1,5,4,2,3,6,0) : 1
(1,5,4,3,0,2,6) : 2
(1,5,4,3,2,0,6) : 3
(1,5,4,3,6,0,2) : 1
(1,5,4,6,0,3) : 1
(1,5,4,6,0,3,2) : 1
(1,5,4,6,3,0,2) : 3
(1,5,6) : 1
(1,5,6,0,2,3,4) : 4
(1,5,6,0,2,4,3) : 1
(1,5,6,0,3) : 1
(1,5,6,0,3,2,4) : 1
(1,5,6,0,3,4,2) : 1
(1,5,6,0,4,3,2) : 2
(1,5,6,2) : 1
(1,5,6,2,0,3) : 1
(1,5,6,2,0,3,4) : 2
(1,5,6,2,3,4,0) : 1
(1,5,6,3,0,4,2) : 1
(1,5,6,3,4,0,2) : 1
(1,5,6,4,0,2,3) : 1
(1,5,6,4,0,3,2) : 2
(1,5,6,4,2,3,0) : 1
(1,5,6,4,3,0,2) : 3
(1,5,6,4,3,2,0) : 4
(1,6) : 563
(1,6,0) : 13
(1,6,0,2) : 1
(1,6,0,2,3,4,5) : 43
(1,6,0,2,3,5,4) : 3
(1,6,0,2,4,3) : 2
(1,6,0,2,4,3,5) : 4
(1,6,0,2,4,5,3) : 2
(1,6,0,2,5,3,4) : 2
(1,6,0,2,5,4,3) : 1
(1,6,0,3) : 1
(1,6,0,3,2,4,5) : 16
(1,6,0,3,2,5,4) : 17
(1,6,0,3,4,2,5) : 29
(1,6,0,3,4,5) : 2
(1,6,0,3,4,5,2) : 49
(1,6,0,3,5,2) : 1
(1,6,0,3,5,4,2) : 8
(1,6,0,4,2,3,5) : 8
(1,6,0,4,2,5,3) : 1
(1,6,0,4,3,2) : 2
(1,6,0,4,3,2,5) : 21
(1,6,0,4,3,5,2) : 13
(1,6,0,4,5,2) : 1
(1,6,0,4,5,2,3) : 3
(1,6,0,4,5,3,2) : 4
(1,6,0,5,2,3,4) : 3
(1,6,0,5,3,2,4) : 3
(1,6,0,5,3,4,2) : 1
(1,6,0,5,4,3,2) : 8
(1,6,2) : 7
(1,6,2,0) : 1
(1,6,2,0,3,4,5) : 7
(1,6,2,0,3,5,4) : 8
(1,6,2,0,4,3,5) : 1
(1,6,2,0,4,5,3) : 1
(1,6,2,0,5) : 1
(1,6,2,0,5,4,3) : 2
(1,6,2,3,0,4,5) : 1
(1,6,2,3,0,5,4) : 1
(1,6,2,3,4,0,5) : 1
(1,6,2,3,4,5,0) : 3
(1,6,2,4,0,3,5) : 2
(1,6,2,4,0,5,3) : 1
(1,6,2,4,3,0) : 1
(1,6,2,4,3,0,5) : 4
(1,6,2,4,3,5,0) : 1
(1,6,2,4,5,0) : 2
(1,6,2,5,0,3,4) : 1
(1,6,2,5,0,4,3) : 1
(1,6,3,0) : 1
(1,6,3,0,2,4,5) : 3
(1,6,3,0,2,5,4) : 2
(1,6,3,0,4,2,5) : 6
(1,6,3,0,4,5,2) : 12
(1,6,3,0,5,4,2) : 2
(1,6,3,2,0,4,5) : 3
(1,6,3,2,0,5,4) : 2
(1,6,3,4,0,2,5) : 5
(1,6,3,4,0,5,2) : 5
(1,6,3,4,2,5,0) : 2
(1,6,3,4,5,2) : 1
(1,6,3,5,4,0,2) : 2
(1,6,4) : 7
(1,6,4,0) : 1
(1,6,4,0,2,3,5) : 3
(1,6,4,0,3,2,5) : 15
(1,6,4,0,3,5,2) : 7
(1,6,4,0,5,2,3) : 1
(1,6,4,0,5,3,2) : 1
(1,6,4,2,0,3,5) : 2
(1,6,4,3,0,2) : 1
(1,6,4,3,0,2,5) : 12
(1,6,4,3,0,5,2) : 5
(1,6,4,3,2,0,5) : 2
(1,6,4,3,2,5,0) : 1
(1,6,4,3,5,2,0) : 1
(1,6,4,5,0,3,2) : 2
(1,6,4,5,2,3,0) : 1
(1,6,4,5,3,0,2) : 5
(1,6,4,5,3,2,0) : 2
(1,6,5) : 1
(1,6,5,0,2,3,4) : 3
(1,6,5,0,2,4) : 1
(1,6,5,0,2,4,3) : 1
(1,6,5,0,3,2,4) : 2
(1,6,5,0,3,4,2) : 5
(1,6,5,0,4,2,3) : 1
(1,6,5,0,4,3,2) : 1
(1,6,5,2,0,3,4) : 1
(1,6,5,2,0,4) : 1
(1,6,5,2,0,4,3) : 3
(1,6,5,2,3,0,4) : 2
(1,6,5,3,4,2,0) : 1
(1,6,5,4,0,3,2) : 4
(1,6,5,4,2,0) : 1
(1,6,5,4,2,0,3) : 1
(1,6,5,4,2,3,0) : 1
(1,6,5,4,3) : 1
(1,6,5,4,3,0,2) : 13
(1,6,5,4,3,2,0) : 8
(2) : 13862
(2,0) : 129
(2,0,1) : 25
(2,0,1,3) : 1
(2,0,1,3,4) : 1
(2,0,1,3,4,5) : 1
(2,0,1,3,4,5,6) : 102
(2,0,1,3,4,6,5) : 10
(2,0,1,3,5,4,6) : 12
(2,0,1,3,5,6,4) : 4
(2,0,1,3,6,4,5) : 2
(2,0,1,3,6,5,4) : 7
(2,0,1,4) : 1
(2,0,1,4,3) : 1
(2,0,1,4,3,5,6) : 9
(2,0,1,4,3,6,5) : 2
(2,0,1,4,5,3,6) : 4
(2,0,1,4,5,6) : 1
(2,0,1,4,5,6,3) : 5
(2,0,1,4,6,3,5) : 2
(2,0,1,4,6,5,3) : 3
(2,0,1,5) : 2
(2,0,1,5,3,4,6) : 7
(2,0,1,5,3,6,4) : 1
(2,0,1,5,4) : 1
(2,0,1,5,4,3) : 1
(2,0,1,5,4,3,6) : 17
(2,0,1,5,4,6) : 1
(2,0,1,5,4,6,3) : 6
(2,0,1,5,6,4,3) : 6
(2,0,1,6,3,4,5) : 2
(2,0,1,6,3,5) : 1
(2,0,1,6,4,3,5) : 2
(2,0,1,6,5,4,3) : 10
(2,0,3) : 5
(2,0,3,1,4,5,6) : 10
(2,0,3,1,4,6,5) : 4
(2,0,3,1,5,4,6) : 5
(2,0,3,1,5,6,4) : 5
(2,0,3,1,6,4,5) : 1
(2,0,3,4,1,5,6) : 4
(2,0,3,4,1,6,5) : 1
(2,0,3,4,5,1) : 1
(2,0,3,4,5,1,6) : 15
(2,0,3,4,5,6,1) : 88
(2,0,3,4,6,1,5) : 2
(2,0,3,4,6,5,1) : 17
(2,0,3,5) : 1
(2,0,3,5,1,4,6) : 3
(2,0,3,5,1,6,4) : 2
(2,0,3,5,4,1) : 1
(2,0,3,5,4,1,6) : 4
(2,0,3,5,4,6,1) : 11
(2,0,3,5,6,1,4) : 3
(2,0,3,5,6,4,1) : 13
(2,0,3,6,1,4,5) : 2
(2,0,3,6,4) : 1
(2,0,3,6,4,1,5) : 1
(2,0,3,6,4,5,1) : 7
(2,0,3,6,5,1) : 1
(2,0,3,6,5,1,4) : 2
(2,0,3,6,5,4,1) : 1
(2,0,4) : 13
(2,0,4,1) : 2
(2,0,4,1,3,5,6) : 7
(2,0,4,1,3,6,5) : 4
(2,0,4,1,5,3) : 1
(2,0,4,1,5,3,6) : 1
(2,0,4,1,5,6,3) : 2
(2,0,4,1,6,3,5) : 1
(2,0,4,1,6,5) : 1
(2,0,4,1,6,5,3) : 1
(2,0,4,3) : 2
(2,0,4,3,1,5,6) : 13
(2,0,4,3,5,1,6) : 6
(2,0,4,3,5,6,1) : 12
(2,0,4,3,6,1,5) : 4
(2,0,4,3,6,5,1) : 10
(2,0,4,5) : 4
(2,0,4,5,1,3,6) : 8
(2,0,4,5,1,6) : 1
(2,0,4,5,1,6,3) : 4
(2,0,4,5,3,1,6) : 12
(2,0,4,5,3,6,1) : 15
(2,0,4,5,6,1) : 11
(2,0,4,5,6,1,3) : 9
(2,0,4,5,6,3,1) : 42
(2,0,4,6) : 1
(2,0,4,6,1,3,5) : 3
(2,0,4,6,3,1,5) : 1
(2,0,4,6,3,5,1) : 4
(2,0,4,6,5,1) : 1
(2,0,4,6,5,1,3) : 5
(2,0,4,6,5,3,1) : 14
(2,0,5) : 24
(2,0,5,1) : 2
(2,0,5,1,3,4,6) : 15
(2,0,5,1,3,6,4) : 1
(2,0,5,1,4,3,6) : 12
(2,0,5,1,4,6,3) : 3
(2,0,5,1,6,3,4) : 4
(2,0,5,1,6,4,3) : 3
(2,0,5,3,1,4,6) : 5
(2,0,5,3,1,6,4) : 1
(2,0,5,3,4,1,6) : 5
(2,0,5,3,4,6) : 1
(2,0,5,3,4,6,1) : 17
(2,0,5,3,6,1) : 1
(2,0,5,3,6,1,4) : 4
(2,0,5,3,6,4,1) : 6
(2,0,5,4) : 5
(2,0,5,4,1,3,6) : 4
(2,0,5,4,1,6) : 1
(2,0,5,4,1,6,3) : 5
(2,0,5,4,3) : 1
(2,0,5,4,3,1,6) : 12
(2,0,5,4,3,6,1) : 31
(2,0,5,4,6) : 1
(2,0,5,4,6,1) : 2
(2,0,5,4,6,1,3) : 6
(2,0,5,4,6,3) : 1
(2,0,5,4,6,3,1) : 12
(2,0,5,6,1,3) : 1
(2,0,5,6,1,3,4) : 4
(2,0,5,6,1,4,3) : 2
(2,0,5,6,3,1) : 2
(2,0,5,6,3,1,4) : 8
(2,0,5,6,3,4,1) : 7
(2,0,5,6,4,1) : 3
(2,0,5,6,4,1,3) : 4
(2,0,5,6,4,3,1) : 30
(2,0,6) : 4
(2,0,6,1,3,4,5) : 2
(2,0,6,1,3,5,4) : 1
(2,0,6,3,1,4,5) : 3
(2,0,6,3,4,1,5) : 1
(2,0,6,3,4,5,1) : 3
(2,0,6,4) : 1
(2,0,6,4,1,5,3) : 2
(2,0,6,4,3,1,5) : 3
(2,0,6,4,3,5,1) : 4
(2,0,6,4,5,1) : 1
(2,0,6,4,5,3,1) : 1
(2,0,6,5,1,3,4) : 4
(2,0,6,5,1,4,3) : 1
(2,0,6,5,3,1,4) : 5
(2,0,6,5,3,4,1) : 3
(2,0,6,5,4,1) : 1
(2,0,6,5,4,1,3) : 5
(2,0,6,5,4,3,1) : 20
(2,1) : 419
(2,1,0) : 24
(2,1,0,3) : 3
(2,1,0,3,4) : 2
(2,1,0,3,4,5) : 1
(2,1,0,3,4,5,6) : 247
(2,1,0,3,4,6,5) : 18
(2,1,0,3,5) : 1
(2,1,0,3,5,4) : 1
(2,1,0,3,5,4,6) : 19
(2,1,0,3,5,6,4) : 7
(2,1,0,3,6,4,5) : 2
(2,1,0,3,6,5,4) : 4
(2,1,0,4) : 2
(2,1,0,4,3,5) : 1
(2,1,0,4,3,5,6) : 31
(2,1,0,4,3,6,5) : 10
(2,1,0,4,5) : 1
(2,1,0,4,5,3,6) : 18
(2,1,0,4,5,6) : 1
(2,1,0,4,5,6,3) : 14
(2,1,0,4,6,3,5) : 2
(2,1,0,4,6,5,3) : 4
(2,1,0,5) : 1
(2,1,0,5,3,4,6) : 17
(2,1,0,5,3,6) : 1
(2,1,0,5,3,6,4) : 4
(2,1,0,5,4) : 1
(2,1,0,5,4,3,6) : 23
(2,1,0,5,4,6,3) : 7
(2,1,0,5,6,3,4) : 6
(2,1,0,5,6,4) : 1
(2,1,0,5,6,4,3) : 29
(2,1,0,6) : 1
(2,1,0,6,3) : 1
(2,1,0,6,3,4,5) : 13
(2,1,0,6,3,5,4) : 1
(2,1,0,6,4,3,5) : 4
(2,1,0,6,4,5,3) : 5
(2,1,0,6,5) : 1
(2,1,0,6,5,3,4) : 2
(2,1,0,6,5,4,3) : 11
(2,1,3) : 9
(2,1,3,0) : 1
(2,1,3,0,4,5) : 1
(2,1,3,0,4,5,6) : 25
(2,1,3,0,4,6,5) : 9
(2,1,3,0,5,4,6) : 5
(2,1,3,0,6) : 1
(2,1,3,0,6,5) : 1
(2,1,3,0,6,5,4) : 1
(2,1,3,4) : 2
(2,1,3,4,0,5,6) : 11
(2,1,3,4,0,6,5) : 2
(2,1,3,4,5) : 1
(2,1,3,4,5,0) : 1
(2,1,3,4,5,0,6) : 5
(2,1,3,4,5,6,0) : 23
(2,1,3,4,6,5,0) : 1
(2,1,3,5,0,4,6) : 1
(2,1,3,5,4,0,6) : 1
(2,1,3,5,6,0,4) : 1
(2,1,3,5,6,4,0) : 2
(2,1,3,6) : 1
(2,1,3,6,5,0) : 1
(2,1,3,6,5,0,4) : 1
(2,1,3,6,5,4,0) : 3
(2,1,4) : 7
(2,1,4,0) : 1
(2,1,4,0,3) : 1
(2,1,4,0,3,5,6) : 15
(2,1,4,0,3,6,5) : 6
(2,1,4,0,5,3) : 1
(2,1,4,0,5,3,6) : 4
(2,1,4,0,5,6) : 1
(2,1,4,0,5,6,3) : 5
(2,1,4,0,6,3,5) : 1
(2,1,4,3,0,5,6) : 6
(2,1,4,3,0,6,5) : 1
(2,1,4,3,5,0,6) : 4
(2,1,4,3,5,6,0) : 7
(2,1,4,3,6,5,0) : 1
(2,1,4,5) : 4
(2,1,4,5,0,3,6) : 18
(2,1,4,5,0,6) : 1
(2,1,4,5,0,6,3) : 3
(2,1,4,5,3,0,6) : 6
(2,1,4,5,3,6) : 1
(2,1,4,5,3,6,0) : 2
(2,1,4,5,6) : 1
(2,1,4,5,6,0) : 1
(2,1,4,5,6,0,3) : 13
(2,1,4,5,6,3,0) : 10
(2,1,4,6,0,3,5) : 2
(2,1,4,6,0,5,3) : 1
(2,1,4,6,5,0) : 2
(2,1,4,6,5,0,3) : 3
(2,1,4,6,5,3,0) : 3
(2,1,5) : 28
(2,1,5,0) : 4
(2,1,5,0,3,4,6) : 30
(2,1,5,0,3,6,4) : 7
(2,1,5,0,4,3) : 1
(2,1,5,0,4,3,6) : 15
(2,1,5,0,4,6,3) : 8
(2,1,5,0,6,3,4) : 9
(2,1,5,0,6,4,3) : 10
(2,1,5,3,0,4,6) : 7
(2,1,5,3,0,6,4) : 1
(2,1,5,3,4,0,6) : 6
(2,1,5,3,4,6,0) : 3
(2,1,5,4) : 2
(2,1,5,4,0,3,6) : 13
(2,1,5,4,0,6) : 1
(2,1,5,4,0,6,3) : 4
(2,1,5,4,3,0,6) : 7
(2,1,5,4,3,6,0) : 5
(2,1,5,4,6) : 1
(2,1,5,4,6,0) : 3
(2,1,5,4,6,0,3) : 3
(2,1,5,4,6,3,0) : 6
(2,1,5,6) : 2
(2,1,5,6,0,3,4) : 6
(2,1,5,6,0,4,3) : 4
(2,1,5,6,3,0,4) : 1
(2,1,5,6,3,4,0) : 4
(2,1,5,6,4,0,3) : 6
(2,1,5,6,4,3,0) : 14
(2,1,6) : 6
(2,1,6,0,3,4,5) : 8
(2,1,6,0,3,5,4) : 1
(2,1,6,0,4,3,5) : 6
(2,1,6,0,4,5,3) : 5
(2,1,6,0,5,3,4) : 2
(2,1,6,0,5,4,3) : 1
(2,1,6,3,0,4,5) : 1
(2,1,6,3,5,0,4) : 1
(2,1,6,4) : 1
(2,1,6,4,0,3) : 1
(2,1,6,4,0,3,5) : 2
(2,1,6,4,0,5,3) : 1
(2,1,6,4,3,0,5) : 2
(2,1,6,4,5) : 1
(2,1,6,4,5,0,3) : 1
(2,1,6,4,5,3,0) : 1
(2,1,6,5) : 1
(2,1,6,5,0,3,4) : 6
(2,1,6,5,0,4,3) : 5
(2,1,6,5,3,4,0) : 3
(2,1,6,5,4,0,3) : 1
(2,1,6,5,4,3,0) : 6
(2,3) : 24
(2,3,0) : 4
(2,3,0,1) : 1
(2,3,0,1,4,5,6) : 9
(2,3,0,1,4,6,5) : 4
(2,3,0,1,5,4,6) : 5
(2,3,0,1,6,4,5) : 3
(2,3,0,1,6,5,4) : 2
(2,3,0,4,1,5,6) : 2
(2,3,0,4,1,6,5) : 1
(2,3,0,4,5) : 2
(2,3,0,4,5,1,6) : 10
(2,3,0,4,5,6,1) : 14
(2,3,0,4,6,5,1) : 5
(2,3,0,5,1) : 1
(2,3,0,5,1,4,6) : 2
(2,3,0,5,1,6,4) : 1
(2,3,0,5,4,1,6) : 4
(2,3,0,5,4,6,1) : 5
(2,3,0,5,6,4,1) : 2
(2,3,0,6,1,4,5) : 1
(2,3,0,6,4,1,5) : 2
(2,3,0,6,4,5,1) : 1
(2,3,0,6,5,1,4) : 1
(2,3,0,6,5,4,1) : 1
(2,3,1) : 2
(2,3,1,0) : 1
(2,3,1,0,4,5,6) : 20
(2,3,1,0,4,6,5) : 3
(2,3,1,0,5,4,6) : 1
(2,3,1,0,6,4,5) : 1
(2,3,1,0,6,5,4) : 1
(2,3,1,4,0,6,5) : 1
(2,3,1,4,5,0,6) : 3
(2,3,1,4,5,6,0) : 1
(2,3,1,4,6,0,5) : 1
(2,3,1,5) : 1
(2,3,1,5,0) : 1
(2,3,1,5,0,4,6) : 2
(2,3,1,5,6,4,0) : 1
(2,3,4) : 3
(2,3,4,0,1) : 1
(2,3,4,0,1,5,6) : 4
(2,3,4,0,5,1,6) : 3
(2,3,4,0,5,6,1) : 7
(2,3,4,0,6,1,5) : 2
(2,3,4,0,6,5,1) : 1
(2,3,4,1,0,5,6) : 6
(2,3,4,1,0,6,5) : 1
(2,3,4,5,0,1) : 1
(2,3,4,5,0,1,6) : 7
(2,3,4,5,0,6,1) : 5
(2,3,4,5,1,0,6) : 1
(2,3,4,5,6) : 1
(2,3,4,5,6,0,1) : 54
(2,3,4,5,6,1) : 2
(2,3,4,5,6,1,0) : 34
(2,3,4,6,0,1,5) : 2
(2,3,4,6,0,5,1) : 2
(2,3,4,6,5,0,1) : 3
(2,3,4,6,5,1,0) : 2
(2,3,5,0) : 1
(2,3,5,0,1,4,6) : 6
(2,3,5,0,4) : 1
(2,3,5,0,4,1,6) : 1
(2,3,5,0,4,6,1) : 4
(2,3,5,0,6,4) : 1
(2,3,5,0,6,4,1) : 4
(2,3,5,1,0,4,6) : 1
(2,3,5,1,6,0,4) : 1
(2,3,5,4,0,1,6) : 1
(2,3,5,4,1,0,6) : 1
(2,3,5,4,1,6) : 1
(2,3,5,4,1,6,0) : 1
(2,3,5,4,6,0,1) : 4
(2,3,5,4,6,1,0) : 3
(2,3,5,6,0,1) : 2
(2,3,5,6,0,1,4) : 1
(2,3,5,6,0,4,1) : 1
(2,3,5,6,4,0,1) : 4
(2,3,5,6,4,1,0) : 4
(2,3,6) : 1
(2,3,6,0,5,1,4) : 1
(2,3,6,0,5,4,1) : 1
(2,3,6,4,5,0,1) : 1
(2,3,6,5,4,0,1) : 2
(2,3,6,5,4,1,0) : 4
(2,4) : 141
(2,4,0) : 14
(2,4,0,1) : 2
(2,4,0,1,3,5) : 1
(2,4,0,1,3,5,6) : 14
(2,4,0,1,3,6,5) : 6
(2,4,0,1,5,3,6) : 6
(2,4,0,1,5,6) : 1
(2,4,0,1,5,6,3) : 5
(2,4,0,1,6,5) : 1
(2,4,0,1,6,5,3) : 8
(2,4,0,3,1,5,6) : 5
(2,4,0,3,1,6,5) : 4
(2,4,0,3,5,1,6) : 3
(2,4,0,3,5,6) : 1
(2,4,0,3,5,6,1) : 15
(2,4,0,3,6,1,5) : 3
(2,4,0,3,6,5,1) : 8
(2,4,0,5) : 4
(2,4,0,5,1,3,6) : 5
(2,4,0,5,1,6) : 2
(2,4,0,5,1,6,3) : 1
(2,4,0,5,3) : 1
(2,4,0,5,3,1,6) : 8
(2,4,0,5,3,6,1) : 10
(2,4,0,5,6,1) : 2
(2,4,0,5,6,1,3) : 4
(2,4,0,5,6,3,1) : 13
(2,4,0,6,1,3) : 1
(2,4,0,6,1,3,5) : 2
(2,4,0,6,1,5,3) : 1
(2,4,0,6,3,1) : 1
(2,4,0,6,3,1,5) : 7
(2,4,0,6,3,5,1) : 7
(2,4,0,6,5) : 1
(2,4,0,6,5,1,3) : 1
(2,4,0,6,5,3,1) : 9
(2,4,1) : 13
(2,4,1,0,3,5,6) : 13
(2,4,1,0,3,6,5) : 3
(2,4,1,0,5,3,6) : 3
(2,4,1,0,5,6) : 2
(2,4,1,0,5,6,3) : 2
(2,4,1,0,6,5,3) : 2
(2,4,1,3,0,5,6) : 2
(2,4,1,3,0,6,5) : 2
(2,4,1,3,5,6,0) : 1
(2,4,1,5,0,3,6) : 1
(2,4,1,5,0,6,3) : 1
(2,4,1,5,3,0,6) : 2
(2,4,1,5,3,6,0) : 1
(2,4,1,5,6,0) : 3
(2,4,1,5,6,0,3) : 2
(2,4,1,6,0,3,5) : 1
(2,4,1,6,3,0,5) : 1
(2,4,1,6,5,3,0) : 2
(2,4,3) : 2
(2,4,3,0,1) : 1
(2,4,3,0,1,5,6) : 4
(2,4,3,0,1,6,5) : 1
(2,4,3,0,5,1,6) : 1
(2,4,3,0,5,6) : 1
(2,4,3,0,5,6,1) : 13
(2,4,3,0,6,1,5) : 1
(2,4,3,0,6,5,1) : 5
(2,4,3,1,0,5,6) : 6
(2,4,3,1,0,6,5) : 2
(2,4,3,1,5,0,6) : 1
(2,4,3,5) : 1
(2,4,3,5,0,1,6) : 3
(2,4,3,5,0,6,1) : 3
(2,4,3,5,1,0,6) : 1
(2,4,3,5,6,0,1) : 12
(2,4,3,5,6,1) : 2
(2,4,3,5,6,1,0) : 5
(2,4,3,6) : 1
(2,4,3,6,0,5,1) : 1
(2,4,3,6,1,0,5) : 1
(2,4,3,6,1,5,0) : 1
(2,4,3,6,5,0) : 1
(2,4,3,6,5,0,1) : 5
(2,4,5) : 31
(2,4,5,0) : 11
(2,4,5,0,1) : 1
(2,4,5,0,1,3,6) : 12
(2,4,5,0,1,6) : 4
(2,4,5,0,1,6,3) : 5
(2,4,5,0,3,1) : 1
(2,4,5,0,3,1,6) : 12
(2,4,5,0,3,6,1) : 26
(2,4,5,0,6) : 1
(2,4,5,0,6,1) : 2
(2,4,5,0,6,1,3) : 4
(2,4,5,0,6,3) : 2
(2,4,5,0,6,3,1) : 32
(2,4,5,1) : 6
(2,4,5,1,0) : 3
(2,4,5,1,0,3,6) : 15
(2,4,5,1,0,6) : 3
(2,4,5,1,0,6,3) : 7
(2,4,5,1,3,0,6) : 2
(2,4,5,1,6,0) : 1
(2,4,5,1,6,0,3) : 1
(2,4,5,1,6,3,0) : 1
(2,4,5,3) : 2
(2,4,5,3,0,1,6) : 8
(2,4,5,3,0,6,1) : 9
(2,4,5,3,1,0,6) : 5
(2,4,5,3,6,0,1) : 6
(2,4,5,3,6,1,0) : 4
(2,4,5,6,0,1) : 11
(2,4,5,6,0,1,3) : 12
(2,4,5,6,0,3,1) : 19
(2,4,5,6,1,0) : 5
(2,4,5,6,1,0,3) : 1
(2,4,5,6,1,3) : 1
(2,4,5,6,1,3,0) : 2
(2,4,5,6,3) : 1
(2,4,5,6,3,0,1) : 31
(2,4,5,6,3,1) : 2
(2,4,5,6,3,1,0) : 21
(2,4,6) : 6
(2,4,6,0,1,3,5) : 2
(2,4,6,0,1,5,3) : 1
(2,4,6,0,3,1,5) : 1
(2,4,6,0,3,5) : 1
(2,4,6,0,3,5,1) : 8
(2,4,6,0,5,1) : 1
(2,4,6,0,5,3,1) : 4
(2,4,6,1) : 1
(2,4,6,1,0) : 1
(2,4,6,1,0,3,5) : 1
(2,4,6,1,0,5,3) : 2
(2,4,6,1,3,0,5) : 1
(2,4,6,1,3,5,0) : 1
(2,4,6,1,5,0,3) : 1
(2,4,6,1,5,3,0) : 1
(2,4,6,3,0,1) : 2
(2,4,6,3,0,1,5) : 4
(2,4,6,3,0,5,1) : 1
(2,4,6,3,1,0,5) : 1
(2,4,6,3,5,0,1) : 1
(2,4,6,5,0,1,3) : 1
(2,4,6,5,0,3) : 2
(2,4,6,5,0,3,1) : 7
(2,4,6,5,1,0,3) : 5
(2,4,6,5,1,3,0) : 1
(2,4,6,5,3) : 1
(2,4,6,5,3,0,1) : 10
(2,4,6,5,3,1) : 2
(2,4,6,5,3,1,0) : 2
(2,5) : 561
(2,5,0) : 75
(2,5,0,1) : 8
(2,5,0,1,3,4) : 2
(2,5,0,1,3,4,6) : 63
(2,5,0,1,3,6,4) : 10
(2,5,0,1,4,3,6) : 35
(2,5,0,1,4,6,3) : 11
(2,5,0,1,6,3,4) : 2
(2,5,0,1,6,4,3) : 11
(2,5,0,3) : 1
(2,5,0,3,1) : 1
(2,5,0,3,1,4,6) : 23
(2,5,0,3,1,6) : 1
(2,5,0,3,1,6,4) : 6
(2,5,0,3,4,1) : 2
(2,5,0,3,4,1,6) : 43
(2,5,0,3,4,6,1) : 85
(2,5,0,3,6,1) : 3
(2,5,0,3,6,1,4) : 11
(2,5,0,3,6,4) : 1
(2,5,0,3,6,4,1) : 26
(2,5,0,4) : 4
(2,5,0,4,1,3,6) : 11
(2,5,0,4,1,6) : 2
(2,5,0,4,1,6,3) : 8
(2,5,0,4,3) : 1
(2,5,0,4,3,1) : 2
(2,5,0,4,3,1,6) : 70
(2,5,0,4,3,6) : 1
(2,5,0,4,3,6,1) : 77
(2,5,0,4,6) : 1
(2,5,0,4,6,1) : 2
(2,5,0,4,6,1,3) : 7
(2,5,0,4,6,3) : 3
(2,5,0,4,6,3,1) : 239
(2,5,0,6) : 18
(2,5,0,6,1,3) : 1
(2,5,0,6,1,3,4) : 7
(2,5,0,6,1,4,3) : 6
(2,5,0,6,3) : 5
(2,5,0,6,3,1) : 27
(2,5,0,6,3,1,4) : 3326
(2,5,0,6,3,4,1) : 103
(2,5,0,6,4,1) : 1
(2,5,0,6,4,1,3) : 21
(2,5,0,6,4,3,1) : 66
(2,5,1) : 35
(2,5,1,0) : 4
(2,5,1,0,3,4,6) : 36
(2,5,1,0,3,6,4) : 9
(2,5,1,0,4,3) : 2
(2,5,1,0,4,3,6) : 16
(2,5,1,0,4,6,3) : 12
(2,5,1,0,6,3,4) : 4
(2,5,1,0,6,4,3) : 11
(2,5,1,3,0,4,6) : 8
(2,5,1,3,0,6,4) : 2
(2,5,1,3,4,0,6) : 3
(2,5,1,3,4,6,0) : 4
(2,5,1,3,6,4,0) : 4
(2,5,1,4,0,3,6) : 4
(2,5,1,4,0,6) : 1
(2,5,1,4,0,6,3) : 3
(2,5,1,4,3,0,6) : 6
(2,5,1,4,3,6,0) : 1
(2,5,1,4,6) : 1
(2,5,1,4,6,0,3) : 4
(2,5,1,6) : 1
(2,5,1,6,0,3,4) : 4
(2,5,1,6,0,4,3) : 2
(2,5,1,6,3,0,4) : 1
(2,5,1,6,3,4,0) : 1
(2,5,1,6,4,0) : 1
(2,5,1,6,4,0,3) : 1
(2,5,1,6,4,3) : 1
(2,5,1,6,4,3,0) : 3
(2,5,3) : 4
(2,5,3,0) : 1
(2,5,3,0,1,4) : 1
(2,5,3,0,1,4,6) : 10
(2,5,3,0,1,6,4) : 2
(2,5,3,0,4,1,6) : 4
(2,5,3,0,4,6) : 1
(2,5,3,0,4,6,1) : 22
(2,5,3,0,6,1,4) : 2
(2,5,3,0,6,4,1) : 3
(2,5,3,1,0,6,4) : 2
(2,5,3,1,4,0,6) : 1
(2,5,3,4,0,1,6) : 5
(2,5,3,4,0,6,1) : 9
(2,5,3,4,1,0,6) : 3
(2,5,3,4,1,6,0) : 2
(2,5,3,4,6,0,1) : 19
(2,5,3,4,6,1,0) : 5
(2,5,3,6,0,1,4) : 3
(2,5,3,6,0,4,1) : 1
(2,5,3,6,4,0,1) : 4
(2,5,3,6,4,1,0) : 2
(2,5,4) : 31
(2,5,4,0) : 2
(2,5,4,0,1) : 2
(2,5,4,0,1,3) : 1
(2,5,4,0,1,3,6) : 19
(2,5,4,0,1,6) : 1
(2,5,4,0,1,6,3) : 5
(2,5,4,0,3,1) : 1
(2,5,4,0,3,1,6) : 29
(2,5,4,0,3,6,1) : 50
(2,5,4,0,6,1) : 2
(2,5,4,0,6,1,3) : 4
(2,5,4,0,6,3) : 1
(2,5,4,0,6,3,1) : 42
(2,5,4,1) : 3
(2,5,4,1,0) : 1
(2,5,4,1,0,3,6) : 14
(2,5,4,1,0,6,3) : 1
(2,5,4,1,3,0,6) : 2
(2,5,4,1,6) : 1
(2,5,4,1,6,0,3) : 2
(2,5,4,1,6,3,0) : 1
(2,5,4,3) : 1
(2,5,4,3,0,1,6) : 24
(2,5,4,3,0,6,1) : 37
(2,5,4,3,1,0,6) : 11
(2,5,4,3,1,6,0) : 1
(2,5,4,3,6,0,1) : 24
(2,5,4,3,6,1,0) : 5
(2,5,4,6) : 1
(2,5,4,6,0,1) : 6
(2,5,4,6,0,1,3) : 10
(2,5,4,6,0,3) : 1
(2,5,4,6,0,3,1) : 22
(2,5,4,6,1,0) : 2
(2,5,4,6,1,0,3) : 3
(2,5,4,6,3,0) : 2
(2,5,4,6,3,0,1) : 22
(2,5,4,6,3,1,0) : 11
(2,5,6) : 22
(2,5,6,0) : 3
(2,5,6,0,1,3) : 3
(2,5,6,0,1,3,4) : 8
(2,5,6,0,1,4,3) : 2
(2,5,6,0,3,1) : 1
(2,5,6,0,3,1,4) : 4
(2,5,6,0,3,4,1) : 17
(2,5,6,0,4,1,3) : 3
(2,5,6,0,4,3,1) : 25
(2,5,6,1) : 1
(2,5,6,1,0,3,4) : 5
(2,5,6,1,0,4,3) : 4
(2,5,6,1,3,4,0) : 2
(2,5,6,1,4,0,3) : 1
(2,5,6,1,4,3,0) : 2
(2,5,6,3) : 1
(2,5,6,3,0,1,4) : 5
(2,5,6,3,0,4,1) : 3
(2,5,6,3,1,0) : 1
(2,5,6,3,1,0,4) : 3
(2,5,6,3,4,0,1) : 8
(2,5,6,3,4,1,0) : 2
(2,5,6,4) : 4
(2,5,6,4,0) : 1
(2,5,6,4,0,1) : 1
(2,5,6,4,0,1,3) : 5
(2,5,6,4,0,3,1) : 23
(2,5,6,4,1,3,0) : 1
(2,5,6,4,3,0,1) : 27
(2,5,6,4,3,1,0) : 24
(2,6) : 96
(2,6,0) : 3
(2,6,0,1,3) : 1
(2,6,0,1,3,4,5) : 7
(2,6,0,1,3,5,4) : 2
(2,6,0,1,4,3,5) : 1
(2,6,0,1,4,5,3) : 1
(2,6,0,1,5,3,4) : 2
(2,6,0,1,5,4,3) : 1
(2,6,0,3) : 2
(2,6,0,3,1,4,5) : 3
(2,6,0,3,1,5,4) : 1
(2,6,0,3,4,1,5) : 4
(2,6,0,3,4,5,1) : 5
(2,6,0,3,5,4,1) : 4
(2,6,0,4) : 3
(2,6,0,4,1,3,5) : 1
(2,6,0,4,1,5) : 1
(2,6,0,4,3,1,5) : 2
(2,6,0,4,3,5,1) : 3
(2,6,0,4,5,1,3) : 2
(2,6,0,4,5,3,1) : 4
(2,6,0,5) : 2
(2,6,0,5,1,3,4) : 4
(2,6,0,5,1,4,3) : 2
(2,6,0,5,3,1,4) : 2
(2,6,0,5,3,4,1) : 4
(2,6,0,5,4,1,3) : 2
(2,6,0,5,4,3) : 1
(2,6,0,5,4,3,1) : 6
(2,6,1) : 8
(2,6,1,0) : 2
(2,6,1,0,3,4,5) : 9
(2,6,1,0,3,5,4) : 4
(2,6,1,0,4) : 1
(2,6,1,0,4,3,5) : 3
(2,6,1,0,4,5) : 1
(2,6,1,0,4,5,3) : 2
(2,6,1,0,5,3,4) : 1
(2,6,1,0,5,4,3) : 4
(2,6,1,3,0,4,5) : 1
(2,6,1,3,4,5,0) : 2
(2,6,1,4,0,3,5) : 2
(2,6,1,4,0,5,3) : 1
(2,6,1,4,5,3,0) : 2
(2,6,1,5,0,3,4) : 2
(2,6,1,5,0,4,3) : 1
(2,6,1,5,4,3,0) : 1
(2,6,3,0,4,1,5) : 3
(2,6,3,0,4,5,1) : 1
(2,6,3,0,5,1,4) : 1
(2,6,3,0,5,4,1) : 1
(2,6,3,1) : 1
(2,6,3,1,0,4,5) : 1
(2,6,3,1,5,4,0) : 1
(2,6,3,4,0,5,1) : 2
(2,6,3,4,5,0,1) : 4
(2,6,3,4,5,1,0) : 2
(2,6,3,5,0,4,1) : 1
(2,6,3,5,1,0,4) : 1
(2,6,3,5,4,0,1) : 3
(2,6,4) : 4
(2,6,4,0,1,3,5) : 3
(2,6,4,0,3,1) : 1
(2,6,4,0,3,1,5) : 2
(2,6,4,0,3,5,1) : 5
(2,6,4,0,5,1) : 1
(2,6,4,0,5,1,3) : 2
(2,6,4,0,5,3,1) : 7
(2,6,4,1,0,3,5) : 1
(2,6,4,1,0,5,3) : 1
(2,6,4,1,5,0) : 1
(2,6,4,1,5,0,3) : 1
(2,6,4,3,0,1,5) : 1
(2,6,4,3,0,5,1) : 2
(2,6,4,3,1,0,5) : 3
(2,6,4,3,5,0,1) : 1
(2,6,4,3,5,1,0) : 4
(2,6,4,5) : 2
(2,6,4,5,0,1,3) : 2
(2,6,4,5,0,3,1) : 7
(2,6,4,5,3,0,1) : 13
(2,6,4,5,3,1,0) : 4
(2,6,5) : 17
(2,6,5,0,1,3) : 1
(2,6,5,0,1,3,4) : 10
(2,6,5,0,1,4,3) : 1
(2,6,5,0,3,1,4) : 5
(2,6,5,0,3,4,1) : 6
(2,6,5,0,4) : 2
(2,6,5,0,4,1,3) : 2
(2,6,5,0,4,3) : 1
(2,6,5,0,4,3,1) : 12
(2,6,5,1,0,3) : 1
(2,6,5,1,0,3,4) : 3
(2,6,5,1,0,4,3) : 2
(2,6,5,1,3,0,4) : 1
(2,6,5,1,3,4,0) : 1
(2,6,5,3,0,1,4) : 1
(2,6,5,3,4,0,1) : 3
(2,6,5,3,4,1,0) : 1
(2,6,5,4) : 2
(2,6,5,4,0,1) : 2
(2,6,5,4,0,1,3) : 3
(2,6,5,4,0,3,1) : 19
(2,6,5,4,1,0) : 1
(2,6,5,4,1,0,3) : 3
(2,6,5,4,3,0) : 1
(2,6,5,4,3,0,1) : 18
(2,6,5,4,3,1,0) : 11
(3) : 169
(3,0) : 4
(3,0,1,2,4,6,5) : 1
(3,0,1,2,6,5,4) : 1
(3,0,1,6,4,5,2) : 1
(3,0,2,1,5,4,6) : 1
(3,0,2,1,6,5,4) : 1
(3,0,2,4,5,1,6) : 1
(3,0,4,2,1,6,5) : 1
(3,0,4,5,6,1,2) : 1
(3,0,4,5,6,2,1) : 1
(3,0,4,6,5,2,1) : 2
(3,0,5,1,4,6,2) : 1
(3,0,5,2,6,1,4) : 1
(3,0,6,1,4,5,2) : 1
(3,0,6,4,2,1,5) : 1
(3,1) : 12
(3,1,0,2,4,5,6) : 2
(3,1,0,4,6,5,2) : 1
(3,1,0,6,2,4,5) : 1
(3,1,0,6,4,2,5) : 1
(3,1,2,0,6,4,5) : 1
(3,1,2,4,0,6,5) : 1
(3,1,2,4,5,0,6) : 1
(3,1,2,4,5,6) : 1
(3,1,4,0,2,5,6) : 1
(3,1,4,0,2,6,5) : 1
(3,1,4,0,6,2) : 1
(3,1,4,5) : 1
(3,1,4,6,0,2,5) : 1
(3,1,5,0,2,4,6) : 1
(3,1,5,4,2,0,6) : 3
(3,1,5,4,6,2,0) : 1
(3,1,6,0,2,4,5) : 1
(3,1,6,4,0,5,2) : 1
(3,1,6,5,4,2,0) : 1
(3,2) : 3
(3,2,0) : 1
(3,2,0,1,4,5,6) : 2
(3,2,0,1,4,6,5) : 1
(3,2,0,1,6,5,4) : 1
(3,2,0,4,5,1,6) : 1
(3,2,0,4,6,1,5) : 1
(3,2,0,5,6,4,1) : 2
(3,2,1) : 2
(3,2,1,0) : 1
(3,2,1,0,4,5,6) : 6
(3,2,1,0,6,5,4) : 1
(3,2,1,4,0,5,6) : 1
(3,2,4,0,5,6,1) : 1
(3,2,4,1,0,5,6) : 1
(3,2,4,1,5,6,0) : 1
(3,2,4,5,0,1,6) : 2
(3,2,4,5,1,6,0) : 1
(3,2,4,5,6,1,0) : 1
(3,2,4,6,0,1,5) : 2
(3,2,5) : 1
(3,2,5,0,4,1,6) : 1
(3,2,5,0,4,6,1) : 1
(3,2,5,0,6,1) : 1
(3,2,5,4,0,6,1) : 1
(3,2,6,5,4,1,0) : 1
(3,4) : 2
(3,4,0,5,2,1,6) : 1
(3,4,0,6,2,1,5) : 1
(3,4,1) : 1
(3,4,2,0,1,5,6) : 1
(3,4,2,5,6,0,1) : 1
(3,4,5) : 1
(3,4,5,6,0,1,2) : 1
(3,4,5,6,0,2,1) : 1
(3,4,5,6,2,1,0) : 2
(3,4,6,5,2,1,0) : 1
(3,5) : 3
(3,5,0,1,2,4,6) : 1
(3,5,0,1,2,6,4) : 1
(3,5,0,2,1,4,6) : 1
(3,5,4,0,1,2,6) : 2
(3,5,4,1,0,2,6) : 1
(3,6) : 1
(3,6,0) : 1
(3,6,1,0,2,4,5) : 1
(3,6,1,0,4,2,5) : 1
(3,6,1,2,0,4,5) : 1
(3,6,2,1,0,4,5) : 1
(4) : 595
(4,0) : 8
(4,0,1) : 1
(4,0,1,2,3,5,6) : 7
(4,0,1,2,3,6,5) : 1
(4,0,1,2,5,3,6) : 1
(4,0,1,2,5,6,3) : 1
(4,0,1,3,6,2,5) : 2
(4,0,2) : 1
(4,0,2,1,3,6,5) : 1
(4,0,2,1,6,5,3) : 1
(4,0,2,5,6,1) : 1
(4,0,3,5,2,1,6) : 1
(4,0,3,5,6,1,2) : 1
(4,0,3,5,6,2,1) : 1
(4,0,3,6,2,5,1) : 1
(4,0,5,3,2,1,6) : 1
(4,0,5,6,1,3,2) : 1
(4,0,5,6,3,1,2) : 1
(4,0,5,6,3,2,1) : 2
(4,0,6) : 2
(4,0,6,1,2,3,5) : 2
(4,0,6,1,5,3,2) : 1
(4,0,6,2,1,5,3) : 1
(4,0,6,2,3,1,5) : 1
(4,0,6,3,2,1) : 1
(4,0,6,5,2,3,1) : 1
(4,1) : 16
(4,1,0) : 2
(4,1,0,2,3,5,6) : 1
(4,1,0,3,2,5,6) : 1
(4,1,0,3,5,6,2) : 2
(4,1,0,3,6,5,2) : 1
(4,1,0,6,2,5,3) : 1
(4,1,0,6,3,2,5) : 1
(4,1,2) : 2
(4,1,2,0,3,5,6) : 4
(4,1,2,0,3,6,5) : 2
(4,1,2,0,5,3,6) : 2
(4,1,2,3,0,5,6) : 1
(4,1,2,5,6,0) : 1
(4,1,5,0) : 1
(4,1,5,3,0,2,6) : 1
(4,1,6) : 1
(4,1,6,0,3,2,5) : 1
(4,1,6,2,3,5,0) : 1
(4,2) : 23
(4,2,0) : 2
(4,2,0,1) : 1
(4,2,0,1,3,5,6) : 3
(4,2,0,1,3,6,5) : 1
(4,2,0,1,5) : 1
(4,2,0,1,5,3,6) : 1
(4,2,0,1,5,6) : 1
(4,2,0,1,5,6,3) : 1
(4,2,0,3,6,5,1) : 1
(4,2,0,5,3,1,6) : 1
(4,2,0,5,3,6,1) : 1
(4,2,0,5,6,3,1) : 1
(4,2,0,6,5,1) : 1
(4,2,1) : 1
(4,2,1,0,3,5,6) : 4
(4,2,1,0,3,6,5) : 5
(4,2,1,0,6,3,5) : 1
(4,2,1,3,0,5,6) : 1
(4,2,1,5,0,3,6) : 1
(4,2,1,5,6,0) : 1
(4,2,1,5,6,0,3) : 1
(4,2,1,6,0,5,3) : 1
(4,2,1,6,5,3,0) : 1
(4,2,3) : 2
(4,2,3,0,5,6) : 1
(4,2,3,1,0,6,5) : 1
(4,2,3,5,0,1,6) : 1
(4,2,3,6,5,0,1) : 1
(4,2,5,0,3,6,1) : 1
(4,2,5,3,1,0,6) : 1
(4,2,5,6,1,0,3) : 1
(4,2,5,6,3,0,1) : 1
(4,2,5,6,3,1,0) : 1
(4,2,6,3,0,1,5) : 1
(4,2,6,5,1,0,3) : 1
(4,2,6,5,1,3,0) : 1
(4,3) : 2
(4,3,0,1,5,6,2) : 1
(4,3,0,2,1,6,5) : 1
(4,3,0,2,6,1,5) : 1
(4,3,0,2,6,5,1) : 1
(4,3,0,5,2,1,6) : 1
(4,3,0,6,1,2,5) : 2
(4,3,1,0,5,2,6) : 1
(4,3,1,0,5,6,2) : 1
(4,3,2) : 1
(4,3,2,0,1,5,6) : 1
(4,3,2,1,0) : 1
(4,3,2,1,0,5,6) : 2
(4,3,2,5,6,0,1) : 1
(4,3,5,2,0,1,6) : 1
(4,3,5,2,1,0,6) : 1
(4,3,5,6,2,1,0) : 2
(4,3,6) : 1
(4,3,6,1,2,0,5) : 1
(4,3,6,2,5,0,1) : 1
(4,3,6,5,0,1,2) : 1
(4,3,6,5,2,1,0) : 1
(4,5) : 10
(4,5,0) : 3
(4,5,0,1,2) : 2
(4,5,0,1,6,3,2) : 1
(4,5,0,2) : 1
(4,5,0,2,1,3,6) : 4
(4,5,0,2,1,6,3) : 1
(4,5,0,3,6,1,2) : 1
(4,5,0,3,6,2,1) : 1
(4,5,0,6,2,1,3) : 1
(4,5,0,6,3,1,2) : 2
(4,5,0,6,3,2,1) : 3
(4,5,1,0,2,3,6) : 2
(4,5,1,0,6,3,2) : 1
(4,5,1,2,0,3,6) : 1
(4,5,2) : 1
(4,5,2,0,1,3,6) : 1
(4,5,2,0,1,6,3) : 1
(4,5,2,1,0,3,6) : 3
(4,5,2,3,6,1,0) : 1
(4,5,2,6,0,3,1) : 1
(4,5,2,6,3,0,1) : 1
(4,5,3,0,2,1,6) : 2
(4,5,3,0,2,6,1) : 2
(4,5,3,0,6,1,2) : 2
(4,5,3,6) : 1
(4,5,6,0,1,2,3) : 2
(4,5,6,0,2,3,1) : 2
(4,5,6,1,0,3,2) : 1
(4,5,6,2,1) : 1
(4,5,6,2,1,0,3) : 1
(4,5,6,3,0,1,2) : 1
(4,5,6,3,1,0,2) : 1
(4,5,6,3,2,1,0) : 3
(4,6) : 3
(4,6,0,1) : 1
(4,6,0,1,2,3,5) : 1
(4,6,0,3,1,2,5) : 1
(4,6,0,3,2,1,5) : 1
(4,6,1) : 2
(4,6,1,0) : 1
(4,6,1,0,3,5,2) : 1
(4,6,2) : 1
(4,6,2,0,1,3,5) : 1
(4,6,2,1,0,3,5) : 1
(4,6,2,3,0,5,1) : 1
(4,6,3,0,2,1,5) : 1
(4,6,3,5,0,1) : 1
(4,6,3,5,1,2,0) : 1
(4,6,5) : 1
(4,6,5,0,1,2) : 1
(4,6,5,3,0) : 1
(4,6,5,3,0,2,1) : 1
(4,6,5,3,2,1,0) : 3
(5) : 985
(5,0) : 13
(5,0,1) : 1
(5,0,1,2,3,4,6) : 3
(5,0,1,2,4,3,6) : 1
(5,0,1,2,6,3,4) : 1
(5,0,1,2,6,4,3) : 2
(5,0,1,3,4,6,2) : 1
(5,0,1,4,6,3,2) : 1
(5,0,1,6) : 1
(5,0,1,6,4,3,2) : 1
(5,0,2) : 4
(5,0,2,1,3,4,6) : 8
(5,0,2,1,4,3,6) : 2
(5,0,2,1,4,6) : 1
(5,0,2,3) : 1
(5,0,2,3,1,4,6) : 3
(5,0,2,3,4) : 1
(5,0,2,3,4,1,6) : 3
(5,0,2,3,4,6,1) : 6
(5,0,2,4,1,6,3) : 1
(5,0,2,4,3,1,6) : 3
(5,0,2,4,6,1,3) : 1
(5,0,2,4,6,3,1) : 1
(5,0,2,6,3,1,4) : 3
(5,0,2,6,3,4,1) : 1
(5,0,3,2,1,4,6) : 3
(5,0,3,2,1,6,4) : 1
(5,0,3,2,4,6,1) : 1
(5,0,3,4,2,1,6) : 4
(5,0,3,4,2,6,1) : 1
(5,0,3,4,6,2,1) : 2
(5,0,3,6,2,1) : 1
(5,0,3,6,2,1,4) : 2
(5,0,3,6,4,2,1) : 1
(5,0,4,2) : 1
(5,0,4,2,6,3,1) : 1
(5,0,4,3,2,1,6) : 4
(5,0,4,3,2,6,1) : 2
(5,0,4,3,6,2,1) : 3
(5,0,4,6,2,1,3) : 1
(5,0,4,6,3,1,2) : 1
(5,0,6,1,3,2,4) : 1
(5,0,6,4,3,2,1) : 1
(5,1) : 25
(5,1,0) : 2
(5,1,0,2,3,4,6) : 5
(5,1,0,2,4,3,6) : 1
(5,1,0,3,4,6,2) : 1
(5,1,0,3,6,2) : 1
(5,1,0,4,6,3,2) : 1
(5,1,0,6,2,3,4) : 2
(5,1,2) : 9
(5,1,2,0) : 1
(5,1,2,0,3,4,6) : 3
(5,1,2,0,4,3,6) : 2
(5,1,2,0,4,6,3) : 2
(5,1,2,0,6,4,3) : 3
(5,1,2,3,0,4,6) : 1
(5,1,3,0,6,2,4) : 1
(5,1,3,6,4,0,2) : 1
(5,1,4,2,6,3,0) : 1
(5,1,4,3,0,2,6) : 1
(5,1,6,3,0,2,4) : 1
(5,1,6,4,0,3,2) : 1
(5,1,6,4,2,3,0) : 1
(5,2) : 169
(5,2,0) : 9
(5,2,0,1) : 4
(5,2,0,1,3,4,6) : 15
(5,2,0,1,3,6,4) : 2
(5,2,0,1,4,3,6) : 6
(5,2,0,1,6,4,3) : 1
(5,2,0,3,1,4,6) : 14
(5,2,0,3,1,6,4) : 2
(5,2,0,3,4) : 1
(5,2,0,3,4,1,6) : 16
(5,2,0,3,4,6) : 1
(5,2,0,3,4,6,1) : 23
(5,2,0,3,6,1) : 2
(5,2,0,3,6,1,4) : 2
(5,2,0,3,6,4,1) : 3
(5,2,0,4) : 2
(5,2,0,4,1,3,6) : 3
(5,2,0,4,1,6,3) : 1
(5,2,0,4,3,1,6) : 20
(5,2,0,4,3,6,1) : 13
(5,2,0,4,6,1,3) : 1
(5,2,0,4,6,3,1) : 6
(5,2,0,6,1,3,4) : 1
(5,2,0,6,3,1,4) : 10
(5,2,0,6,3,4,1) : 6
(5,2,0,6,4,1) : 1
(5,2,0,6,4,1,3) : 3
(5,2,0,6,4,3,1) : 3
(5,2,1) : 15
(5,2,1,0) : 1
(5,2,1,0,3,4,6) : 17
(5,2,1,0,3,6,4) : 3
(5,2,1,0,4,3,6) : 7
(5,2,1,0,4,6,3) : 1
(5,2,1,0,6,3,4) : 1
(5,2,1,0,6,4,3) : 1
(5,2,1,3,0,4,6) : 3
(5,2,1,3,4,0,6) : 2
(5,2,1,4,0,3,6) : 3
(5,2,1,4,0,6,3) : 2
(5,2,1,4,3,0,6) : 2
(5,2,1,4,3,6,0) : 1
(5,2,1,6,4,3,0) : 1
(5,2,3,0) : 1
(5,2,3,0,1,4,6) : 5
(5,2,3,0,1,6,4) : 1
(5,2,3,0,4,1,6) : 2
(5,2,3,0,4,6,1) : 1
(5,2,3,1,0,6,4) : 2
(5,2,3,4,0,1,6) : 3
(5,2,3,4,1,0,6) : 1
(5,2,3,4,1,6,0) : 1
(5,2,3,4,6,0,1) : 4
(5,2,3,4,6,1) : 1
(5,2,4) : 5
(5,2,4,0,3,1,6) : 6
(5,2,4,0,3,6,1) : 10
(5,2,4,0,6,3) : 1
(5,2,4,0,6,3,1) : 3
(5,2,4,1,0,3,6) : 2
(5,2,4,1,0,6,3) : 4
(5,2,4,3,0,1,6) : 3
(5,2,4,3,0,6,1) : 8
(5,2,4,3,1,0,6) : 3
(5,2,4,3,6,0,1) : 1
(5,2,4,3,6,1,0) : 2
(5,2,4,6,0,1) : 1
(5,2,4,6,0,1,3) : 1
(5,2,4,6,3,0) : 1
(5,2,4,6,3,0,1) : 3
(5,2,4,6,3,1,0) : 1
(5,2,6) : 1
(5,2,6,0,1,3,4) : 1
(5,2,6,0,3,4,1) : 1
(5,2,6,0,4,3,1) : 2
(5,2,6,1,0,3,4) : 1
(5,2,6,3,0,1,4) : 1
(5,2,6,3,4,0,1) : 1
(5,2,6,4,0,3,1) : 1
(5,2,6,4,3,0,1) : 2
(5,2,6,4,3,1,0) : 1
(5,3) : 2
(5,3,0,1,4,6,2) : 1
(5,3,0,2,4,1,6) : 1
(5,3,0,2,6,4,1) : 2
(5,3,0,4,2,1,6) : 1
(5,3,0,4,2,6,1) : 1
(5,3,2,0,1,6,4) : 2
(5,3,2,0,4,1,6) : 1
(5,3,2,1) : 1
(5,3,2,4,0,1,6) : 1
(5,3,4,0,6,1,2) : 1
(5,3,4,0,6,2,1) : 1
(5,3,4,2,1,0,6) : 1
(5,3,4,6,2,0,1) : 1
(5,4) : 18
(5,4,0) : 1
(5,4,0,1) : 1
(5,4,0,1,2,3,6) : 3
(5,4,0,1,3,6,2) : 1
(5,4,0,2,1,3,6) : 1
(5,4,0,2,3,6,1) : 2
(5,4,0,3,1,2,6) : 2
(5,4,0,3,2,1,6) : 3
(5,4,0,6,1,2,3) : 1
(5,4,0,6,3,1,2) : 3
(5,4,0,6,3,2,1) : 2
(5,4,1,0) : 1
(5,4,1,0,2,3) : 1
(5,4,1,0,2,3,6) : 1
(5,4,1,2,0,3,6) : 1
(5,4,2) : 3
(5,4,2,0,1,3,6) : 4
(5,4,2,0,3,1,6) : 2
(5,4,2,0,3,6,1) : 1
(5,4,2,0,6,3,1) : 1
(5,4,2,1) : 1
(5,4,2,1,0,3) : 1
(5,4,2,1,0,3,6) : 2
(5,4,2,1,0,6) : 1
(5,4,2,3,0,6,1) : 1
(5,4,2,3,1,6,0) : 1
(5,4,2,3,6,1,0) : 1
(5,4,3,0) : 1
(5,4,3,0,2,1,6) : 3
(5,4,3,0,6,1,2) : 1
(5,4,3,0,6,2,1) : 3
(5,4,3,1,2,6) : 1
(5,4,3,2,0,6,1) : 1
(5,4,3,2,1) : 1
(5,4,3,2,1,0,6) : 5
(5,4,3,2,6,0,1) : 1
(5,4,3,6,0,1,2) : 1
(5,4,3,6,2,0,1) : 2
(5,4,6,0,1,2,3) : 2
(5,4,6,2,3,1,0) : 1
(5,4,6,3,0,1,2) : 1
(5,4,6,3,2,1) : 1
(5,4,6,3,2,1,0) : 1
(5,6) : 13
(5,6,0) : 1
(5,6,0,1,2,3,4) : 1
(5,6,0,2,1) : 1
(5,6,0,3,4,2,1) : 1
(5,6,0,4,2,3,1) : 1
(5,6,1) : 1
(5,6,1,0,3,4,2) : 1
(5,6,1,2,0,3,4) : 2
(5,6,1,3) : 1
(5,6,1,4,0,3,2) : 1
(5,6,1,4,2,3,0) : 1
(5,6,2,0,4,3,1) : 1
(5,6,2,1) : 2
(5,6,2,1,0,3,4) : 2
(5,6,2,1,4,0,3) : 1
(5,6,3,2,1,0,4) : 1
(5,6,3,4,2,1,0) : 3
(5,6,4,0,3,2,1) : 1
(5,6,4,2,0,1,3) : 1
(5,6,4,2,3,0,1) : 1
(5,6,4,3,1,2) : 1
(5,6,4,3,1,2,0) : 1
(5,6,4,3,2,0,1) : 2
(5,6,4,3,2,1,0) : 6
(6) : 814
(6,0) : 6
(6,0,1) : 3
(6,0,1,2,3,4,5) : 7
(6,0,1,2,4,3,5) : 2
(6,0,1,3,2,4,5) : 2
(6,0,1,3,4,5,2) : 3
(6,0,1,4,5,2,3) : 1
(6,0,2,1,3,4,5) : 3
(6,0,2,1,5,4,3) : 1
(6,0,2,3,1,4,5) : 1
(6,0,2,3,4,5,1) : 1
(6,0,2,4,3,1,5) : 1
(6,0,3,2,1,4,5) : 1
(6,0,3,4,1,2,5) : 4
(6,0,3,4,2,1,5) : 1
(6,0,3,4,5,1,2) : 1
(6,0,4,1,3,2,5) : 3
(6,0,4,3,1,2,5) : 3
(6,0,4,3,2,1,5) : 2
(6,0,4,5,3,2,1) : 2
(6,0,5) : 1
(6,0,5,3,4,1,2) : 1
(6,0,5,4,2,3) : 1
(6,0,5,4,3,2,1) : 1
(6,1) : 173
(6,1,0) : 5
(6,1,0,2,3,4,5) : 21
(6,1,0,2,3,5,4) : 1
(6,1,0,2,4,3,5) : 3
(6,1,0,2,4,5,3) : 3
(6,1,0,2,5,4,3) : 2
(6,1,0,3) : 2
(6,1,0,3,2,4,5) : 8
(6,1,0,3,2,5,4) : 4
(6,1,0,3,4,2,5) : 10
(6,1,0,3,4,5,2) : 5
(6,1,0,3,5,2,4) : 1
(6,1,0,4,2,3,5) : 1
(6,1,0,4,2,5,3) : 1
(6,1,0,4,3,2,5) : 4
(6,1,0,4,3,5,2) : 5
(6,1,0,4,5,3) : 1
(6,1,0,5,4) : 1
(6,1,0,5,4,2,3) : 1
(6,1,0,5,4,3,2) : 2
(6,1,2) : 8
(6,1,2,0,3) : 1
(6,1,2,0,3,4,5) : 13
(6,1,2,0,4,3,5) : 3
(6,1,2,0,4,5,3) : 2
(6,1,2,0,5,4,3) : 2
(6,1,2,3,0,4,5) : 1
(6,1,2,3,0,5,4) : 3
(6,1,2,3,4,0,5) : 4
(6,1,2,3,4,5,0) : 1
(6,1,2,4) : 1
(6,1,2,4,0,3) : 1
(6,1,2,4,0,3,5) : 2
(6,1,2,4,3,0,5) : 4
(6,1,2,4,5,0,3) : 1
(6,1,2,5) : 1
(6,1,2,5,0,4,3) : 1
(6,1,2,5,3,0,4) : 2
(6,1,2,5,4,3,0) : 2
(6,1,3) : 1
(6,1,3,0,2,4,5) : 6
(6,1,3,0,2,5,4) : 1
(6,1,3,0,4,2,5) : 2
(6,1,3,4,0,2,5) : 5
(6,1,3,4,2,0,5) : 1
(6,1,3,4,5,2,0) : 1
(6,1,4) : 3
(6,1,4,0,2,3,5) : 2
(6,1,4,0,3,2,5) : 12
(6,1,4,0,3,5,2) : 2
(6,1,4,2,0,3,5) : 1
(6,1,4,2,0,5,3) : 1
(6,1,4,3,0,2,5) : 6
(6,1,4,3,0,5,2) : 1
(6,1,4,3,2,0,5) : 1
(6,1,4,3,5,2,0) : 1
(6,1,4,5,3,0,2) : 1
(6,1,5) : 2
(6,1,5,0,2,3,4) : 2
(6,1,5,0,3,2,4) : 1
(6,1,5,2) : 1
(6,1,5,2,0,3,4) : 1
(6,1,5,2,0,4,3) : 1
(6,1,5,4,0,3,2) : 1
(6,1,5,4,2,3,0) : 1
(6,1,5,4,3,2) : 1
(6,1,5,4,3,2,0) : 2
(6,2) : 42
(6,2,0) : 1
(6,2,0,1,3,4) : 1
(6,2,0,1,3,4,5) : 3
(6,2,0,1,3,5,4) : 1
(6,2,0,1,5,3,4) : 2
(6,2,0,1,5,4,3) : 2
(6,2,0,3,4,1,5) : 1
(6,2,0,3,4,5,1) : 1
(6,2,0,3,5,1,4) : 2
(6,2,0,4,1,3,5) : 1
(6,2,0,4,3,1,5) : 1
(6,2,0,4,3,5,1) : 3
(6,2,0,4,5,1,3) : 1
(6,2,0,5,1,3,4) : 1
(6,2,0,5,4,3,1) : 2
(6,2,1) : 5
(6,2,1,0) : 1
(6,2,1,0,3,4,5) : 8
(6,2,1,0,3,5,4) : 1
(6,2,1,0,4,3,5) : 5
(6,2,1,0,4,5) : 1
(6,2,1,0,5,4,3) : 2
(6,2,1,3,0,4,5) : 2
(6,2,1,4,0,3,5) : 3
(6,2,1,4,3,0,5) : 1
(6,2,1,4,5,0,3) : 2
(6,2,1,5,0,4,3) : 1
(6,2,3,0,1,4,5) : 1
(6,2,3,4,0,1,5) : 1
(6,2,3,4,1,0,5) : 1
(6,2,4) : 1
(6,2,4,0,1,3,5) : 2
(6,2,4,0,3,1,5) : 1
(6,2,4,0,5,3,1) : 1
(6,2,4,1,0,3) : 1
(6,2,4,3,0,1,5) : 2
(6,2,4,3,1,0,5) : 1
(6,2,4,5,0,1,3) : 1
(6,2,4,5,0,3,1) : 3
(6,2,5) : 1
(6,2,5,0,1,4,3) : 1
(6,2,5,0,3,4,1) : 1
(6,2,5,0,4) : 2
(6,2,5,0,4,3,1) : 1
(6,2,5,1) : 1
(6,2,5,1,0,3,4) : 1
(6,2,5,4,0,1) : 1
(6,2,5,4,0,3,1) : 2
(6,2,5,4,1,0,3) : 1
(6,2,5,4,1,3,0) : 1
(6,2,5,4,3,0,1) : 1
(6,3,0,1,2,4,5) : 1
(6,3,0,1,2,5,4) : 1
(6,3,0,4,1,2,5) : 1
(6,3,0,4,5,2,1) : 2
(6,3,1,2,4,5,0) : 1
(6,3,1,4,0,2,5) : 2
(6,3,2,4,5,1,0) : 1
(6,3,4,0,2,1,5) : 2
(6,3,4,0,5,1,2) : 1
(6,3,4,0,5,2,1) : 1
(6,3,5,0,2,1) : 1
(6,4) : 7
(6,4,0) : 1
(6,4,0,1,2,3,5) : 4
(6,4,0,1,3,2,5) : 1
(6,4,0,3,1,2,5) : 4
(6,4,0,5,3,2,1) : 1
(6,4,1,0,2,3,5) : 1
(6,4,1,0,2,5,3) : 1
(6,4,1,0,3,2,5) : 3
(6,4,1,0,5,2,3) : 1
(6,4,1,2,0,3,5) : 1
(6,4,1,2,0,5) : 1
(6,4,1,5,3,0) : 1
(6,4,2) : 4
(6,4,2,0,3,1,5) : 1
(6,4,2,0,3,5,1) : 1
(6,4,2,0,5,1) : 1
(6,4,2,0,5,1,3) : 2
(6,4,2,1,0,3,5) : 1
(6,4,2,1,0,5) : 1
(6,4,2,3,1,0,5) : 1
(6,4,3,0,1,2,5) : 2
(6,4,3,0,5,1,2) : 1
(6,4,3,5,2,0,1) : 1
(6,4,5,0,1,2,3) : 2
(6,4,5,0,3,1,2) : 1
(6,4,5,0,3,2,1) : 1
(6,4,5,2,3,0,1) : 1
(6,4,5,3,2,0,1) : 1
(6,4,5,3,2,1,0) : 1
(6,5) : 8
(6,5,0) : 1
(6,5,0,1,2,3,4) : 2
(6,5,0,2,1,4,3) : 1
(6,5,0,4) : 1
(6,5,0,4,3,1,2) : 1
(6,5,0,4,3,2,1) : 1
(6,5,1) : 2
(6,5,1,2,0,3) : 1
(6,5,1,2,0,3,4) : 1
(6,5,1,2,0,4,3) : 1
(6,5,1,2,4,0,3) : 1
(6,5,1,2,4,3) : 1
(6,5,2) : 1
(6,5,2,1,0,3,4) : 1
(6,5,2,1,0,4,3) : 1
(6,5,2,1,3,4,0) : 1
(6,5,2,1,4,3,0) : 1
(6,5,2,3,1,0,4) : 1
(6,5,2,3,1,4) : 1
(6,5,2,4,0,1,3) : 1
(6,5,2,4,0,3,1) : 1
(6,5,2,4,3,0,1) : 1
(6,5,2,4,3,1,0) : 1
(6,5,3,0,2) : 1
(6,5,3,2,4,1,0) : 1
(6,5,4) : 2
(6,5,4,0,1,2,3) : 1
(6,5,4,0,3,1,2) : 1
(6,5,4,1,2,0) : 1
(6,5,4,1,2,0,3) : 1
(6,5,4,2,0,3,1) : 1
(6,5,4,2,1,0,3) : 1
(6,5,4,2,3,1,0) : 1
(6,5,4,3,0,2,1) : 1
(6,5,4,3,1,0,2) : 2
(6,5,4,3,2,0,1) : 1
(6,5,4,3,2,1,0) : 11
