0, 1, 2, 3, 4, 5
GRN,CLP,IND,NLT,NP,CDP
-+-+-+-+-
() : 218
(0) : 1376
(0,1) : 83
(0,1,2) : 22
(0,1,2,3) : 4
(0,1,2,3,4) : 8
(0,1,2,3,4,5) : 298
(0,1,2,3,5) : 1
(0,1,2,3,5,4) : 228
(0,1,2,4) : 2
(0,1,2,4,3,5) : 56
(0,1,2,4,5,3) : 13
(0,1,2,5,3,4) : 32
(0,1,2,5,4,3) : 10
(0,1,3) : 2
(0,1,3,2) : 1
(0,1,3,2,4) : 1
(0,1,3,2,4,5) : 33
(0,1,3,2,5,4) : 18
(0,1,3,4,2) : 1
(0,1,3,4,2,5) : 10
(0,1,3,4,5,2) : 3
(0,1,3,5,2,4) : 8
(0,1,3,5,4,2) : 2
(0,1,4) : 9
(0,1,4,2) : 1
(0,1,4,2,3,5) : 24
(0,1,4,2,5,3) : 3
(0,1,4,3,2,5) : 5
(0,1,4,3,5,2) : 2
(0,1,4,5,2,3) : 7
(0,1,4,5,3,2) : 3
(0,1,5) : 1
(0,1,5,2,3,4) : 8
(0,1,5,2,4,3) : 1
(0,1,5,3,2,4) : 9
(0,1,5,3,4,2) : 2
(0,1,5,4,2,3) : 3
(0,1,5,4,3) : 1
(0,1,5,4,3,2) : 9
(0,2) : 30
(0,2,1) : 11
(0,2,1,3,4) : 2
(0,2,1,3,4,5) : 50
(0,2,1,3,5,4) : 65
(0,2,1,4,3,5) : 38
(0,2,1,4,5) : 1
(0,2,1,4,5,3) : 12
(0,2,1,5) : 1
(0,2,1,5,3,4) : 20
(0,2,1,5,4,3) : 6
(0,2,3) : 4
(0,2,3,1,4,5) : 20
(0,2,3,1,5,4) : 19
(0,2,3,4,1,5) : 3
(0,2,3,4,5,1) : 8
(0,2,3,5,1,4) : 14
(0,2,3,5,4,1) : 4
(0,2,4) : 7
(0,2,4,1) : 2
(0,2,4,1,3,5) : 10
(0,2,4,1,5) : 1
(0,2,4,1,5,3) : 8
(0,2,4,3) : 1
(0,2,4,3,1,5) : 4
(0,2,4,3,5) : 1
(0,2,4,3,5,1) : 4
(0,2,4,5,1) : 1
(0,2,4,5,1,3) : 3
(0,2,4,5,3,1) : 8
(0,2,5) : 2
(0,2,5,1,3,4) : 5
(0,2,5,1,4,3) : 1
(0,2,5,3,1,4) : 9
(0,2,5,3,4,1) : 2
(0,2,5,4,1,3) : 6
(0,2,5,4,3,1) : 2
(0,3) : 13
(0,3,1) : 1
(0,3,1,2,4) : 1
(0,3,1,2,4,5) : 6
(0,3,1,2,5) : 1
(0,3,1,2,5,4) : 9
(0,3,1,4) : 1
(0,3,1,4,2,5) : 2
(0,3,1,4,5,2) : 1
(0,3,1,5,2,4) : 1
(0,3,2,1,4,5) : 8
(0,3,2,1,5,4) : 5
(0,3,2,4,1) : 1
(0,3,2,4,1,5) : 2
(0,3,2,4,5,1) : 1
(0,3,2,5,1,4) : 3
(0,3,2,5,4,1) : 2
(0,3,4,1,2,5) : 3
(0,3,4,1,5,2) : 1
(0,3,4,2,1,5) : 5
(0,3,4,5,1) : 1
(0,3,4,5,1,2) : 3
(0,3,4,5,2,1) : 4
(0,3,5,1,2,4) : 1
(0,3,5,1,4,2) : 1
(0,3,5,2,1,4) : 3
(0,3,5,4,1,2) : 2
(0,3,5,4,2,1) : 2
(0,4) : 23
(0,4,1) : 4
(0,4,1,2,3,5) : 31
(0,4,1,2,5,3) : 9
(0,4,1,3,2) : 1
(0,4,1,3,2,5) : 3
(0,4,1,5,2,3) : 5
(0,4,2) : 3
(0,4,2,1,3,5) : 18
(0,4,2,1,5) : 1
(0,4,2,1,5,3) : 4
(0,4,2,3,1,5) : 7
(0,4,2,3,5,1) : 1
(0,4,2,5,1,3) : 1
(0,4,3) : 1
(0,4,3,1,2,5) : 6
(0,4,3,2,1) : 1
(0,4,3,2,1,5) : 1
(0,4,3,5,2,1) : 1
(0,4,5) : 2
(0,4,5,1,2,3) : 3
(0,4,5,1,3,2) : 2
(0,4,5,3,2,1) : 5
(0,5) : 7
(0,5,1,2,3,4) : 4
(0,5,1,2,4,3) : 3
(0,5,1,3,2,4) : 1
(0,5,2) : 1
(0,5,2,1,3,4) : 3
(0,5,2,1,4,3) : 1
(0,5,2,3,1,4) : 2
(0,5,2,3,4,1) : 2
(0,5,2,4,1,3) : 1
(0,5,3,1) : 1
(0,5,3,1,2,4) : 2
(0,5,3,2,1,4) : 2
(0,5,3,4,1,2) : 1
(0,5,4,1,2,3) : 2
(0,5,4,1,3,2) : 1
(0,5,4,3,2,1) : 5
(1) : 6753
(1,0) : 156
(1,0,2) : 31
(1,0,2,3) : 2
(1,0,2,3,4) : 5
(1,0,2,3,4,5) : 360
(1,0,2,3,5) : 1
(1,0,2,3,5,4) : 268
(1,0,2,4) : 3
(1,0,2,4,3) : 1
(1,0,2,4,3,5) : 114
(1,0,2,4,5,3) : 37
(1,0,2,5) : 1
(1,0,2,5,3,4) : 73
(1,0,2,5,4,3) : 18
(1,0,3) : 4
(1,0,3,2) : 2
(1,0,3,2,4,5) : 67
(1,0,3,2,5,4) : 42
(1,0,3,4) : 1
(1,0,3,4,2,5) : 19
(1,0,3,4,5) : 2
(1,0,3,4,5,2) : 8
(1,0,3,5,2) : 1
(1,0,3,5,2,4) : 13
(1,0,3,5,4) : 2
(1,0,3,5,4,2) : 12
(1,0,4) : 6
(1,0,4,2) : 1
(1,0,4,2,3) : 1
(1,0,4,2,3,5) : 41
(1,0,4,2,5) : 2
(1,0,4,2,5,3) : 7
(1,0,4,3) : 1
(1,0,4,3,2,5) : 21
(1,0,4,3,5) : 1
(1,0,4,3,5,2) : 3
(1,0,4,5) : 1
(1,0,4,5,2) : 1
(1,0,4,5,2,3) : 6
(1,0,4,5,3) : 1
(1,0,4,5,3,2) : 9
(1,0,5) : 1
(1,0,5,2,3) : 1
(1,0,5,2,3,4) : 32
(1,0,5,2,4) : 1
(1,0,5,2,4,3) : 6
(1,0,5,3,2,4) : 14
(1,0,5,3,4,2) : 3
(1,0,5,4,2,3) : 2
(1,0,5,4,3,2) : 11
(1,2) : 668
(1,2,0) : 27
(1,2,0,3) : 2
(1,2,0,3,4) : 4
(1,2,0,3,4,5) : 182
(1,2,0,3,5) : 1
(1,2,0,3,5,4) : 219
(1,2,0,4) : 3
(1,2,0,4,3) : 1
(1,2,0,4,3,5) : 66
(1,2,0,4,5,3) : 28
(1,2,0,5) : 1
(1,2,0,5,3,4) : 77
(1,2,0,5,4) : 1
(1,2,0,5,4,3) : 28
(1,2,3) : 11
(1,2,3,0) : 2
(1,2,3,0,4,5) : 80
(1,2,3,0,5,4) : 76
(1,2,3,4) : 1
(1,2,3,4,0) : 2
(1,2,3,4,0,5) : 42
(1,2,3,4,5) : 3
(1,2,3,4,5,0) : 129
(1,2,3,5,0,4) : 61
(1,2,3,5,4) : 2
(1,2,3,5,4,0) : 35
(1,2,4) : 25
(1,2,4,0) : 2
(1,2,4,0,3) : 2
(1,2,4,0,3,5) : 64
(1,2,4,0,5) : 4
(1,2,4,0,5,3) : 15
(1,2,4,3) : 4
(1,2,4,3,0) : 2
(1,2,4,3,0,5) : 40
(1,2,4,3,5) : 2
(1,2,4,3,5,0) : 41
(1,2,4,5) : 1
(1,2,4,5,0) : 4
(1,2,4,5,0,3) : 16
(1,2,4,5,3,0) : 42
(1,2,5) : 5
(1,2,5,0) : 1
(1,2,5,0,3) : 1
(1,2,5,0,3,4) : 41
(1,2,5,0,4) : 1
(1,2,5,0,4,3) : 8
(1,2,5,3,0,4) : 21
(1,2,5,3,4,0) : 9
(1,2,5,4,0,3) : 5
(1,2,5,4,3) : 4
(1,2,5,4,3,0) : 16
(1,3) : 25
(1,3,0) : 5
(1,3,0,2,4,5) : 22
(1,3,0,2,5,4) : 21
(1,3,0,4,2,5) : 8
(1,3,0,4,5,2) : 2
(1,3,0,5,2,4) : 7
(1,3,0,5,4) : 2
(1,3,0,5,4,2) : 3
(1,3,2) : 8
(1,3,2,0,4,5) : 37
(1,3,2,0,5) : 1
(1,3,2,0,5,4) : 11
(1,3,2,4,0,5) : 24
(1,3,2,4,5) : 3
(1,3,2,4,5,0) : 27
(1,3,2,5,0) : 1
(1,3,2,5,0,4) : 6
(1,3,2,5,4,0) : 9
(1,3,4) : 2
(1,3,4,0,2,5) : 7
(1,3,4,0,5,2) : 3
(1,3,4,2,0,5) : 16
(1,3,4,2,5) : 1
(1,3,4,2,5,0) : 7
(1,3,4,5) : 2
(1,3,4,5,0) : 2
(1,3,4,5,0,2) : 6
(1,3,4,5,2) : 1
(1,3,4,5,2,0) : 21
(1,3,5) : 2
(1,3,5,0) : 1
(1,3,5,0,2,4) : 12
(1,3,5,0,4) : 1
(1,3,5,0,4,2) : 3
(1,3,5,2,0,4) : 7
(1,3,5,2,4,0) : 5
(1,3,5,4,0) : 2
(1,3,5,4,0,2) : 1
(1,3,5,4,2,0) : 13
(1,4) : 120
(1,4,0) : 10
(1,4,0,2,3) : 1
(1,4,0,2,3,5) : 63
(1,4,0,2,5) : 2
(1,4,0,2,5,3) : 20
(1,4,0,3,2,5) : 17
(1,4,0,3,5,2) : 5
(1,4,0,5) : 1
(1,4,0,5,2) : 1
(1,4,0,5,2,3) : 9
(1,4,0,5,3,2) : 6
(1,4,2) : 22
(1,4,2,0,3,5) : 76
(1,4,2,0,5) : 2
(1,4,2,0,5,3) : 12
(1,4,2,3) : 3
(1,4,2,3,0,5) : 46
(1,4,2,3,5) : 1
(1,4,2,3,5,0) : 42
(1,4,2,5,0) : 4
(1,4,2,5,0,3) : 3
(1,4,2,5,3,0) : 16
(1,4,3) : 1
(1,4,3,0,2,5) : 18
(1,4,3,0,5) : 1
(1,4,3,0,5,2) : 1
(1,4,3,2,0) : 2
(1,4,3,2,0,5) : 38
(1,4,3,2,5) : 1
(1,4,3,2,5,0) : 20
(1,4,3,5,0) : 1
(1,4,3,5,0,2) : 3
(1,4,3,5,2,0) : 9
(1,4,5) : 1
(1,4,5,0) : 1
(1,4,5,0,2) : 1
(1,4,5,0,2,3) : 17
(1,4,5,0,3,2) : 1
(1,4,5,2) : 1
(1,4,5,2,0) : 3
(1,4,5,2,0,3) : 10
(1,4,5,2,3) : 1
(1,4,5,2,3,0) : 14
(1,4,5,3,0,2) : 3
(1,4,5,3,2) : 1
(1,4,5,3,2,0) : 37
(1,5) : 15
(1,5,0) : 3
(1,5,0,2,3) : 1
(1,5,0,2,3,4) : 24
(1,5,0,2,4,3) : 1
(1,5,0,3,2,4) : 1
(1,5,0,3,4,2) : 3
(1,5,0,4,2,3) : 5
(1,5,0,4,3,2) : 2
(1,5,2,0,3,4) : 15
(1,5,2,0,4,3) : 3
(1,5,2,3,0) : 1
(1,5,2,3,0,4) : 9
(1,5,2,3,4,0) : 7
(1,5,2,4,0,3) : 2
(1,5,2,4,3,0) : 5
(1,5,3) : 1
(1,5,3,0,2,4) : 4
(1,5,3,0,4,2) : 2
(1,5,3,2,0,4) : 8
(1,5,3,2,4,0) : 6
(1,5,3,4,2) : 1
(1,5,3,4,2,0) : 4
(1,5,4) : 2
(1,5,4,0) : 1
(1,5,4,0,2,3) : 6
(1,5,4,2,0,3) : 3
(1,5,4,2,3) : 2
(1,5,4,2,3,0) : 3
(1,5,4,3,0,2) : 2
(1,5,4,3,2,0) : 10
(2) : 4592
(2,0) : 66
(2,0,1) : 24
(2,0,1,3,4,5) : 118
(2,0,1,3,5,4) : 211
(2,0,1,4) : 5
(2,0,1,4,3) : 1
(2,0,1,4,3,5) : 60
(2,0,1,4,5,3) : 21
(2,0,1,5) : 1
(2,0,1,5,3,4) : 78
(2,0,1,5,4,3) : 11
(2,0,3) : 3
(2,0,3,1,4,5) : 8
(2,0,3,1,5) : 1
(2,0,3,1,5,4) : 43
(2,0,3,4) : 1
(2,0,3,4,1) : 2
(2,0,3,4,1,5) : 8
(2,0,3,4,5) : 2
(2,0,3,4,5,1) : 9
(2,0,3,5,1,4) : 44
(2,0,3,5,4,1) : 6
(2,0,4) : 4
(2,0,4,1) : 1
(2,0,4,1,3) : 1
(2,0,4,1,3,5) : 21
(2,0,4,1,5) : 1
(2,0,4,1,5,3) : 10
(2,0,4,3,1,5) : 9
(2,0,4,3,5,1) : 7
(2,0,4,5,1,3) : 3
(2,0,4,5,3,1) : 8
(2,0,5) : 3
(2,0,5,1,3,4) : 30
(2,0,5,1,4,3) : 10
(2,0,5,3,1,4) : 33
(2,0,5,3,4,1) : 9
(2,0,5,4,1,3) : 4
(2,0,5,4,3,1) : 6
(2,1) : 100
(2,1,0) : 20
(2,1,0,3) : 4
(2,1,0,3,4) : 4
(2,1,0,3,4,5) : 153
(2,1,0,3,5,4) : 223
(2,1,0,4) : 1
(2,1,0,4,3) : 1
(2,1,0,4,3,5) : 59
(2,1,0,4,5) : 1
(2,1,0,4,5,3) : 21
(2,1,0,5,3) : 1
(2,1,0,5,3,4) : 76
(2,1,0,5,4) : 1
(2,1,0,5,4,3) : 19
(2,1,3) : 6
(2,1,3,0) : 1
(2,1,3,0,4,5) : 41
(2,1,3,0,5) : 2
(2,1,3,0,5,4) : 47
(2,1,3,4) : 1
(2,1,3,4,0,5) : 26
(2,1,3,4,5) : 4
(2,1,3,4,5,0) : 31
(2,1,3,5,0,4) : 33
(2,1,3,5,4) : 2
(2,1,3,5,4,0) : 11
(2,1,4) : 15
(2,1,4,0,3,5) : 28
(2,1,4,0,5,3) : 11
(2,1,4,3) : 1
(2,1,4,3,0) : 1
(2,1,4,3,0,5) : 23
(2,1,4,3,5,0) : 24
(2,1,4,5,0) : 1
(2,1,4,5,0,3) : 8
(2,1,4,5,3,0) : 23
(2,1,5) : 3
(2,1,5,0,3,4) : 27
(2,1,5,0,4,3) : 4
(2,1,5,3) : 1
(2,1,5,3,0,4) : 23
(2,1,5,3,4,0) : 12
(2,1,5,4) : 2
(2,1,5,4,0) : 2
(2,1,5,4,0,3) : 6
(2,1,5,4,3,0) : 8
(2,3) : 22
(2,3,0,1,4,5) : 15
(2,3,0,1,5,4) : 9
(2,3,0,4,1,5) : 7
(2,3,0,4,5,1) : 2
(2,3,0,5,1,4) : 21
(2,3,0,5,4,1) : 7
(2,3,1) : 3
(2,3,1,0) : 1
(2,3,1,0,4,5) : 18
(2,3,1,0,5,4) : 19
(2,3,1,4,0,5) : 9
(2,3,1,4,5,0) : 16
(2,3,1,5) : 1
(2,3,1,5,0) : 1
(2,3,1,5,0,4) : 6
(2,3,1,5,4) : 1
(2,3,1,5,4,0) : 9
(2,3,4,0,1,5) : 4
(2,3,4,0,5,1) : 2
(2,3,4,1) : 1
(2,3,4,1,0) : 1
(2,3,4,1,0,5) : 21
(2,3,4,1,5,0) : 7
(2,3,4,5,0) : 1
(2,3,4,5,0,1) : 12
(2,3,4,5,1) : 1
(2,3,4,5,1,0) : 33
(2,3,5) : 3
(2,3,5,0,1,4) : 13
(2,3,5,0,4,1) : 5
(2,3,5,1,0,4) : 14
(2,3,5,1,4,0) : 6
(2,3,5,4) : 2
(2,3,5,4,0,1) : 5
(2,3,5,4,1,0) : 23
(2,4) : 195
(2,4,0) : 9
(2,4,0,1) : 3
(2,4,0,1,3) : 2
(2,4,0,1,3,5) : 53
(2,4,0,1,5) : 4
(2,4,0,1,5,3) : 19
(2,4,0,3,1) : 1
(2,4,0,3,1,5) : 14
(2,4,0,3,5,1) : 11
(2,4,0,5,1,3) : 12
(2,4,0,5,3,1) : 14
(2,4,1) : 15
(2,4,1,0) : 2
(2,4,1,0,3) : 2
(2,4,1,0,3,5) : 56
(2,4,1,0,5) : 4
(2,4,1,0,5,3) : 22
(2,4,1,3) : 1
(2,4,1,3,0,5) : 26
(2,4,1,3,5) : 1
(2,4,1,3,5,0) : 35
(2,4,1,5,0) : 3
(2,4,1,5,0,3) : 15
(2,4,1,5,3,0) : 29
(2,4,3) : 7
(2,4,3,0,1,5) : 17
(2,4,3,0,5,1) : 8
(2,4,3,1) : 2
(2,4,3,1,0) : 1
(2,4,3,1,0,5) : 35
(2,4,3,1,5,0) : 37
(2,4,3,5) : 2
(2,4,3,5,0,1) : 24
(2,4,3,5,1) : 1
(2,4,3,5,1,0) : 54
(2,4,5) : 7
(2,4,5,0,1) : 3
(2,4,5,0,1,3) : 28
(2,4,5,0,3) : 2
(2,4,5,0,3,1) : 10
(2,4,5,1) : 1
(2,4,5,1,0) : 4
(2,4,5,1,0,3) : 17
(2,4,5,1,3,0) : 22
(2,4,5,3,0,1) : 15
(2,4,5,3,1,0) : 80
(2,5) : 12
(2,5,0) : 5
(2,5,0,1,3,4) : 10
(2,5,0,1,4,3) : 2
(2,5,0,3,1,4) : 15
(2,5,0,3,4,1) : 1
(2,5,0,4,1,3) : 1
(2,5,0,4,3,1) : 1
(2,5,1) : 2
(2,5,1,0) : 1
(2,5,1,0,3,4) : 15
(2,5,1,0,4,3) : 3
(2,5,1,3,0,4) : 11
(2,5,1,3,4,0) : 6
(2,5,1,4,0,3) : 2
(2,5,1,4,3,0) : 2
(2,5,3) : 1
(2,5,3,0,1,4) : 11
(2,5,3,0,4,1) : 3
(2,5,3,1,0,4) : 20
(2,5,3,1,4,0) : 5
(2,5,3,4,0,1) : 4
(2,5,3,4,1,0) : 14
(2,5,4) : 8
(2,5,4,0,1) : 1
(2,5,4,0,1,3) : 3
(2,5,4,0,3) : 1
(2,5,4,0,3,1) : 1
(2,5,4,1) : 1
(2,5,4,1,0,3) : 10
(2,5,4,1,3,0) : 9
(2,5,4,3,0,1) : 5
(2,5,4,3,1,0) : 31
(3) : 389
(3,0) : 5
(3,0,1) : 1
(3,0,1,2,4,5) : 7
(3,0,1,2,5,4) : 1
(3,0,1,4,2,5) : 3
(3,0,1,4,5) : 1
(3,0,1,5,2,4) : 2
(3,0,2) : 1
(3,0,2,1,4,5) : 3
(3,0,2,4,1,5) : 3
(3,0,4,1,2,5) : 1
(3,0,4,1,5,2) : 1
(3,0,5,1,2) : 1
(3,0,5,1,2,4) : 2
(3,0,5,1,4,2) : 2
(3,0,5,2,1,4) : 1
(3,1) : 12
(3,1,0) : 1
(3,1,0,2,4,5) : 11
(3,1,0,2,5,4) : 1
(3,1,0,4,2,5) : 1
(3,1,0,5,4,2) : 3
(3,1,2,0,4,5) : 4
(3,1,2,0,5,4) : 3
(3,1,2,4,0,5) : 2
(3,1,2,4,5) : 1
(3,1,2,4,5,0) : 11
(3,1,2,5,4,0) : 2
(3,1,4,2,0,5) : 1
(3,1,4,2,5,0) : 3
(3,1,4,5,0,2) : 1
(3,1,4,5,2,0) : 3
(3,1,5) : 1
(3,1,5,2,0,4) : 1
(3,1,5,2,4,0) : 2
(3,1,5,4,2,0) : 3
(3,2) : 5
(3,2,0,1,4,5) : 4
(3,2,0,1,5,4) : 4
(3,2,0,4,1,5) : 1
(3,2,0,5,4,1) : 1
(3,2,1) : 2
(3,2,1,0,4) : 1
(3,2,1,0,4,5) : 15
(3,2,1,0,5,4) : 2
(3,2,1,4,0,5) : 2
(3,2,1,4,5,0) : 11
(3,2,1,5,0,4) : 1
(3,2,1,5,4,0) : 2
(3,2,4) : 1
(3,2,4,0,1,5) : 1
(3,2,4,0,5,1) : 1
(3,2,4,1,0) : 1
(3,2,4,1,0,5) : 3
(3,2,4,1,5,0) : 2
(3,2,4,5,0,1) : 1
(3,2,4,5,1,0) : 4
(3,2,5,1,0,4) : 2
(3,2,5,1,4,0) : 1
(3,2,5,4,0,1) : 2
(3,2,5,4,1,0) : 1
(3,4) : 10
(3,4,0,1,2,5) : 3
(3,4,0,1,5,2) : 1
(3,4,0,2,1,5) : 1
(3,4,0,5,2,1) : 1
(3,4,1,2) : 1
(3,4,1,2,0,5) : 2
(3,4,1,2,5,0) : 5
(3,4,1,5,2,0) : 1
(3,4,2) : 3
(3,4,2,0) : 1
(3,4,2,0,1,5) : 2
(3,4,2,1,0,5) : 4
(3,4,2,1,5,0) : 4
(3,4,2,5,1,0) : 5
(3,4,5,0,1,2) : 4
(3,4,5,1,0,2) : 2
(3,4,5,1,2) : 1
(3,4,5,1,2,0) : 1
(3,4,5,2,0,1) : 1
(3,4,5,2,1,0) : 12
(3,5) : 3
(3,5,0,1,2,4) : 1
(3,5,0,1,4,2) : 1
(3,5,1,0,2,4) : 1
(3,5,1,2,4,0) : 1
(3,5,2,1,0,4) : 2
(3,5,2,4,0,1) : 1
(3,5,2,4,1,0) : 1
(3,5,4,1,2,0) : 2
(3,5,4,2,0,1) : 1
(3,5,4,2,1,0) : 5
(4) : 16036
(4,0) : 44
(4,0,1) : 12
(4,0,1,2) : 1
(4,0,1,2,3) : 1
(4,0,1,2,3,5) : 109
(4,0,1,2,5,3) : 21
(4,0,1,3,2,5) : 16
(4,0,1,3,5,2) : 6
(4,0,1,5,2,3) : 17
(4,0,1,5,3,2) : 10
(4,0,2) : 9
(4,0,2,1,3) : 1
(4,0,2,1,3,5) : 54
(4,0,2,1,5,3) : 9
(4,0,2,3) : 1
(4,0,2,3,1) : 1
(4,0,2,3,1,5) : 15
(4,0,2,3,5,1) : 16
(4,0,2,5,1) : 1
(4,0,2,5,1,3) : 4
(4,0,2,5,3,1) : 16
(4,0,3) : 2
(4,0,3,1,2,5) : 8
(4,0,3,1,5,2) : 3
(4,0,3,2,1,5) : 9
(4,0,3,2,5,1) : 6
(4,0,3,5,1,2) : 2
(4,0,3,5,2,1) : 4
(4,0,5,1,2,3) : 5
(4,0,5,1,3,2) : 3
(4,0,5,2,1) : 1
(4,0,5,2,1,3) : 4
(4,0,5,2,3,1) : 8
(4,0,5,3,1,2) : 3
(4,0,5,3,2,1) : 7
(4,1) : 136
(4,1,0) : 11
(4,1,0,2) : 1
(4,1,0,2,3) : 3
(4,1,0,2,3,5) : 131
(4,1,0,2,5,3) : 30
(4,1,0,3,2,5) : 22
(4,1,0,3,5) : 1
(4,1,0,3,5,2) : 9
(4,1,0,5,2,3) : 9
(4,1,0,5,3,2) : 9
(4,1,2) : 22
(4,1,2,0) : 1
(4,1,2,0,3) : 1
(4,1,2,0,3,5) : 72
(4,1,2,0,5) : 3
(4,1,2,0,5,3) : 25
(4,1,2,3) : 2
(4,1,2,3,0) : 5
(4,1,2,3,0,5) : 61
(4,1,2,3,5) : 3
(4,1,2,3,5,0) : 94
(4,1,2,5,0,3) : 17
(4,1,2,5,3) : 1
(4,1,2,5,3,0) : 44
(4,1,3) : 8
(4,1,3,0,2,5) : 14
(4,1,3,0,5) : 1
(4,1,3,0,5,2) : 3
(4,1,3,2) : 1
(4,1,3,2,0) : 1
(4,1,3,2,0,5) : 36
(4,1,3,2,5) : 1
(4,1,3,2,5,0) : 24
(4,1,3,5,0) : 2
(4,1,3,5,0,2) : 7
(4,1,3,5,2) : 1
(4,1,3,5,2,0) : 18
(4,1,5,0,2) : 2
(4,1,5,0,2,3) : 13
(4,1,5,0,3,2) : 4
(4,1,5,2,0,3) : 11
(4,1,5,2,3) : 1
(4,1,5,2,3,0) : 20
(4,1,5,3,0) : 2
(4,1,5,3,0,2) : 5
(4,1,5,3,2) : 1
(4,1,5,3,2,0) : 19
(4,2) : 398
(4,2,0) : 10
(4,2,0,1) : 3
(4,2,0,1,3) : 2
(4,2,0,1,3,5) : 125
(4,2,0,1,5) : 4
(4,2,0,1,5,3) : 22
(4,2,0,3,1,5) : 24
(4,2,0,3,5) : 2
(4,2,0,3,5,1) : 27
(4,2,0,5,1) : 1
(4,2,0,5,1,3) : 11
(4,2,0,5,3) : 3
(4,2,0,5,3,1) : 29
(4,2,1) : 18
(4,2,1,0) : 1
(4,2,1,0,3) : 3
(4,2,1,0,3,5) : 154
(4,2,1,0,5) : 10
(4,2,1,0,5,3) : 43
(4,2,1,3) : 1
(4,2,1,3,0) : 3
(4,2,1,3,0,5) : 59
(4,2,1,3,5) : 2
(4,2,1,3,5,0) : 116
(4,2,1,5) : 2
(4,2,1,5,0) : 7
(4,2,1,5,0,3) : 21
(4,2,1,5,3,0) : 63
(4,2,3) : 17
(4,2,3,0,1,5) : 21
(4,2,3,0,5) : 1
(4,2,3,0,5,1) : 25
(4,2,3,1,0) : 4
(4,2,3,1,0,5) : 66
(4,2,3,1,5,0) : 59
(4,2,3,5,0) : 1
(4,2,3,5,0,1) : 48
(4,2,3,5,1) : 3
(4,2,3,5,1,0) : 191
(4,2,5) : 17
(4,2,5,0,1) : 4
(4,2,5,0,1,3) : 35
(4,2,5,0,3,1) : 10
(4,2,5,1,0) : 7
(4,2,5,1,0,3) : 37
(4,2,5,1,3,0) : 39
(4,2,5,3) : 3
(4,2,5,3,0,1) : 47
(4,2,5,3,1) : 1
(4,2,5,3,1,0) : 184
(4,3) : 52
(4,3,0) : 1
(4,3,0,1) : 1
(4,3,0,1,2) : 1
(4,3,0,1,2,5) : 6
(4,3,0,1,5) : 1
(4,3,0,1,5,2) : 7
(4,3,0,2,1,5) : 4
(4,3,0,2,5) : 1
(4,3,0,2,5,1) : 4
(4,3,0,5,2,1) : 2
(4,3,1) : 1
(4,3,1,0,2,5) : 15
(4,3,1,0,5,2) : 1
(4,3,1,2) : 1
(4,3,1,2,0) : 1
(4,3,1,2,0,5) : 18
(4,3,1,2,5,0) : 16
(4,3,1,5,0) : 1
(4,3,1,5,0,2) : 3
(4,3,1,5,2,0) : 5
(4,3,2) : 6
(4,3,2,0,1) : 2
(4,3,2,0,1,5) : 17
(4,3,2,0,5) : 1
(4,3,2,0,5,1) : 8
(4,3,2,1) : 2
(4,3,2,1,0) : 6
(4,3,2,1,0,5) : 87
(4,3,2,1,5) : 2
(4,3,2,1,5,0) : 42
(4,3,2,5) : 1
(4,3,2,5,0,1) : 25
(4,3,2,5,1,0) : 75
(4,3,5) : 1
(4,3,5,0,1,2) : 9
(4,3,5,0,2,1) : 2
(4,3,5,1,0,2) : 10
(4,3,5,1,2,0) : 11
(4,3,5,2) : 2
(4,3,5,2,0,1) : 21
(4,3,5,2,1) : 2
(4,3,5,2,1,0) : 68
(4,5) : 2087
(4,5,0) : 4
(4,5,0,1,2,3) : 61
(4,5,0,1,3,2) : 5
(4,5,0,2) : 1
(4,5,0,2,1) : 2
(4,5,0,2,1,3) : 10
(4,5,0,2,3,1) : 9
(4,5,0,3,1,2) : 5
(4,5,0,3,2,1) : 7
(4,5,1) : 4
(4,5,1,0,2,3) : 27
(4,5,1,0,3,2) : 9
(4,5,1,2,0) : 3
(4,5,1,2,0,3) : 26
(4,5,1,2,3) : 1
(4,5,1,2,3,0) : 44
(4,5,1,3) : 1
(4,5,1,3,0) : 1
(4,5,1,3,0,2) : 14
(4,5,1,3,2,0) : 21
(4,5,2) : 41
(4,5,2,0) : 1
(4,5,2,0,1) : 2
(4,5,2,0,1,3) : 31
(4,5,2,0,3) : 1
(4,5,2,0,3,1) : 23
(4,5,2,1,0) : 11
(4,5,2,1,0,3) : 78
(4,5,2,1,3) : 1
(4,5,2,1,3,0) : 83
(4,5,2,3) : 4
(4,5,2,3,0,1) : 79
(4,5,2,3,1) : 1
(4,5,2,3,1,0) : 283
(4,5,3) : 12
(4,5,3,0,1) : 1
(4,5,3,0,1,2) : 27
(4,5,3,0,2,1) : 12
(4,5,3,1,0) : 1
(4,5,3,1,0,2) : 37
(4,5,3,1,2,0) : 58
(4,5,3,2) : 1
(4,5,3,2,0,1) : 68
(4,5,3,2,1) : 5
(4,5,3,2,1,0) : 323
(5) : 561
(5,0) : 4
(5,0,1) : 1
(5,0,1,2,3,4) : 3
(5,0,1,2,4,3) : 3
(5,0,1,3,2,4) : 1
(5,0,1,4,2,3) : 1
(5,0,1,4,3,2) : 1
(5,0,2,1,3,4) : 4
(5,0,2,1,4,3) : 2
(5,0,2,3,1,4) : 2
(5,0,2,4,3,1) : 1
(5,0,3,1,2,4) : 1
(5,0,3,2,1,4) : 1
(5,0,4,1,2,3) : 1
(5,0,4,1,3,2) : 4
(5,0,4,2) : 1
(5,0,4,2,1,3) : 1
(5,0,4,3,1,2) : 1
(5,0,4,3,2,1) : 2
(5,1) : 7
(5,1,0,2,3,4) : 8
(5,1,0,2,4,3) : 1
(5,1,0,3,2,4) : 1
(5,1,0,3,4,2) : 1
(5,1,0,4,2,3) : 1
(5,1,2) : 1
(5,1,2,0,3,4) : 2
(5,1,2,0,4,3) : 1
(5,1,2,3,0,4) : 2
(5,1,2,3,4,0) : 1
(5,1,2,4,0,3) : 3
(5,1,2,4,3,0) : 3
(5,1,3,0,2,4) : 2
(5,1,3,0,4,2) : 1
(5,1,3,2,0,4) : 3
(5,1,3,4,0,2) : 1
(5,1,3,4,2,0) : 4
(5,1,4) : 1
(5,1,4,0,2,3) : 3
(5,1,4,2,3,0) : 6
(5,1,4,3,2,0) : 3
(5,2) : 10
(5,2,0,1,3,4) : 6
(5,2,0,1,4,3) : 1
(5,2,0,3,1,4) : 3
(5,2,0,3,4,1) : 1
(5,2,0,4,1,3) : 1
(5,2,1) : 3
(5,2,1,0,3,4) : 4
(5,2,1,0,4,3) : 1
(5,2,1,3,0,4) : 4
(5,2,1,3,4) : 1
(5,2,1,3,4,0) : 2
(5,2,1,4,0,3) : 3
(5,2,1,4,3,0) : 3
(5,2,3,0,1,4) : 1
(5,2,3,1,0,4) : 1
(5,2,3,1,4,0) : 1
(5,2,3,4) : 1
(5,2,3,4,0) : 1
(5,2,3,4,0,1) : 2
(5,2,3,4,1,0) : 7
(5,2,4) : 4
(5,2,4,0,3,1) : 1
(5,2,4,1,0,3) : 5
(5,2,4,1,3) : 1
(5,2,4,1,3,0) : 10
(5,2,4,3,0,1) : 2
(5,2,4,3,1,0) : 20
(5,3) : 1
(5,3,0,1) : 1
(5,3,0,1,4,2) : 1
(5,3,0,2,1,4) : 1
(5,3,1,0,2,4) : 2
(5,3,1,0,4,2) : 1
(5,3,1,2,0,4) : 2
(5,3,1,4,2,0) : 1
(5,3,2,0,1,4) : 5
(5,3,2,0,4,1) : 2
(5,3,2,1,0,4) : 4
(5,3,2,4,1) : 1
(5,3,2,4,1,0) : 4
(5,3,4) : 1
(5,3,4,0,2,1) : 1
(5,3,4,1,2,0) : 4
(5,3,4,2,0,1) : 3
(5,3,4,2,1,0) : 5
(5,4) : 137
(5,4,0,1,2,3) : 2
(5,4,0,2,1,3) : 1
(5,4,0,2,3,1) : 1
(5,4,0,3,2,1) : 1
(5,4,1) : 3
(5,4,1,0,2,3) : 4
(5,4,1,0,3,2) : 1
(5,4,1,2,0,3) : 5
(5,4,1,2,3,0) : 13
(5,4,1,3,0,2) : 1
(5,4,1,3,2,0) : 8
(5,4,2) : 9
(5,4,2,0,1,3) : 7
(5,4,2,1,0,3) : 10
(5,4,2,1,3) : 1
(5,4,2,1,3,0) : 37
(5,4,2,3) : 2
(5,4,2,3,0,1) : 4
(5,4,2,3,1,0) : 58
(5,4,3) : 1
(5,4,3,0,1,2) : 1
(5,4,3,0,2,1) : 2
(5,4,3,1,0,2) : 1
(5,4,3,1,2,0) : 10
(5,4,3,2,0,1) : 9
(5,4,3,2,1,0) : 70
