0, 1, 2, 3, 4, 5
NLT,LIB,CDP,LAB,GRN,IND
-+-+-+-+-
() : 186
(0) : 526
(0,1) : 16
(0,1,2) : 4
(0,1,2,3) : 2
(0,1,2,3,4) : 1
(0,1,2,3,4,5) : 107
(0,1,2,3,5,4) : 6
(0,1,2,4,3,5) : 2
(0,1,2,4,5,3) : 2
(0,1,2,5,3) : 1
(0,1,2,5,3,4) : 5
(0,1,2,5,4,3) : 1
(0,1,3) : 4
(0,1,3,2,4,5) : 7
(0,1,3,2,5,4) : 3
(0,1,3,4,2,5) : 1
(0,1,3,4,5,2) : 2
(0,1,3,5,2,4) : 2
(0,1,3,5,4,2) : 2
(0,1,4,2,3,5) : 2
(0,1,4,2,5,3) : 1
(0,1,4,3,2,5) : 3
(0,1,4,5,2,3) : 4
(0,1,5) : 1
(0,1,5,2,3,4) : 9
(0,1,5,2,4,3) : 2
(0,1,5,3,2,4) : 1
(0,1,5,3,4,2) : 4
(0,1,5,4,2,3) : 2
(0,1,5,4,3,2) : 3
(0,2) : 4
(0,2,1,3,4,5) : 7
(0,2,1,3,5,4) : 1
(0,2,1,4,3,5) : 1
(0,2,3,4) : 1
(0,2,3,4,5,1) : 3
(0,2,3,5,1,4) : 1
(0,2,3,5,4,1) : 1
(0,2,4,1,3,5) : 1
(0,2,4,5,1,3) : 1
(0,2,4,5,3,1) : 4
(0,2,5) : 1
(0,2,5,1,3,4) : 1
(0,2,5,1,4,3) : 1
(0,2,5,3,4,1) : 1
(0,2,5,4,1,3) : 3
(0,2,5,4,3,1) : 3
(0,3) : 16
(0,3,1,2,4,5) : 4
(0,3,1,2,5,4) : 2
(0,3,1,4,2,5) : 2
(0,3,1,4,5,2) : 2
(0,3,1,5,2,4) : 3
(0,3,1,5,4,2) : 2
(0,3,2,1,4,5) : 1
(0,3,2,4,1,5) : 1
(0,3,2,5,1) : 1
(0,3,2,5,1,4) : 1
(0,3,2,5,4,1) : 1
(0,3,4) : 2
(0,3,4,1,2,5) : 1
(0,3,4,1,5,2) : 2
(0,3,4,2,1,5) : 1
(0,3,4,2,5,1) : 2
(0,3,4,5) : 1
(0,3,4,5,1,2) : 5
(0,3,4,5,2,1) : 10
(0,3,5,1) : 1
(0,3,5,1,2,4) : 4
(0,3,5,1,4,2) : 1
(0,3,5,2,1,4) : 2
(0,3,5,2,4,1) : 2
(0,3,5,4,1,2) : 3
(0,3,5,4,2,1) : 5
(0,4) : 2
(0,4,1,2,5,3) : 1
(0,4,1,3,2,5) : 2
(0,4,1,3,5,2) : 1
(0,4,1,5,3,2) : 1
(0,4,2,3,5,1) : 1
(0,4,3) : 1
(0,4,3,1,2,5) : 2
(0,4,3,1,5,2) : 2
(0,4,3,5,1,2) : 3
(0,4,3,5,2,1) : 3
(0,4,5,1,3) : 1
(0,4,5,1,3,2) : 1
(0,4,5,2,1,3) : 3
(0,4,5,2,3,1) : 3
(0,4,5,3,1,2) : 6
(0,4,5,3,2,1) : 6
(0,5) : 13
(0,5,1,2,3,4) : 2
(0,5,1,3,2,4) : 1
(0,5,1,3,4,2) : 4
(0,5,1,4,2,3) : 1
(0,5,1,4,3,2) : 1
(0,5,2,1,3,4) : 1
(0,5,2,1,4,3) : 1
(0,5,2,3,1,4) : 1
(0,5,2,4,3,1) : 4
(0,5,3,1,4,2) : 2
(0,5,3,2,1,4) : 2
(0,5,3,4,1,2) : 3
(0,5,3,4,2,1) : 4
(0,5,4) : 1
(0,5,4,1,3,2) : 1
(0,5,4,2,1,3) : 3
(0,5,4,2,3,1) : 3
(0,5,4,3,1,2) : 6
(0,5,4,3,2) : 1
(0,5,4,3,2,1) : 4
(1) : 17110
(1,0) : 56
(1,0,2) : 4
(1,0,2,3,4) : 1
(1,0,2,3,4,5) : 102
(1,0,2,3,5,4) : 24
(1,0,2,4,3,5) : 20
(1,0,2,4,5,3) : 32
(1,0,2,5,3,4) : 30
(1,0,2,5,4,3) : 39
(1,0,3) : 5
(1,0,3,2,4,5) : 15
(1,0,3,2,5,4) : 9
(1,0,3,4,2,5) : 3
(1,0,3,4,5,2) : 18
(1,0,3,5) : 1
(1,0,3,5,2) : 1
(1,0,3,5,2,4) : 5
(1,0,3,5,4,2) : 11
(1,0,4) : 3
(1,0,4,2,3,5) : 3
(1,0,4,2,5,3) : 4
(1,0,4,3,2,5) : 1
(1,0,4,3,5,2) : 6
(1,0,4,5) : 1
(1,0,4,5,2) : 1
(1,0,4,5,2,3) : 15
(1,0,4,5,3,2) : 15
(1,0,5) : 4
(1,0,5,2,3,4) : 33
(1,0,5,2,4,3) : 34
(1,0,5,3,2,4) : 14
(1,0,5,3,4,2) : 22
(1,0,5,4,2,3) : 22
(1,0,5,4,3) : 1
(1,0,5,4,3,2) : 18
(1,2) : 160
(1,2,0) : 2
(1,2,0,3) : 2
(1,2,0,3,4,5) : 23
(1,2,0,3,5,4) : 14
(1,2,0,4,3,5) : 9
(1,2,0,4,5,3) : 13
(1,2,0,5) : 1
(1,2,0,5,3,4) : 46
(1,2,0,5,4) : 1
(1,2,0,5,4,3) : 55
(1,2,3) : 10
(1,2,3,0,4,5) : 15
(1,2,3,0,5,4) : 10
(1,2,3,4,0) : 2
(1,2,3,4,0,5) : 10
(1,2,3,4,5) : 1
(1,2,3,4,5,0) : 42
(1,2,3,5,0,4) : 13
(1,2,3,5,4) : 1
(1,2,3,5,4,0) : 12
(1,2,4) : 5
(1,2,4,0,3) : 1
(1,2,4,0,3,5) : 3
(1,2,4,0,5,3) : 1
(1,2,4,3,0) : 1
(1,2,4,3,0,5) : 5
(1,2,4,3,5,0) : 5
(1,2,4,5) : 2
(1,2,4,5,0) : 1
(1,2,4,5,0,3) : 18
(1,2,4,5,3,0) : 10
(1,2,5) : 9
(1,2,5,0,3) : 1
(1,2,5,0,3,4) : 95
(1,2,5,0,4,3) : 64
(1,2,5,3) : 1
(1,2,5,3,0) : 1
(1,2,5,3,0,4) : 20
(1,2,5,3,4,0) : 31
(1,2,5,4,0,3) : 21
(1,2,5,4,3,0) : 21
(1,3) : 129
(1,3,0) : 3
(1,3,0,2,4,5) : 30
(1,3,0,2,5,4) : 13
(1,3,0,4,2,5) : 10
(1,3,0,4,5,2) : 8
(1,3,0,5,2) : 1
(1,3,0,5,2,4) : 11
(1,3,0,5,4) : 1
(1,3,0,5,4,2) : 14
(1,3,2) : 5
(1,3,2,0,4,5) : 14
(1,3,2,0,5) : 1
(1,3,2,0,5,4) : 13
(1,3,2,4) : 1
(1,3,2,4,0,5) : 5
(1,3,2,4,5) : 1
(1,3,2,4,5,0) : 19
(1,3,2,5,0,4) : 6
(1,3,2,5,4,0) : 7
(1,3,4) : 12
(1,3,4,0,2,5) : 17
(1,3,4,0,5) : 3
(1,3,4,0,5,2) : 17
(1,3,4,2,0,5) : 14
(1,3,4,2,5) : 1
(1,3,4,2,5,0) : 7
(1,3,4,5) : 1
(1,3,4,5,0) : 5
(1,3,4,5,0,2) : 88
(1,3,4,5,2) : 1
(1,3,4,5,2,0) : 65
(1,3,5) : 12
(1,3,5,0,2) : 2
(1,3,5,0,2,4) : 39
(1,3,5,0,4,2) : 32
(1,3,5,2) : 1
(1,3,5,2,0,4) : 15
(1,3,5,2,4,0) : 6
(1,3,5,4) : 3
(1,3,5,4,0,2) : 35
(1,3,5,4,2,0) : 48
(1,4) : 86
(1,4,0,2) : 1
(1,4,0,2,3) : 1
(1,4,0,2,3,5) : 7
(1,4,0,2,5) : 1
(1,4,0,2,5,3) : 5
(1,4,0,3,2,5) : 4
(1,4,0,3,5,2) : 7
(1,4,0,5,2,3) : 14
(1,4,0,5,3,2) : 10
(1,4,2,0,3,5) : 4
(1,4,2,0,5,3) : 7
(1,4,2,3,0,5) : 3
(1,4,2,3,5,0) : 3
(1,4,2,5) : 2
(1,4,2,5,0,3) : 1
(1,4,2,5,3,0) : 1
(1,4,3) : 8
(1,4,3,0,2,5) : 7
(1,4,3,0,5,2) : 12
(1,4,3,2,0,5) : 15
(1,4,3,2,5,0) : 4
(1,4,3,5) : 1
(1,4,3,5,0,2) : 43
(1,4,3,5,2,0) : 13
(1,4,5) : 11
(1,4,5,0,2,3) : 46
(1,4,5,0,3) : 1
(1,4,5,0,3,2) : 31
(1,4,5,2) : 2
(1,4,5,2,0) : 2
(1,4,5,2,0,3) : 16
(1,4,5,2,3,0) : 14
(1,4,5,3) : 3
(1,4,5,3,0) : 1
(1,4,5,3,0,2) : 41
(1,4,5,3,2,0) : 30
(1,5) : 140
(1,5,0) : 9
(1,5,0,2) : 1
(1,5,0,2,3) : 3
(1,5,0,2,3,4) : 66
(1,5,0,2,4,3) : 71
(1,5,0,3,2,4) : 13
(1,5,0,3,4,2) : 37
(1,5,0,4) : 1
(1,5,0,4,2,3) : 34
(1,5,0,4,3,2) : 25
(1,5,2) : 7
(1,5,2,0,3) : 1
(1,5,2,0,3,4) : 47
(1,5,2,0,4,3) : 32
(1,5,2,3,0,4) : 17
(1,5,2,3,4) : 1
(1,5,2,3,4,0) : 21
(1,5,2,4,0,3) : 13
(1,5,2,4,3,0) : 7
(1,5,3) : 6
(1,5,3,0,2,4) : 26
(1,5,3,0,4) : 1
(1,5,3,0,4,2) : 16
(1,5,3,2,0,4) : 15
(1,5,3,2,4,0) : 9
(1,5,3,4) : 1
(1,5,3,4,0) : 3
(1,5,3,4,0,2) : 37
(1,5,3,4,2) : 2
(1,5,3,4,2,0) : 35
(1,5,4) : 9
(1,5,4,0,2,3) : 52
(1,5,4,0,3,2) : 26
(1,5,4,2,0,3) : 36
(1,5,4,2,3) : 2
(1,5,4,2,3,0) : 6
(1,5,4,3) : 3
(1,5,4,3,0) : 2
(1,5,4,3,0,2) : 36
(1,5,4,3,2) : 2
(1,5,4,3,2,0) : 48
(2) : 552
(2,0) : 1
(2,0,1) : 1
(2,0,1,3,4,5) : 3
(2,0,1,3,5,4) : 2
(2,0,1,5,3,4) : 3
(2,0,1,5,4,3) : 2
(2,0,3,1,4,5) : 1
(2,0,3,4,5) : 1
(2,0,3,4,5,1) : 1
(2,0,3,5,1,4) : 1
(2,0,3,5,4,1) : 1
(2,0,4,5,3,1) : 2
(2,0,5,1,3,4) : 5
(2,0,5,3,1,4) : 3
(2,0,5,4,1,3) : 2
(2,1) : 111
(2,1,0) : 5
(2,1,0,3,4,5) : 8
(2,1,0,3,5,4) : 10
(2,1,0,4,5,3) : 2
(2,1,0,5) : 1
(2,1,0,5,3,4) : 29
(2,1,0,5,4,3) : 5
(2,1,3) : 5
(2,1,3,0,4,5) : 5
(2,1,3,0,5,4) : 9
(2,1,3,4) : 2
(2,1,3,4,0,5) : 2
(2,1,3,4,5,0) : 3
(2,1,3,5) : 1
(2,1,3,5,0,4) : 22
(2,1,3,5,4,0) : 5
(2,1,4,0,3,5) : 2
(2,1,4,0,5,3) : 2
(2,1,4,3,0,5) : 1
(2,1,4,3,5,0) : 1
(2,1,4,5,0,3) : 3
(2,1,4,5,3,0) : 1
(2,1,5) : 2
(2,1,5,0) : 1
(2,1,5,0,3,4) : 46
(2,1,5,0,4,3) : 8
(2,1,5,3) : 1
(2,1,5,3,0,4) : 23
(2,1,5,3,4,0) : 8
(2,1,5,4,0,3) : 4
(2,1,5,4,3,0) : 4
(2,3) : 11
(2,3,0,1,4,5) : 1
(2,3,0,4,5,1) : 2
(2,3,0,5,1,4) : 1
(2,3,0,5,4,1) : 3
(2,3,1) : 4
(2,3,1,0) : 1
(2,3,1,0,4,5) : 2
(2,3,1,0,5,4) : 5
(2,3,1,4,0,5) : 1
(2,3,1,5,0,4) : 4
(2,3,1,5,4,0) : 2
(2,3,4,0,1,5) : 3
(2,3,4,0,5,1) : 1
(2,3,4,1,0,5) : 2
(2,3,4,1,5,0) : 1
(2,3,4,5,0,1) : 8
(2,3,4,5,1,0) : 9
(2,3,5) : 1
(2,3,5,0,1,4) : 5
(2,3,5,0,4,1) : 1
(2,3,5,1,0,4) : 4
(2,3,5,1,4,0) : 1
(2,3,5,4) : 1
(2,3,5,4,0,1) : 4
(2,3,5,4,1,0) : 3
(2,4) : 8
(2,4,0,1,5,3) : 1
(2,4,1,0,3,5) : 3
(2,4,1,3,0,5) : 4
(2,4,1,3,5,0) : 1
(2,4,1,5,0,3) : 1
(2,4,3) : 1
(2,4,3,0,5,1) : 1
(2,4,3,5,1,0) : 2
(2,4,5,0,1,3) : 2
(2,4,5,0,3,1) : 3
(2,4,5,1,3,0) : 1
(2,5) : 7
(2,5,0) : 1
(2,5,0,1,3,4) : 5
(2,5,0,1,4,3) : 4
(2,5,0,3,1,4) : 2
(2,5,0,3,4,1) : 1
(2,5,1) : 2
(2,5,1,0,3,4) : 8
(2,5,1,0,4,3) : 3
(2,5,1,3,0,4) : 4
(2,5,1,3,4,0) : 3
(2,5,1,4,0,3) : 1
(2,5,1,4,3,0) : 1
(2,5,3,0,1,4) : 4
(2,5,3,1,0,4) : 3
(2,5,3,1,4,0) : 3
(2,5,3,4,0,1) : 2
(2,5,3,4,1,0) : 3
(2,5,4,0,1,3) : 4
(2,5,4,1,3,0) : 2
(2,5,4,3,0,1) : 1
(2,5,4,3,1,0) : 5
(3) : 8704
(3,0) : 43
(3,0,1) : 3
(3,0,1,2,4,5) : 35
(3,0,1,2,5,4) : 3
(3,0,1,4) : 1
(3,0,1,4,2,5) : 5
(3,0,1,4,5) : 1
(3,0,1,4,5,2) : 15
(3,0,1,5) : 1
(3,0,1,5,2,4) : 3
(3,0,1,5,4,2) : 7
(3,0,2) : 1
(3,0,2,1,4,5) : 10
(3,0,2,1,5,4) : 4
(3,0,2,4,1,5) : 4
(3,0,2,4,5,1) : 32
(3,0,2,5,1) : 1
(3,0,2,5,1,4) : 4
(3,0,2,5,4,1) : 11
(3,0,4) : 7
(3,0,4,1) : 2
(3,0,4,1,2,5) : 3
(3,0,4,1,5,2) : 4
(3,0,4,2,1) : 2
(3,0,4,2,1,5) : 5
(3,0,4,2,5,1) : 8
(3,0,4,5) : 2
(3,0,4,5,1,2) : 21
(3,0,4,5,2,1) : 62
(3,0,5) : 3
(3,0,5,1,2,4) : 11
(3,0,5,1,4) : 1
(3,0,5,1,4,2) : 6
(3,0,5,2,1,4) : 12
(3,0,5,2,4,1) : 21
(3,0,5,4) : 1
(3,0,5,4,1) : 1
(3,0,5,4,1,2) : 22
(3,0,5,4,2,1) : 61
(3,1) : 109
(3,1,0) : 2
(3,1,0,2) : 1
(3,1,0,2,4) : 1
(3,1,0,2,4,5) : 41
(3,1,0,2,5) : 1
(3,1,0,2,5,4) : 14
(3,1,0,4) : 1
(3,1,0,4,2,5) : 12
(3,1,0,4,5) : 1
(3,1,0,4,5,2) : 16
(3,1,0,5,2,4) : 13
(3,1,0,5,4,2) : 15
(3,1,2) : 4
(3,1,2,0) : 1
(3,1,2,0,4,5) : 13
(3,1,2,0,5,4) : 8
(3,1,2,4,0) : 1
(3,1,2,4,0,5) : 6
(3,1,2,4,5) : 1
(3,1,2,4,5,0) : 9
(3,1,2,5) : 1
(3,1,2,5,0,4) : 4
(3,1,2,5,4,0) : 8
(3,1,4) : 15
(3,1,4,0,2,5) : 15
(3,1,4,0,5) : 1
(3,1,4,0,5,2) : 11
(3,1,4,2,0,5) : 9
(3,1,4,2,5,0) : 8
(3,1,4,5) : 2
(3,1,4,5,0) : 3
(3,1,4,5,0,2) : 53
(3,1,4,5,2) : 1
(3,1,4,5,2,0) : 32
(3,1,5) : 4
(3,1,5,0,2,4) : 17
(3,1,5,0,4) : 2
(3,1,5,0,4,2) : 18
(3,1,5,2,0,4) : 6
(3,1,5,2,4,0) : 8
(3,1,5,4,0) : 2
(3,1,5,4,0,2) : 38
(3,1,5,4,2,0) : 31
(3,2) : 21
(3,2,0,1,4,5) : 6
(3,2,0,1,5,4) : 3
(3,2,0,4,1,5) : 3
(3,2,0,4,5) : 1
(3,2,0,4,5,1) : 15
(3,2,0,5,4) : 1
(3,2,0,5,4,1) : 16
(3,2,1) : 1
(3,2,1,0,4,5) : 27
(3,2,1,0,5) : 1
(3,2,1,0,5,4) : 8
(3,2,1,4,0,5) : 1
(3,2,1,4,5,0) : 13
(3,2,1,5,0,4) : 1
(3,2,1,5,4,0) : 1
(3,2,4) : 8
(3,2,4,0,1,5) : 4
(3,2,4,0,5,1) : 11
(3,2,4,1,0,5) : 3
(3,2,4,1,5,0) : 5
(3,2,4,5,0,1) : 25
(3,2,4,5,1,0) : 13
(3,2,5,0,1,4) : 10
(3,2,5,0,4,1) : 7
(3,2,5,1) : 2
(3,2,5,1,0,4) : 5
(3,2,5,1,4,0) : 2
(3,2,5,4,0,1) : 16
(3,2,5,4,1,0) : 5
(3,4) : 432
(3,4,0) : 11
(3,4,0,1) : 2
(3,4,0,1,2) : 1
(3,4,0,1,2,5) : 17
(3,4,0,1,5) : 2
(3,4,0,1,5,2) : 20
(3,4,0,2,1) : 1
(3,4,0,2,1,5) : 13
(3,4,0,2,5) : 1
(3,4,0,2,5,1) : 48
(3,4,0,5) : 2
(3,4,0,5,1) : 1
(3,4,0,5,1,2) : 70
(3,4,0,5,2) : 1
(3,4,0,5,2,1) : 147
(3,4,1) : 15
(3,4,1,0,2) : 2
(3,4,1,0,2,5) : 26
(3,4,1,0,5) : 1
(3,4,1,0,5,2) : 29
(3,4,1,2,0) : 1
(3,4,1,2,0,5) : 21
(3,4,1,2,5,0) : 9
(3,4,1,5) : 2
(3,4,1,5,0) : 2
(3,4,1,5,0,2) : 64
(3,4,1,5,2,0) : 21
(3,4,2) : 5
(3,4,2,0,1) : 2
(3,4,2,0,1,5) : 14
(3,4,2,0,5,1) : 30
(3,4,2,1) : 1
(3,4,2,1,0) : 2
(3,4,2,1,0,5) : 12
(3,4,2,1,5,0) : 6
(3,4,2,5,0) : 1
(3,4,2,5,0,1) : 53
(3,4,2,5,1) : 1
(3,4,2,5,1,0) : 15
(3,4,5) : 109
(3,4,5,0) : 8
(3,4,5,0,1) : 19
(3,4,5,0,1,2) : 4289
(3,4,5,0,2) : 2
(3,4,5,0,2,1) : 1386
(3,4,5,1) : 3
(3,4,5,1,0) : 5
(3,4,5,1,0,2) : 196
(3,4,5,1,2) : 2
(3,4,5,1,2,0) : 63
(3,4,5,2) : 1
(3,4,5,2,0,1) : 305
(3,4,5,2,1,0) : 119
(3,5) : 132
(3,5,0) : 4
(3,5,0,1) : 2
(3,5,0,1,2,4) : 20
(3,5,0,1,4,2) : 12
(3,5,0,2) : 1
(3,5,0,2,1) : 1
(3,5,0,2,1,4) : 14
(3,5,0,2,4,1) : 48
(3,5,0,4,1) : 1
(3,5,0,4,1,2) : 31
(3,5,0,4,2,1) : 86
(3,5,1) : 4
(3,5,1,0,2) : 2
(3,5,1,0,2,4) : 11
(3,5,1,0,4) : 1
(3,5,1,0,4,2) : 17
(3,5,1,2,0,4) : 4
(3,5,1,2,4,0) : 9
(3,5,1,4) : 3
(3,5,1,4,0,2) : 19
(3,5,1,4,2,0) : 10
(3,5,2) : 2
(3,5,2,0,1,4) : 8
(3,5,2,0,4,1) : 16
(3,5,2,1) : 1
(3,5,2,1,0,4) : 9
(3,5,2,1,4,0) : 5
(3,5,2,4,0,1) : 22
(3,5,2,4,1,0) : 8
(3,5,4) : 31
(3,5,4,0) : 3
(3,5,4,0,1) : 2
(3,5,4,0,1,2) : 101
(3,5,4,0,2,1) : 206
(3,5,4,1) : 1
(3,5,4,1,0) : 1
(3,5,4,1,0,2) : 68
(3,5,4,1,2) : 1
(3,5,4,1,2,0) : 34
(3,5,4,2,0) : 1
(3,5,4,2,0,1) : 127
(3,5,4,2,1) : 1
(3,5,4,2,1,0) : 26
(4) : 1669
(4,0) : 11
(4,0,1,2,5,3) : 1
(4,0,1,3,2,5) : 1
(4,0,1,3,5,2) : 2
(4,0,1,5,2,3) : 1
(4,0,1,5,3,2) : 2
(4,0,2,1,3,5) : 1
(4,0,2,3,5) : 1
(4,0,2,3,5,1) : 1
(4,0,2,5,1,3) : 1
(4,0,2,5,3,1) : 3
(4,0,3) : 3
(4,0,3,1,2,5) : 1
(4,0,3,1,5,2) : 3
(4,0,3,2,5,1) : 1
(4,0,3,5) : 1
(4,0,3,5,1,2) : 5
(4,0,3,5,2,1) : 6
(4,0,5) : 1
(4,0,5,1,2,3) : 1
(4,0,5,1,3,2) : 3
(4,0,5,2) : 1
(4,0,5,2,1,3) : 1
(4,0,5,2,3,1) : 5
(4,0,5,3) : 1
(4,0,5,3,1,2) : 9
(4,0,5,3,2,1) : 10
(4,1) : 32
(4,1,0,2,3,5) : 3
(4,1,0,2,5,3) : 2
(4,1,0,3,2,5) : 1
(4,1,0,3,5,2) : 5
(4,1,0,5,2) : 1
(4,1,0,5,2,3) : 4
(4,1,0,5,3,2) : 4
(4,1,2) : 2
(4,1,2,0,3,5) : 1
(4,1,2,0,5,3) : 2
(4,1,2,3,0,5) : 2
(4,1,2,3,5) : 1
(4,1,2,3,5,0) : 2
(4,1,2,5,0,3) : 3
(4,1,2,5,3) : 1
(4,1,3) : 8
(4,1,3,0,2,5) : 7
(4,1,3,0,5,2) : 11
(4,1,3,2,0,5) : 8
(4,1,3,2,5,0) : 3
(4,1,3,5) : 2
(4,1,3,5,0,2) : 36
(4,1,3,5,2,0) : 8
(4,1,5) : 3
(4,1,5,0,2,3) : 2
(4,1,5,0,3,2) : 8
(4,1,5,2,0,3) : 1
(4,1,5,2,3,0) : 1
(4,1,5,3,0,2) : 19
(4,1,5,3,2,0) : 7
(4,2) : 7
(4,2,0,1,3,5) : 1
(4,2,0,5,1,3) : 2
(4,2,0,5,3,1) : 1
(4,2,1,0,3,5) : 1
(4,2,1,5,3,0) : 1
(4,2,3) : 1
(4,2,3,0,5,1) : 2
(4,2,3,1,0,5) : 1
(4,2,3,5,1,0) : 4
(4,2,5,0,3,1) : 3
(4,2,5,1,0) : 1
(4,2,5,1,3,0) : 2
(4,2,5,3,0,1) : 2
(4,3) : 237
(4,3,0) : 7
(4,3,0,1,2,5) : 6
(4,3,0,1,5,2) : 14
(4,3,0,2,1,5) : 4
(4,3,0,2,5,1) : 7
(4,3,0,5) : 2
(4,3,0,5,1,2) : 37
(4,3,0,5,2,1) : 42
(4,3,1) : 18
(4,3,1,0,2) : 1
(4,3,1,0,2,5) : 11
(4,3,1,0,5,2) : 14
(4,3,1,2,0,5) : 3
(4,3,1,2,5,0) : 8
(4,3,1,5) : 1
(4,3,1,5,0) : 1
(4,3,1,5,0,2) : 54
(4,3,1,5,2,0) : 16
(4,3,2) : 1
(4,3,2,0,1,5) : 2
(4,3,2,0,5,1) : 11
(4,3,2,1,0,5) : 11
(4,3,2,1,5,0) : 2
(4,3,2,5,0,1) : 9
(4,3,2,5,1,0) : 5
(4,3,5) : 40
(4,3,5,0) : 3
(4,3,5,0,1,2) : 244
(4,3,5,0,2,1) : 174
(4,3,5,1) : 1
(4,3,5,1,0) : 3
(4,3,5,1,0,2) : 177
(4,3,5,1,2) : 1
(4,3,5,1,2,0) : 28
(4,3,5,2,0,1) : 57
(4,3,5,2,1,0) : 22
(4,5) : 57
(4,5,0) : 2
(4,5,0,1,2) : 1
(4,5,0,1,2,3) : 4
(4,5,0,1,3,2) : 5
(4,5,0,2,1) : 1
(4,5,0,2,1,3) : 6
(4,5,0,2,3,1) : 20
(4,5,0,3,1,2) : 46
(4,5,0,3,2,1) : 21
(4,5,1) : 10
(4,5,1,0,2,3) : 1
(4,5,1,0,3,2) : 7
(4,5,1,2,0,3) : 2
(4,5,1,2,3,0) : 2
(4,5,1,3) : 1
(4,5,1,3,0,2) : 28
(4,5,1,3,2,0) : 5
(4,5,2) : 2
(4,5,2,0,1,3) : 3
(4,5,2,0,3,1) : 7
(4,5,2,1,0,3) : 1
(4,5,2,1,3,0) : 4
(4,5,2,3,0,1) : 5
(4,5,2,3,1) : 1
(4,5,2,3,1,0) : 3
(4,5,3) : 44
(4,5,3,0) : 1
(4,5,3,0,1,2) : 129
(4,5,3,0,2,1) : 81
(4,5,3,1) : 2
(4,5,3,1,0) : 2
(4,5,3,1,0,2) : 512
(4,5,3,1,2) : 2
(4,5,3,1,2,0) : 23
(4,5,3,2,0,1) : 47
(4,5,3,2,1,0) : 19
(5) : 1450
(5,0) : 19
(5,0,1,2,3,4) : 5
(5,0,1,2,4,3) : 2
(5,0,1,3) : 1
(5,0,1,3,2,4) : 4
(5,0,1,3,4,2) : 8
(5,0,1,4,2,3) : 2
(5,0,1,4,3,2) : 5
(5,0,2) : 2
(5,0,2,1,3,4) : 8
(5,0,2,3,1,4) : 5
(5,0,2,3,4,1) : 2
(5,0,2,4,1,3) : 5
(5,0,2,4,3,1) : 7
(5,0,3,1,2,4) : 4
(5,0,3,1,4,2) : 9
(5,0,3,2,4,1) : 1
(5,0,3,4,1,2) : 7
(5,0,3,4,2,1) : 3
(5,0,4) : 3
(5,0,4,1,2,3) : 2
(5,0,4,1,3,2) : 5
(5,0,4,2,1,3) : 2
(5,0,4,2,3,1) : 8
(5,0,4,3,1,2) : 6
(5,0,4,3,2,1) : 9
(5,1) : 45
(5,1,0,2,3) : 1
(5,1,0,2,3,4) : 10
(5,1,0,2,4,3) : 4
(5,1,0,3,2,4) : 5
(5,1,0,3,4,2) : 9
(5,1,0,4,2,3) : 3
(5,1,0,4,3,2) : 7
(5,1,2) : 1
(5,1,2,0,3,4) : 5
(5,1,2,0,4,3) : 2
(5,1,2,3,0,4) : 2
(5,1,2,3,4,0) : 6
(5,1,2,4,0,3) : 1
(5,1,2,4,3,0) : 2
(5,1,3) : 3
(5,1,3,0,2,4) : 7
(5,1,3,0,4,2) : 6
(5,1,3,2,0,4) : 1
(5,1,3,4) : 2
(5,1,3,4,0) : 6
(5,1,3,4,0,2) : 17
(5,1,3,4,2,0) : 7
(5,1,4) : 5
(5,1,4,0) : 1
(5,1,4,0,2,3) : 6
(5,1,4,0,3,2) : 10
(5,1,4,2,0,3) : 2
(5,1,4,2,3,0) : 1
(5,1,4,3) : 1
(5,1,4,3,0,2) : 19
(5,1,4,3,2,0) : 7
(5,2) : 8
(5,2,0,1,3,4) : 2
(5,2,0,3,1,4) : 3
(5,2,0,3,4,1) : 1
(5,2,0,4,1,3) : 2
(5,2,0,4,3,1) : 3
(5,2,1) : 2
(5,2,1,0,3,4) : 4
(5,2,1,3,0,4) : 1
(5,2,1,3,4,0) : 1
(5,2,1,4,0,3) : 2
(5,2,3,1,0,4) : 1
(5,2,3,1,4,0) : 2
(5,2,3,4,1,0) : 2
(5,2,4,0,1,3) : 1
(5,2,4,0,3,1) : 2
(5,2,4,1,3,0) : 2
(5,2,4,3,0,1) : 4
(5,2,4,3,1,0) : 2
(5,3) : 55
(5,3,0) : 2
(5,3,0,1) : 1
(5,3,0,1,2,4) : 2
(5,3,0,1,4,2) : 6
(5,3,0,2,1) : 1
(5,3,0,2,1,4) : 3
(5,3,0,2,4,1) : 6
(5,3,0,4,1,2) : 3
(5,3,0,4,2,1) : 11
(5,3,1) : 4
(5,3,1,0,2,4) : 6
(5,3,1,0,4) : 1
(5,3,1,0,4,2) : 10
(5,3,1,2,0,4) : 3
(5,3,1,2,4,0) : 8
(5,3,1,4) : 2
(5,3,1,4,0,2) : 11
(5,3,1,4,2,0) : 5
(5,3,2,0,1,4) : 3
(5,3,2,0,4,1) : 9
(5,3,2,1,0,4) : 4
(5,3,2,1,4,0) : 2
(5,3,2,4,0,1) : 3
(5,3,2,4,1,0) : 1
(5,3,4) : 13
(5,3,4,0) : 1
(5,3,4,0,1,2) : 49
(5,3,4,0,2,1) : 49
(5,3,4,1,0,2) : 32
(5,3,4,1,2,0) : 14
(5,3,4,2,0,1) : 17
(5,3,4,2,1,0) : 15
(5,4) : 55
(5,4,0) : 1
(5,4,0,1,2,3) : 9
(5,4,0,1,3,2) : 11
(5,4,0,2,1) : 1
(5,4,0,2,1,3) : 5
(5,4,0,2,3,1) : 18
(5,4,0,3) : 1
(5,4,0,3,1) : 1
(5,4,0,3,1,2) : 17
(5,4,0,3,2,1) : 11
(5,4,1) : 3
(5,4,1,0) : 1
(5,4,1,0,2,3) : 4
(5,4,1,0,3,2) : 4
(5,4,1,2,0,3) : 1
(5,4,1,2,3,0) : 2
(5,4,1,3,0) : 2
(5,4,1,3,0,2) : 23
(5,4,1,3,2,0) : 8
(5,4,2,0) : 1
(5,4,2,0,1,3) : 8
(5,4,2,0,3,1) : 9
(5,4,2,1,0,3) : 3
(5,4,2,1,3,0) : 2
(5,4,2,3,0,1) : 2
(5,4,2,3,1,0) : 3
(5,4,3) : 36
(5,4,3,0,1) : 1
(5,4,3,0,1,2) : 68
(5,4,3,0,2,1) : 64
(5,4,3,1) : 3
(5,4,3,1,0,2) : 62
(5,4,3,1,2,0) : 14
(5,4,3,2) : 2
(5,4,3,2,0,1) : 28
(5,4,3,2,1) : 2
(5,4,3,2,1,0) : 26
