0, 1, 2, 3, 4
LAB,CDP,LIB,GRN,NLT
-+-+-+-+-
() : 66
(0) : 12147
(0,1) : 108
(0,1,2) : 13
(0,1,2,3) : 5
(0,1,2,3,4) : 395
(0,1,2,4,3) : 52
(0,1,3) : 5
(0,1,3,2) : 3
(0,1,3,2,4) : 89
(0,1,3,4) : 3
(0,1,3,4,2) : 365
(0,1,4,2) : 1
(0,1,4,2,3) : 52
(0,1,4,3) : 3
(0,1,4,3,2) : 210
(0,2) : 234
(0,2,1) : 9
(0,2,1,3) : 8
(0,2,1,3,4) : 281
(0,2,1,4) : 2
(0,2,1,4,3) : 93
(0,2,3) : 25
(0,2,3,1) : 5
(0,2,3,1,4) : 183
(0,2,3,4) : 2
(0,2,3,4,1) : 325
(0,2,4) : 6
(0,2,4,1,3) : 106
(0,2,4,3) : 1
(0,2,4,3,1) : 146
(0,3) : 402
(0,3,1) : 7
(0,3,1,2) : 2
(0,3,1,2,4) : 110
(0,3,1,4) : 5
(0,3,1,4,2) : 366
(0,3,2) : 16
(0,3,2,1) : 1
(0,3,2,1,4) : 188
(0,3,2,4) : 3
(0,3,2,4,1) : 257
(0,3,4) : 40
(0,3,4,1) : 14
(0,3,4,1,2) : 4510
(0,3,4,2) : 3
(0,3,4,2,1) : 507
(0,4) : 150
(0,4,1) : 1
(0,4,1,2) : 1
(0,4,1,2,3) : 89
(0,4,1,3) : 1
(0,4,1,3,2) : 198
(0,4,2) : 5
(0,4,2,1,3) : 88
(0,4,2,3) : 1
(0,4,2,3,1) : 95
(0,4,3) : 15
(0,4,3,1) : 2
(0,4,3,1,2) : 513
(0,4,3,2) : 2
(0,4,3,2,1) : 229
(1) : 830
(1,0) : 21
(1,0,2) : 5
(1,0,2,3) : 3
(1,0,2,3,4) : 63
(1,0,2,4,3) : 38
(1,0,3) : 1
(1,0,3,2,4) : 16
(1,0,3,4) : 1
(1,0,3,4,2) : 20
(1,0,4,2) : 1
(1,0,4,2,3) : 12
(1,0,4,3,2) : 20
(1,2) : 131
(1,2,0) : 11
(1,2,0,3) : 2
(1,2,0,3,4) : 71
(1,2,0,4) : 2
(1,2,0,4,3) : 81
(1,2,3) : 3
(1,2,3,0) : 1
(1,2,3,0,4) : 11
(1,2,3,4,0) : 21
(1,2,4) : 4
(1,2,4,0) : 1
(1,2,4,0,3) : 89
(1,2,4,3) : 2
(1,2,4,3,0) : 33
(1,3) : 6
(1,3,0) : 1
(1,3,0,2,4) : 7
(1,3,0,4,2) : 6
(1,3,2,0) : 1
(1,3,2,0,4) : 6
(1,3,2,4,0) : 3
(1,3,4) : 1
(1,3,4,0,2) : 16
(1,3,4,2,0) : 11
(1,4) : 14
(1,4,0) : 2
(1,4,0,2,3) : 17
(1,4,0,3,2) : 6
(1,4,2) : 1
(1,4,2,0,3) : 20
(1,4,2,3,0) : 3
(1,4,3) : 2
(1,4,3,0,2) : 13
(1,4,3,2,0) : 15
(2) : 12631
(2,0) : 221
(2,0,1) : 7
(2,0,1,3,4) : 268
(2,0,1,4,3) : 126
(2,0,3) : 18
(2,0,3,1,4) : 127
(2,0,3,4) : 3
(2,0,3,4,1) : 221
(2,0,4) : 5
(2,0,4,1) : 1
(2,0,4,1,3) : 94
(2,0,4,3) : 2
(2,0,4,3,1) : 140
(2,1) : 777
(2,1,0) : 12
(2,1,0,3) : 2
(2,1,0,3,4) : 282
(2,1,0,4,3) : 148
(2,1,3) : 1
(2,1,3,0,4) : 46
(2,1,3,4) : 2
(2,1,3,4,0) : 121
(2,1,4) : 20
(2,1,4,0) : 1
(2,1,4,0,3) : 256
(2,1,4,3) : 1
(2,1,4,3,0) : 229
(2,3) : 68
(2,3,0) : 7
(2,3,0,1,4) : 83
(2,3,0,4) : 1
(2,3,0,4,1) : 94
(2,3,1) : 1
(2,3,1,0,4) : 35
(2,3,1,4,0) : 57
(2,3,4) : 4
(2,3,4,0) : 2
(2,3,4,0,1) : 89
(2,3,4,1) : 1
(2,3,4,1,0) : 146
(2,4) : 92
(2,4,0) : 7
(2,4,0,1) : 1
(2,4,0,1,3) : 80
(2,4,0,3,1) : 74
(2,4,1) : 4
(2,4,1,0) : 1
(2,4,1,0,3) : 119
(2,4,1,3,0) : 143
(2,4,3) : 2
(2,4,3,0) : 2
(2,4,3,0,1) : 77
(2,4,3,1) : 1
(2,4,3,1,0) : 132
(3) : 1212
(3,0) : 140
(3,0,1,2,4) : 31
(3,0,1,4,2) : 53
(3,0,2) : 9
(3,0,2,1) : 1
(3,0,2,1,4) : 45
(3,0,2,4) : 2
(3,0,2,4,1) : 138
(3,0,4) : 6
(3,0,4,1) : 1
(3,0,4,1,2) : 165
(3,0,4,2) : 2
(3,0,4,2,1) : 286
(3,1) : 11
(3,1,0,2,4) : 13
(3,1,0,4,2) : 2
(3,1,2,0,4) : 2
(3,1,2,4,0) : 5
(3,1,4,0,2) : 6
(3,1,4,2,0) : 8
(3,2) : 28
(3,2,0) : 3
(3,2,0,1,4) : 27
(3,2,0,4,1) : 29
(3,2,1) : 1
(3,2,1,0,4) : 17
(3,2,1,4) : 1
(3,2,1,4,0) : 9
(3,2,4) : 1
(3,2,4,0,1) : 21
(3,2,4,1,0) : 14
(3,4) : 30
(3,4,0) : 6
(3,4,0,1) : 1
(3,4,0,1,2) : 31
(3,4,0,2,1) : 45
(3,4,1) : 2
(3,4,1,0) : 1
(3,4,1,0,2) : 40
(3,4,1,2,0) : 23
(3,4,2) : 1
(3,4,2,0,1) : 22
(3,4,2,1) : 1
(3,4,2,1,0) : 23
(4) : 735
(4,0) : 21
(4,0,1,2) : 1
(4,0,1,2,3) : 6
(4,0,1,3,2) : 9
(4,0,2) : 1
(4,0,2,1,3) : 23
(4,0,2,3) : 1
(4,0,2,3,1) : 28
(4,0,3) : 1
(4,0,3,1,2) : 22
(4,0,3,2) : 1
(4,0,3,2,1) : 18
(4,1) : 5
(4,1,0) : 1
(4,1,0,2,3) : 7
(4,1,0,3,2) : 5
(4,1,2,0,3) : 10
(4,1,2,3,0) : 6
(4,1,3) : 2
(4,1,3,0,2) : 11
(4,1,3,2,0) : 14
(4,2) : 18
(4,2,0,1,3) : 25
(4,2,0,3,1) : 15
(4,2,1,0,3) : 7
(4,2,1,3,0) : 5
(4,2,3) : 2
(4,2,3,0,1) : 7
(4,2,3,1,0) : 11
(4,3) : 20
(4,3,0) : 1
(4,3,0,1,2) : 18
(4,3,0,2,1) : 31
(4,3,1,0,2) : 26
(4,3,1,2,0) : 13
(4,3,2,0,1) : 22
(4,3,2,1,0) : 32
