0, 1, 2, 3, 4, 5
LIB,ORP,GRN,LAB,NLT,CDP
-+-+-+-+-
() : 66
(0) : 23448
(0,1) : 66
(0,1,2) : 17
(0,1,2,3) : 2
(0,1,2,3,4) : 12
(0,1,2,3,4,5) : 303
(0,1,2,3,5,4) : 12
(0,1,2,4,3,5) : 12
(0,1,2,4,5,3) : 38
(0,1,2,5,3,4) : 5
(0,1,2,5,4,3) : 6
(0,1,3) : 4
(0,1,3,2) : 1
(0,1,3,2,4,5) : 49
(0,1,3,2,5,4) : 9
(0,1,3,4,2,5) : 17
(0,1,3,4,5,2) : 13
(0,1,3,5,2,4) : 4
(0,1,3,5,4,2) : 7
(0,1,4) : 4
(0,1,4,2,3,5) : 35
(0,1,4,2,5,3) : 15
(0,1,4,3) : 1
(0,1,4,3,2) : 2
(0,1,4,3,2,5) : 37
(0,1,4,3,5,2) : 8
(0,1,4,5) : 1
(0,1,4,5,2,3) : 46
(0,1,4,5,3,2) : 47
(0,1,5) : 7
(0,1,5,2,3,4) : 5
(0,1,5,2,4,3) : 3
(0,1,5,3,2,4) : 7
(0,1,5,3,4,2) : 3
(0,1,5,4,2,3) : 32
(0,1,5,4,3,2) : 45
(0,2) : 227
(0,2,1) : 10
(0,2,1,3) : 2
(0,2,1,3,4,5) : 71
(0,2,1,3,5,4) : 16
(0,2,1,4) : 1
(0,2,1,4,3,5) : 40
(0,2,1,4,5,3) : 33
(0,2,1,5,3,4) : 3
(0,2,1,5,4,3) : 14
(0,2,3) : 81
(0,2,3,1) : 2
(0,2,3,1,4) : 4
(0,2,3,1,4,5) : 164
(0,2,3,1,5,4) : 25
(0,2,3,4) : 4
(0,2,3,4,1) : 2
(0,2,3,4,1,5) : 101
(0,2,3,4,5,1) : 53
(0,2,3,5) : 2
(0,2,3,5,1,4) : 25
(0,2,3,5,4,1) : 27
(0,2,4) : 5
(0,2,4,1) : 3
(0,2,4,1,3,5) : 32
(0,2,4,1,5) : 1
(0,2,4,1,5,3) : 17
(0,2,4,3) : 1
(0,2,4,3,1,5) : 35
(0,2,4,3,5,1) : 13
(0,2,4,5,1) : 3
(0,2,4,5,1,3) : 20
(0,2,4,5,3) : 1
(0,2,4,5,3,1) : 16
(0,2,5) : 8
(0,2,5,1,3,4) : 7
(0,2,5,1,4,3) : 7
(0,2,5,3) : 1
(0,2,5,3,1) : 1
(0,2,5,3,1,4) : 6
(0,2,5,3,4,1) : 13
(0,2,5,4) : 1
(0,2,5,4,1,3) : 8
(0,2,5,4,3,1) : 4
(0,3) : 348
(0,3,1) : 3
(0,3,1,2) : 1
(0,3,1,2,4) : 1
(0,3,1,2,4,5) : 83
(0,3,1,2,5,4) : 12
(0,3,1,4,2,5) : 19
(0,3,1,4,5,2) : 18
(0,3,1,5,2,4) : 9
(0,3,1,5,4,2) : 12
(0,3,2) : 90
(0,3,2,1) : 3
(0,3,2,1,4,5) : 228
(0,3,2,1,5) : 2
(0,3,2,1,5,4) : 39
(0,3,2,4) : 5
(0,3,2,4,1) : 1
(0,3,2,4,1,5) : 137
(0,3,2,4,5,1) : 43
(0,3,2,5) : 5
(0,3,2,5,1,4) : 30
(0,3,2,5,4,1) : 45
(0,3,4) : 19
(0,3,4,1) : 1
(0,3,4,1,2,5) : 40
(0,3,4,1,5,2) : 25
(0,3,4,2) : 1
(0,3,4,2,1,5) : 65
(0,3,4,2,5,1) : 17
(0,3,4,5) : 1
(0,3,4,5,1) : 1
(0,3,4,5,1,2) : 13
(0,3,4,5,2,1) : 34
(0,3,5) : 11
(0,3,5,1,2,4) : 14
(0,3,5,1,4,2) : 18
(0,3,5,2) : 4
(0,3,5,2,1) : 1
(0,3,5,2,1,4) : 14
(0,3,5,2,4,1) : 18
(0,3,5,4,1,2) : 29
(0,3,5,4,2,1) : 21
(0,4) : 164
(0,4,1) : 4
(0,4,1,2) : 1
(0,4,1,2,3) : 4
(0,4,1,2,3,5) : 54
(0,4,1,2,5) : 1
(0,4,1,2,5,3) : 31
(0,4,1,3,2) : 2
(0,4,1,3,2,5) : 37
(0,4,1,3,5,2) : 11
(0,4,1,5,2,3) : 42
(0,4,1,5,3,2) : 43
(0,4,2) : 10
(0,4,2,1,3,5) : 29
(0,4,2,1,5) : 2
(0,4,2,1,5,3) : 27
(0,4,2,3) : 2
(0,4,2,3,1,5) : 22
(0,4,2,3,5,1) : 6
(0,4,2,5,1) : 1
(0,4,2,5,1,3) : 11
(0,4,2,5,3,1) : 5
(0,4,3) : 5
(0,4,3,1,2,5) : 29
(0,4,3,1,5,2) : 9
(0,4,3,2) : 1
(0,4,3,2,1) : 2
(0,4,3,2,1,5) : 41
(0,4,3,2,5,1) : 11
(0,4,3,5,1,2) : 8
(0,4,3,5,2,1) : 11
(0,4,5) : 7
(0,4,5,1) : 1
(0,4,5,1,2,3) : 64
(0,4,5,1,3,2) : 43
(0,4,5,2) : 2
(0,4,5,2,1,3) : 16
(0,4,5,2,3,1) : 5
(0,4,5,3,1,2) : 20
(0,4,5,3,2,1) : 20
(0,5) : 193
(0,5,1) : 6
(0,5,1,2,3) : 1
(0,5,1,2,3,4) : 23
(0,5,1,2,4,3) : 15
(0,5,1,3,2,4) : 13
(0,5,1,3,4,2) : 26
(0,5,1,4,2,3) : 54
(0,5,1,4,3,2) : 71
(0,5,2) : 7
(0,5,2,1,3,4) : 12
(0,5,2,1,4,3) : 10
(0,5,2,3,1) : 1
(0,5,2,3,1,4) : 10
(0,5,2,3,4,1) : 17
(0,5,2,4,1,3) : 9
(0,5,2,4,3,1) : 5
(0,5,3) : 10
(0,5,3,1,2,4) : 18
(0,5,3,1,4,2) : 32
(0,5,3,2) : 1
(0,5,3,2,1,4) : 22
(0,5,3,2,4,1) : 19
(0,5,3,4) : 2
(0,5,3,4,1,2) : 28
(0,5,3,4,2,1) : 9
(0,5,4) : 12
(0,5,4,1) : 3
(0,5,4,1,2,3) : 63
(0,5,4,1,3) : 1
(0,5,4,1,3,2) : 97
(0,5,4,2,1) : 1
(0,5,4,2,1,3) : 24
(0,5,4,2,3,1) : 10
(0,5,4,3) : 1
(0,5,4,3,1,2) : 37
(0,5,4,3,2,1) : 31
(1) : 322
(1,0) : 13
(1,0,2) : 1
(1,0,2,3,4,5) : 14
(1,0,2,4,3,5) : 4
(1,0,3,2,4,5) : 9
(1,0,3,4,2,5) : 1
(1,0,3,4,5,2) : 7
(1,0,4,2,3,5) : 1
(1,0,4,2,5,3) : 1
(1,0,4,3,2,5) : 2
(1,0,4,5,2,3) : 1
(1,0,4,5,3,2) : 4
(1,0,5,3,2,4) : 1
(1,0,5,4,2,3) : 3
(1,0,5,4,3,2) : 1
(1,2) : 6
(1,2,0) : 1
(1,2,0,3,4,5) : 5
(1,2,0,3,5,4) : 1
(1,2,0,4,3,5) : 1
(1,2,0,4,5,3) : 1
(1,2,3) : 1
(1,2,3,0,4,5) : 7
(1,2,3,0,5,4) : 1
(1,2,3,4,0) : 1
(1,2,3,4,0,5) : 4
(1,2,3,4,5,0) : 6
(1,2,4,0,3,5) : 2
(1,2,4,3,0,5) : 6
(1,2,4,3,5,0) : 1
(1,2,4,5,0,3) : 1
(1,2,4,5,3,0) : 6
(1,2,5,4,0,3) : 2
(1,2,5,4,3,0) : 3
(1,3) : 6
(1,3,0) : 2
(1,3,0,2,4,5) : 7
(1,3,0,4) : 1
(1,3,0,4,2,5) : 1
(1,3,0,4,5,2) : 2
(1,3,2,0,4,5) : 4
(1,3,2,4,0,5) : 3
(1,3,2,4,5,0) : 2
(1,3,4,0,2,5) : 1
(1,3,4,0,5,2) : 1
(1,3,4,2,0,5) : 4
(1,3,4,2,5,0) : 2
(1,3,4,5,2,0) : 2
(1,4) : 5
(1,4,0) : 1
(1,4,0,2,3,5) : 3
(1,4,0,3,2,5) : 5
(1,4,0,3,5,2) : 2
(1,4,0,5,2,3) : 2
(1,4,2,0,3,5) : 3
(1,4,2,3) : 1
(1,4,2,3,0,5) : 7
(1,4,2,3,5,0) : 2
(1,4,2,5,0,3) : 2
(1,4,2,5,3,0) : 3
(1,4,3,0,2,5) : 1
(1,4,3,0,5,2) : 2
(1,4,3,2,0,5) : 1
(1,4,3,2,5,0) : 1
(1,4,3,5,0,2) : 1
(1,4,3,5,2,0) : 1
(1,4,5) : 1
(1,4,5,0,2) : 1
(1,4,5,0,2,3) : 2
(1,4,5,0,3,2) : 2
(1,4,5,2,3,0) : 6
(1,4,5,3,0,2) : 1
(1,5,0,2,3,4) : 1
(1,5,2,0,3,4) : 1
(1,5,2,3,4,0) : 1
(1,5,4,0,3,2) : 2
(1,5,4,2,0,3) : 1
(1,5,4,2,3,0) : 2
(1,5,4,3,2,0) : 1
(2) : 2557
(2,0) : 74
(2,0,1) : 2
(2,0,1,3) : 1
(2,0,1,3,4,5) : 21
(2,0,1,3,5,4) : 2
(2,0,1,4,3,5) : 13
(2,0,1,4,5) : 1
(2,0,1,4,5,3) : 3
(2,0,1,5,4,3) : 3
(2,0,3) : 51
(2,0,3,1) : 3
(2,0,3,1,4,5) : 88
(2,0,3,1,5) : 2
(2,0,3,1,5,4) : 6
(2,0,3,4,1,5) : 49
(2,0,3,4,5,1) : 13
(2,0,3,5) : 1
(2,0,3,5,1,4) : 7
(2,0,3,5,4,1) : 8
(2,0,4) : 1
(2,0,4,1,3,5) : 7
(2,0,4,1,5) : 1
(2,0,4,1,5,3) : 2
(2,0,4,3,1,5) : 2
(2,0,4,3,5,1) : 2
(2,0,4,5,1,3) : 2
(2,0,5) : 1
(2,0,5,1) : 1
(2,0,5,3,4,1) : 3
(2,0,5,4,1,3) : 1
(2,1) : 23
(2,1,0,3,4) : 2
(2,1,0,3,4,5) : 15
(2,1,0,3,5,4) : 1
(2,1,0,4,5,3) : 1
(2,1,3) : 6
(2,1,3,0) : 1
(2,1,3,0,4,5) : 11
(2,1,3,0,5,4) : 5
(2,1,3,4,0,5) : 22
(2,1,3,4,5,0) : 12
(2,1,3,5,4,0) : 3
(2,1,4) : 2
(2,1,4,0,3,5) : 6
(2,1,4,0,5,3) : 2
(2,1,4,3,0) : 1
(2,1,4,3,0,5) : 15
(2,1,4,3,5,0) : 8
(2,1,4,5,0,3) : 4
(2,1,4,5,3,0) : 17
(2,1,5) : 1
(2,1,5,3,0,4) : 1
(2,1,5,4,0,3) : 2
(2,1,5,4,3,0) : 5
(2,3) : 511
(2,3,0) : 84
(2,3,0,1) : 1
(2,3,0,1,4) : 4
(2,3,0,1,4,5) : 261
(2,3,0,1,5) : 1
(2,3,0,1,5,4) : 20
(2,3,0,4) : 1
(2,3,0,4,1,5) : 138
(2,3,0,4,5) : 1
(2,3,0,4,5,1) : 32
(2,3,0,5) : 2
(2,3,0,5,1,4) : 21
(2,3,0,5,4,1) : 20
(2,3,1) : 17
(2,3,1,0) : 2
(2,3,1,0,4) : 1
(2,3,1,0,4,5) : 73
(2,3,1,0,5,4) : 9
(2,3,1,4) : 3
(2,3,1,4,0) : 1
(2,3,1,4,0,5) : 156
(2,3,1,4,5,0) : 113
(2,3,1,5,0,4) : 1
(2,3,1,5,4,0) : 14
(2,3,4) : 13
(2,3,4,0) : 2
(2,3,4,0,1) : 1
(2,3,4,0,1,5) : 47
(2,3,4,0,5,1) : 11
(2,3,4,1) : 2
(2,3,4,1,0) : 2
(2,3,4,1,0,5) : 123
(2,3,4,1,5,0) : 78
(2,3,4,5,0,1) : 10
(2,3,4,5,1,0) : 29
(2,3,5) : 1
(2,3,5,0,1,4) : 10
(2,3,5,0,4,1) : 4
(2,3,5,1,0,4) : 3
(2,3,5,1,4,0) : 8
(2,3,5,4,0,1) : 6
(2,3,5,4,1,0) : 19
(2,4) : 26
(2,4,0) : 1
(2,4,0,1,3,5) : 4
(2,4,0,1,5,3) : 2
(2,4,0,3,1) : 1
(2,4,0,3,1,5) : 8
(2,4,0,5,1,3) : 1
(2,4,0,5,3,1) : 1
(2,4,1) : 3
(2,4,1,0,3,5) : 10
(2,4,1,3,0) : 1
(2,4,1,3,0,5) : 19
(2,4,1,3,5,0) : 5
(2,4,1,5,0,3) : 3
(2,4,1,5,3,0) : 6
(2,4,3) : 2
(2,4,3,0,1,5) : 12
(2,4,3,0,5,1) : 9
(2,4,3,1,0,5) : 14
(2,4,3,1,5,0) : 12
(2,4,3,5,1,0) : 4
(2,4,5,1) : 1
(2,4,5,1,0) : 1
(2,4,5,1,0,3) : 1
(2,4,5,1,3,0) : 6
(2,4,5,3,0,1) : 1
(2,4,5,3,1) : 1
(2,4,5,3,1,0) : 2
(2,5) : 8
(2,5,0) : 1
(2,5,1,3,4,0) : 1
(2,5,1,4,3,0) : 2
(2,5,3,0) : 2
(2,5,3,0,1,4) : 2
(2,5,3,0,4,1) : 3
(2,5,3,4,1,0) : 1
(2,5,4,0,3,1) : 1
(2,5,4,1,0,3) : 4
(2,5,4,1,3,0) : 5
(2,5,4,3,1,0) : 4
(3) : 7480
(3,0) : 165
(3,0,1) : 1
(3,0,1,2) : 4
(3,0,1,2,4) : 2
(3,0,1,2,4,5) : 95
(3,0,1,2,5,4) : 4
(3,0,1,4,2,5) : 13
(3,0,1,4,5) : 1
(3,0,1,4,5,2) : 9
(3,0,1,5,2,4) : 2
(3,0,1,5,4,2) : 9
(3,0,2) : 50
(3,0,2,1) : 1
(3,0,2,1,4,5) : 98
(3,0,2,1,5,4) : 9
(3,0,2,4) : 4
(3,0,2,4,1) : 1
(3,0,2,4,1,5) : 78
(3,0,2,4,5,1) : 20
(3,0,2,5) : 2
(3,0,2,5,1,4) : 7
(3,0,2,5,4,1) : 9
(3,0,4) : 5
(3,0,4,1,2,5) : 9
(3,0,4,1,5,2) : 4
(3,0,4,2,1,5) : 25
(3,0,4,2,5) : 1
(3,0,4,2,5,1) : 2
(3,0,4,5,1,2) : 14
(3,0,4,5,2,1) : 10
(3,0,5,1,2,4) : 4
(3,0,5,1,4,2) : 3
(3,0,5,2,1) : 1
(3,0,5,2,1,4) : 10
(3,0,5,2,4,1) : 4
(3,0,5,4,1,2) : 6
(3,0,5,4,2,1) : 9
(3,1) : 29
(3,1,0) : 1
(3,1,0,2) : 1
(3,1,0,2,4,5) : 11
(3,1,0,2,5,4) : 1
(3,1,0,4,2,5) : 1
(3,1,0,4,5) : 1
(3,1,0,4,5,2) : 4
(3,1,0,5,2,4) : 1
(3,1,0,5,4,2) : 3
(3,1,2) : 4
(3,1,2,0) : 1
(3,1,2,0,4,5) : 10
(3,1,2,0,5,4) : 4
(3,1,2,4) : 1
(3,1,2,4,0,5) : 10
(3,1,2,4,5,0) : 21
(3,1,2,5,4,0) : 3
(3,1,4) : 2
(3,1,4,0) : 1
(3,1,4,0,2,5) : 4
(3,1,4,0,5) : 1
(3,1,4,0,5,2) : 2
(3,1,4,2,0,5) : 5
(3,1,4,2,5,0) : 5
(3,1,4,5,0) : 1
(3,1,4,5,0,2) : 5
(3,1,4,5,2) : 1
(3,1,4,5,2,0) : 12
(3,1,5) : 1
(3,1,5,2,0) : 1
(3,1,5,2,0,4) : 1
(3,1,5,2,4,0) : 4
(3,1,5,4,0,2) : 3
(3,1,5,4,2,0) : 1
(3,2) : 566
(3,2,0) : 74
(3,2,0,1) : 6
(3,2,0,1,4) : 2
(3,2,0,1,4,5) : 238
(3,2,0,1,5,4) : 33
(3,2,0,4) : 1
(3,2,0,4,1,5) : 127
(3,2,0,4,5) : 3
(3,2,0,4,5,1) : 28
(3,2,0,5) : 3
(3,2,0,5,1) : 1
(3,2,0,5,1,4) : 20
(3,2,0,5,4,1) : 26
(3,2,1) : 20
(3,2,1,0) : 2
(3,2,1,0,4,5) : 90
(3,2,1,0,5,4) : 10
(3,2,1,4) : 6
(3,2,1,4,0) : 1
(3,2,1,4,0,5) : 144
(3,2,1,4,5) : 1
(3,2,1,4,5,0) : 202
(3,2,1,5) : 1
(3,2,1,5,0,4) : 5
(3,2,1,5,4,0) : 36
(3,2,4) : 29
(3,2,4,0) : 1
(3,2,4,0,1,5) : 49
(3,2,4,0,5) : 1
(3,2,4,0,5,1) : 10
(3,2,4,1) : 4
(3,2,4,1,0) : 2
(3,2,4,1,0,5) : 133
(3,2,4,1,5,0) : 154
(3,2,4,5) : 1
(3,2,4,5,0) : 1
(3,2,4,5,0,1) : 9
(3,2,4,5,1,0) : 88
(3,2,5) : 8
(3,2,5,0) : 1
(3,2,5,0,1,4) : 10
(3,2,5,0,4,1) : 8
(3,2,5,1,0,4) : 9
(3,2,5,1,4,0) : 28
(3,2,5,4,0,1) : 7
(3,2,5,4,1,0) : 57
(3,4) : 44
(3,4,0) : 3
(3,4,0,1,2,5) : 11
(3,4,0,1,5,2) : 2
(3,4,0,2,1,5) : 6
(3,4,0,2,5,1) : 3
(3,4,0,5,1,2) : 2
(3,4,0,5,2,1) : 3
(3,4,1) : 4
(3,4,1,0,2,5) : 10
(3,4,1,0,5,2) : 1
(3,4,1,2,0) : 1
(3,4,1,2,0,5) : 8
(3,4,1,2,5,0) : 26
(3,4,1,5,0,2) : 3
(3,4,1,5,2,0) : 14
(3,4,2) : 5
(3,4,2,0) : 1
(3,4,2,0,1) : 1
(3,4,2,0,1,5) : 15
(3,4,2,0,5,1) : 4
(3,4,2,1) : 1
(3,4,2,1,0) : 1
(3,4,2,1,0,5) : 29
(3,4,2,1,5) : 1
(3,4,2,1,5,0) : 44
(3,4,2,5,0) : 1
(3,4,2,5,0,1) : 1
(3,4,2,5,1,0) : 23
(3,4,5) : 2
(3,4,5,0,1,2) : 11
(3,4,5,0,2,1) : 2
(3,4,5,1,0,2) : 2
(3,4,5,1,2,0) : 21
(3,4,5,2,0,1) : 2
(3,4,5,2,1,0) : 61
(3,5) : 14
(3,5,0) : 1
(3,5,0,1,2,4) : 11
(3,5,0,1,4) : 1
(3,5,0,1,4,2) : 4
(3,5,0,2) : 1
(3,5,0,2,1,4) : 4
(3,5,0,2,4,1) : 3
(3,5,0,4,1,2) : 2
(3,5,0,4,2,1) : 2
(3,5,1) : 2
(3,5,1,0,2,4) : 1
(3,5,1,0,4,2) : 2
(3,5,1,2,0,4) : 1
(3,5,1,2,4,0) : 3
(3,5,1,4,0,2) : 4
(3,5,1,4,2,0) : 3
(3,5,2) : 3
(3,5,2,0) : 1
(3,5,2,0,1,4) : 7
(3,5,2,0,4) : 1
(3,5,2,0,4,1) : 1
(3,5,2,1) : 2
(3,5,2,1,0,4) : 1
(3,5,2,1,4,0) : 8
(3,5,2,4,0,1) : 5
(3,5,2,4,1,0) : 13
(3,5,4,0,1) : 1
(3,5,4,0,1,2) : 4
(3,5,4,0,2,1) : 1
(3,5,4,1,0,2) : 3
(3,5,4,1,2,0) : 10
(3,5,4,2,0,1) : 3
(3,5,4,2,1,0) : 25
(4) : 344
(4,0) : 22
(4,0,1,2,3,5) : 9
(4,0,1,2,5,3) : 5
(4,0,1,3,2,5) : 4
(4,0,1,3,5,2) : 1
(4,0,1,5,2,3) : 3
(4,0,1,5,3,2) : 4
(4,0,2) : 4
(4,0,2,1,3,5) : 1
(4,0,2,1,5,3) : 2
(4,0,2,3) : 1
(4,0,2,3,1,5) : 6
(4,0,2,5,1,3) : 1
(4,0,2,5,3,1) : 1
(4,0,3,1,2,5) : 4
(4,0,3,1,5,2) : 1
(4,0,3,2) : 1
(4,0,3,2,1,5) : 9
(4,0,3,2,5,1) : 2
(4,0,3,5,1,2) : 3
(4,0,3,5,2,1) : 2
(4,0,5) : 1
(4,0,5,1,2,3) : 7
(4,0,5,1,3) : 1
(4,0,5,1,3,2) : 2
(4,0,5,3,1,2) : 3
(4,0,5,3,2,1) : 1
(4,1) : 8
(4,1,0) : 2
(4,1,0,2,3,5) : 1
(4,1,0,3,2,5) : 4
(4,1,0,3,5,2) : 1
(4,1,0,5,3,2) : 1
(4,1,2) : 3
(4,1,2,3,0,5) : 5
(4,1,2,3,5,0) : 2
(4,1,2,5,3,0) : 2
(4,1,3,0,2,5) : 2
(4,1,3,2,0,5) : 2
(4,1,5,0,2,3) : 1
(4,1,5,0,3,2) : 1
(4,1,5,2,3,0) : 4
(4,1,5,3,0,2) : 1
(4,1,5,3,2,0) : 2
(4,2) : 6
(4,2,0) : 1
(4,2,0,1,3) : 1
(4,2,0,1,3,5) : 1
(4,2,0,1,5,3) : 3
(4,2,0,3,1,5) : 10
(4,2,0,3,5,1) : 1
(4,2,1,0,3,5) : 3
(4,2,1,3,0,5) : 1
(4,2,1,3,5,0) : 1
(4,2,1,5,0,3) : 4
(4,2,1,5,3,0) : 4
(4,2,3) : 2
(4,2,3,0,1,5) : 3
(4,2,3,0,5) : 1
(4,2,3,0,5,1) : 1
(4,2,3,1,0,5) : 2
(4,2,3,1,5,0) : 3
(4,2,3,5,1,0) : 3
(4,2,5,0,3,1) : 1
(4,2,5,1,0,3) : 2
(4,2,5,3,0,1) : 1
(4,3) : 8
(4,3,0,1,2,5) : 5
(4,3,0,1,5,2) : 1
(4,3,0,2,1,5) : 1
(4,3,0,5,1,2) : 1
(4,3,1,0,2,5) : 1
(4,3,1,2,0,5) : 2
(4,3,1,2,5,0) : 3
(4,3,2) : 3
(4,3,2,0) : 1
(4,3,2,0,1) : 1
(4,3,2,0,1,5) : 8
(4,3,2,0,5,1) : 2
(4,3,2,1,0) : 2
(4,3,2,1,0,5) : 4
(4,3,2,1,5,0) : 6
(4,3,2,5,1,0) : 3
(4,3,5,0,1,2) : 1
(4,3,5,1,0) : 1
(4,3,5,1,0,2) : 1
(4,3,5,2,1,0) : 3
(4,5) : 2
(4,5,0,1,2,3) : 86
(4,5,0,2,1,3) : 2
(4,5,0,2,3,1) : 1
(4,5,1,0,2,3) : 2
(4,5,1,0,3,2) : 2
(4,5,1,2,0,3) : 3
(4,5,1,2,3,0) : 2
(4,5,2,0,1,3) : 1
(4,5,2,1,0,3) : 2
(4,5,2,1,3,0) : 4
(4,5,3) : 1
(4,5,3,1,2,0) : 1
(4,5,3,2,0,1) : 1
(4,5,3,2,1,0) : 4
(5) : 366
(5,0) : 96
(5,0,1) : 2
(5,0,1,2,3,4) : 6
(5,0,1,2,4,3) : 3
(5,0,1,3,2,4) : 4
(5,0,1,3,4,2) : 2
(5,0,1,4,2,3) : 1
(5,0,1,4,3,2) : 12
(5,0,2) : 1
(5,0,2,1,3,4) : 2
(5,0,2,1,4,3) : 2
(5,0,2,3,1,4) : 4
(5,0,2,4) : 1
(5,0,2,4,1,3) : 1
(5,0,3) : 6
(5,0,3,1,2,4) : 5
(5,0,3,1,4,2) : 13
(5,0,3,2,1,4) : 6
(5,0,3,2,4,1) : 6
(5,0,3,4,1,2) : 19
(5,0,3,4,2,1) : 8
(5,0,4) : 3
(5,0,4,1,2,3) : 9
(5,0,4,1,3,2) : 11
(5,0,4,2,1,3) : 1
(5,0,4,3,1,2) : 10
(5,0,4,3,2,1) : 3
(5,1) : 1
(5,1,0) : 1
(5,1,2,4,0,3) : 1
(5,1,3,4,2,0) : 1
(5,1,4,0,2,3) : 1
(5,1,4,0,3,2) : 1
(5,1,4,2,0,3) : 2
(5,2) : 2
(5,2,0) : 1
(5,2,0,1,3) : 1
(5,2,0,1,4,3) : 2
(5,2,0,3,4,1) : 2
(5,2,0,4,1,3) : 2
(5,2,1,3,4,0) : 1
(5,2,1,4,0,3) : 2
(5,2,3,0) : 1
(5,2,3,0,4,1) : 1
(5,2,3,1,0,4) : 1
(5,2,3,1,4,0) : 1
(5,2,4,0,3,1) : 1
(5,2,4,1,0,3) : 2
(5,3) : 10
(5,3,0) : 3
(5,3,0,1,2,4) : 3
(5,3,0,1,4,2) : 5
(5,3,0,2) : 1
(5,3,0,2,1,4) : 3
(5,3,0,2,4,1) : 2
(5,3,0,4,1,2) : 6
(5,3,0,4,2,1) : 1
(5,3,1) : 1
(5,3,1,0,4,2) : 2
(5,3,2,0,1,4) : 3
(5,3,2,0,4,1) : 1
(5,3,2,1,4,0) : 1
(5,3,2,4) : 1
(5,3,2,4,0,1) : 3
(5,3,4,0,2,1) : 1
(5,3,4,1,0,2) : 1
(5,3,4,1,2,0) : 2
(5,3,4,2,0,1) : 1
(5,3,4,2,1,0) : 1
(5,4) : 1
(5,4,0) : 1
(5,4,0,1,2,3) : 1
(5,4,0,2,3,1) : 2
(5,4,0,3,1,2) : 2
(5,4,1,0,3,2) : 1
(5,4,1,2,0,3) : 2
(5,4,1,2,3,0) : 3
(5,4,1,3,0,2) : 1
(5,4,2,1,0,3) : 1
(5,4,2,1,3,0) : 1
(5,4,3,1,2,0) : 1
(5,4,3,2,1,0) : 6
