0, 1, 2, 3, 4, 5
ORP,LIB,GRN,CDP,NLT,CLP
-+-+-+-+-
() : 255
(0) : 1548
(0,1) : 71
(0,1,2) : 4
(0,1,2,3) : 1
(0,1,2,3,4) : 3
(0,1,2,3,4,5) : 83
(0,1,2,3,5,4) : 3
(0,1,2,4,3,5) : 7
(0,1,2,4,5,3) : 5
(0,1,2,5,3,4) : 1
(0,1,2,5,4,3) : 6
(0,1,3) : 3
(0,1,3,2,4,5) : 5
(0,1,3,2,5,4) : 3
(0,1,3,4,2,5) : 13
(0,1,3,4,5,2) : 15
(0,1,3,5,2,4) : 2
(0,1,3,5,4,2) : 3
(0,1,4) : 4
(0,1,4,2,3,5) : 1
(0,1,4,2,5,3) : 3
(0,1,4,3,2,5) : 8
(0,1,4,3,5,2) : 24
(0,1,4,5,2) : 1
(0,1,4,5,2,3) : 11
(0,1,4,5,3,2) : 33
(0,1,5) : 6
(0,1,5,2,3,4) : 5
(0,1,5,2,4,3) : 9
(0,1,5,3,2,4) : 3
(0,1,5,3,4,2) : 4
(0,1,5,4,2,3) : 12
(0,1,5,4,3,2) : 25
(0,2) : 12
(0,2,1,3) : 1
(0,2,1,3,4) : 1
(0,2,1,3,4,5) : 5
(0,2,1,3,5,4) : 2
(0,2,1,4,3,5) : 1
(0,2,1,4,5,3) : 3
(0,2,1,5,3,4) : 2
(0,2,1,5,4,3) : 2
(0,2,3,1,4,5) : 4
(0,2,3,4,1) : 1
(0,2,3,4,1,5) : 4
(0,2,3,4,5) : 1
(0,2,3,4,5,1) : 4
(0,2,3,5,1,4) : 1
(0,2,4) : 3
(0,2,4,1,3,5) : 2
(0,2,4,1,5) : 1
(0,2,4,1,5,3) : 6
(0,2,4,3,1,5) : 4
(0,2,4,3,5,1) : 6
(0,2,4,5,1,3) : 9
(0,2,4,5,3) : 1
(0,2,4,5,3,1) : 6
(0,2,5) : 2
(0,2,5,1,3,4) : 3
(0,2,5,1,4,3) : 4
(0,2,5,3,4,1) : 1
(0,2,5,4) : 1
(0,2,5,4,1,3) : 4
(0,2,5,4,3,1) : 11
(0,3) : 6
(0,3,1,2,4,5) : 1
(0,3,1,2,5,4) : 2
(0,3,1,4,2,5) : 2
(0,3,1,4,5,2) : 6
(0,3,1,5,2,4) : 4
(0,3,1,5,4,2) : 2
(0,3,2,1,4,5) : 2
(0,3,2,4,1,5) : 2
(0,3,2,4,5,1) : 1
(0,3,2,5,4,1) : 2
(0,3,4) : 1
(0,3,4,1,2,5) : 3
(0,3,4,1,5,2) : 10
(0,3,4,2,1,5) : 1
(0,3,4,2,5,1) : 8
(0,3,4,5,1,2) : 8
(0,3,4,5,2,1) : 5
(0,3,5,1) : 1
(0,3,5,1,4,2) : 1
(0,3,5,2,1,4) : 1
(0,3,5,2,4,1) : 1
(0,3,5,4,1,2) : 6
(0,3,5,4,2,1) : 8
(0,4) : 27
(0,4,1) : 1
(0,4,1,2) : 1
(0,4,1,2,3,5) : 4
(0,4,1,2,5,3) : 2
(0,4,1,3,2,5) : 4
(0,4,1,3,5) : 1
(0,4,1,3,5,2) : 2
(0,4,1,5,2) : 1
(0,4,1,5,2,3) : 17
(0,4,1,5,3,2) : 14
(0,4,2) : 1
(0,4,2,1,3,5) : 2
(0,4,2,1,5,3) : 3
(0,4,2,3,1,5) : 2
(0,4,2,3,5,1) : 4
(0,4,2,5,1,3) : 6
(0,4,2,5,3,1) : 4
(0,4,3) : 2
(0,4,3,1,2,5) : 3
(0,4,3,1,5,2) : 10
(0,4,3,2,1,5) : 3
(0,4,3,2,5,1) : 9
(0,4,3,5,1,2) : 8
(0,4,3,5,2,1) : 1
(0,4,5) : 4
(0,4,5,1) : 1
(0,4,5,1,2,3) : 12
(0,4,5,1,3) : 1
(0,4,5,1,3,2) : 6
(0,4,5,2,1,3) : 13
(0,4,5,2,3,1) : 12
(0,4,5,3) : 1
(0,4,5,3,1) : 1
(0,4,5,3,1,2) : 12
(0,4,5,3,2,1) : 8
(0,5) : 29
(0,5,1) : 1
(0,5,1,2,3,4) : 13
(0,5,1,2,4,3) : 8
(0,5,1,3,2) : 1
(0,5,1,3,2,4) : 1
(0,5,1,3,4,2) : 3
(0,5,1,4,2,3) : 5
(0,5,1,4,3,2) : 17
(0,5,2,1) : 1
(0,5,2,1,3,4) : 4
(0,5,2,1,4,3) : 4
(0,5,2,3,1) : 1
(0,5,2,3,1,4) : 2
(0,5,2,3,4,1) : 8
(0,5,2,4,1) : 1
(0,5,2,4,1,3) : 6
(0,5,2,4,3,1) : 8
(0,5,3) : 3
(0,5,3,1,2,4) : 1
(0,5,3,1,4,2) : 2
(0,5,3,2,1,4) : 1
(0,5,3,2,4,1) : 2
(0,5,3,4,1,2) : 3
(0,5,3,4,2,1) : 5
(0,5,4) : 3
(0,5,4,1,2) : 1
(0,5,4,1,2,3) : 17
(0,5,4,1,3,2) : 21
(0,5,4,2) : 1
(0,5,4,2,1,3) : 10
(0,5,4,2,3,1) : 13
(0,5,4,3,1,2) : 11
(0,5,4,3,2,1) : 24
(1) : 18107
(1,0) : 156
(1,0,2) : 5
(1,0,2,3) : 3
(1,0,2,3,4) : 4
(1,0,2,3,4,5) : 142
(1,0,2,3,5,4) : 11
(1,0,2,4,3,5) : 34
(1,0,2,4,5,3) : 19
(1,0,2,5,3,4) : 7
(1,0,2,5,4,3) : 28
(1,0,3) : 5
(1,0,3,2) : 2
(1,0,3,2,4,5) : 40
(1,0,3,2,5,4) : 10
(1,0,3,4) : 1
(1,0,3,4,2) : 1
(1,0,3,4,2,5) : 67
(1,0,3,4,5) : 2
(1,0,3,4,5,2) : 77
(1,0,3,5) : 1
(1,0,3,5,2,4) : 12
(1,0,3,5,4,2) : 23
(1,0,4) : 12
(1,0,4,2,3,5) : 37
(1,0,4,2,5,3) : 21
(1,0,4,3,2) : 3
(1,0,4,3,2,5) : 82
(1,0,4,3,5) : 1
(1,0,4,3,5,2) : 72
(1,0,4,5) : 1
(1,0,4,5,2) : 1
(1,0,4,5,2,3) : 35
(1,0,4,5,3) : 1
(1,0,4,5,3,2) : 62
(1,0,5) : 8
(1,0,5,2) : 1
(1,0,5,2,3,4) : 15
(1,0,5,2,4,3) : 9
(1,0,5,3) : 1
(1,0,5,3,2,4) : 6
(1,0,5,3,4) : 1
(1,0,5,3,4,2) : 13
(1,0,5,4) : 1
(1,0,5,4,2,3) : 38
(1,0,5,4,3) : 1
(1,0,5,4,3,2) : 51
(1,2) : 133
(1,2,0) : 5
(1,2,0,3,4,5) : 58
(1,2,0,3,5,4) : 13
(1,2,0,4,3,5) : 28
(1,2,0,4,5,3) : 21
(1,2,0,5,3,4) : 3
(1,2,0,5,4,3) : 24
(1,2,3) : 4
(1,2,3,0,4,5) : 24
(1,2,3,0,5,4) : 5
(1,2,3,4) : 1
(1,2,3,4,0,5) : 21
(1,2,3,4,5) : 1
(1,2,3,4,5,0) : 33
(1,2,3,5) : 1
(1,2,3,5,0,4) : 9
(1,2,3,5,4,0) : 14
(1,2,4) : 4
(1,2,4,0) : 1
(1,2,4,0,3,5) : 19
(1,2,4,0,5,3) : 11
(1,2,4,3,0,5) : 16
(1,2,4,3,5,0) : 9
(1,2,4,5) : 1
(1,2,4,5,0) : 2
(1,2,4,5,0,3) : 20
(1,2,4,5,3) : 1
(1,2,4,5,3,0) : 21
(1,2,5) : 18
(1,2,5,0) : 1
(1,2,5,0,3,4) : 18
(1,2,5,0,4,3) : 42
(1,2,5,3) : 2
(1,2,5,3,0,4) : 12
(1,2,5,3,4,0) : 24
(1,2,5,4) : 1
(1,2,5,4,0) : 2
(1,2,5,4,0,3) : 54
(1,2,5,4,3,0) : 38
(1,3) : 1197
(1,3,0) : 21
(1,3,0,2) : 2
(1,3,0,2,4,5) : 64
(1,3,0,2,5,4) : 14
(1,3,0,4) : 1
(1,3,0,4,2,5) : 111
(1,3,0,4,5) : 3
(1,3,0,4,5,2) : 124
(1,3,0,5) : 1
(1,3,0,5,2,4) : 17
(1,3,0,5,4) : 1
(1,3,0,5,4,2) : 36
(1,3,2) : 3
(1,3,2,0) : 1
(1,3,2,0,4,5) : 27
(1,3,2,0,5,4) : 7
(1,3,2,4,0,5) : 19
(1,3,2,4,5) : 2
(1,3,2,4,5,0) : 15
(1,3,2,5,0,4) : 9
(1,3,2,5,4,0) : 9
(1,3,4) : 13
(1,3,4,0) : 2
(1,3,4,0,2,5) : 85
(1,3,4,0,5) : 10
(1,3,4,0,5,2) : 77
(1,3,4,2,0,5) : 39
(1,3,4,2,5) : 3
(1,3,4,2,5,0) : 9
(1,3,4,5,0) : 3
(1,3,4,5,0,2) : 29
(1,3,4,5,2) : 1
(1,3,4,5,2,0) : 24
(1,3,5) : 7
(1,3,5,0,2) : 1
(1,3,5,0,2,4) : 24
(1,3,5,0,4) : 1
(1,3,5,0,4,2) : 29
(1,3,5,2) : 1
(1,3,5,2,0,4) : 13
(1,3,5,2,4,0) : 11
(1,3,5,4,0) : 1
(1,3,5,4,0,2) : 32
(1,3,5,4,2) : 1
(1,3,5,4,2,0) : 32
(1,4) : 65
(1,4,0) : 9
(1,4,0,2,3,5) : 42
(1,4,0,2,5) : 2
(1,4,0,2,5,3) : 17
(1,4,0,3) : 2
(1,4,0,3,2,5) : 56
(1,4,0,3,5,2) : 49
(1,4,0,5,2,3) : 17
(1,4,0,5,3,2) : 18
(1,4,2) : 4
(1,4,2,0,3) : 1
(1,4,2,0,3,5) : 19
(1,4,2,0,5,3) : 9
(1,4,2,3) : 1
(1,4,2,3,0,5) : 5
(1,4,2,3,5,0) : 4
(1,4,2,5,0,3) : 7
(1,4,2,5,3,0) : 5
(1,4,3) : 3
(1,4,3,0,2) : 2
(1,4,3,0,2,5) : 24
(1,4,3,0,5) : 1
(1,4,3,0,5,2) : 19
(1,4,3,2,0) : 1
(1,4,3,2,0,5) : 14
(1,4,3,2,5,0) : 5
(1,4,3,5,0) : 1
(1,4,3,5,0,2) : 8
(1,4,3,5,2) : 2
(1,4,3,5,2,0) : 6
(1,4,5) : 4
(1,4,5,0) : 2
(1,4,5,0,2,3) : 23
(1,4,5,0,3) : 1
(1,4,5,0,3,2) : 18
(1,4,5,2,0) : 1
(1,4,5,2,0,3) : 16
(1,4,5,2,3,0) : 14
(1,4,5,3,0,2) : 8
(1,4,5,3,2) : 3
(1,4,5,3,2,0) : 20
(1,5) : 203
(1,5,0) : 10
(1,5,0,2,3) : 1
(1,5,0,2,3,4) : 56
(1,5,0,2,4,3) : 37
(1,5,0,3,2) : 1
(1,5,0,3,2,4) : 15
(1,5,0,3,4,2) : 26
(1,5,0,4) : 1
(1,5,0,4,2,3) : 28
(1,5,0,4,3,2) : 53
(1,5,2) : 24
(1,5,2,0) : 3
(1,5,2,0,3,4) : 47
(1,5,2,0,4,3) : 56
(1,5,2,3,0) : 1
(1,5,2,3,0,4) : 19
(1,5,2,3,4) : 2
(1,5,2,3,4,0) : 49
(1,5,2,4,0) : 1
(1,5,2,4,0,3) : 64
(1,5,2,4,3) : 1
(1,5,2,4,3,0) : 19
(1,5,3) : 6
(1,5,3,0) : 2
(1,5,3,0,2,4) : 14
(1,5,3,0,4,2) : 29
(1,5,3,2) : 1
(1,5,3,2,0) : 1
(1,5,3,2,0,4) : 10
(1,5,3,2,4) : 1
(1,5,3,2,4,0) : 19
(1,5,3,4) : 1
(1,5,3,4,0) : 6
(1,5,3,4,0,2) : 17
(1,5,3,4,2) : 1
(1,5,3,4,2,0) : 24
(1,5,4) : 8
(1,5,4,0,2,3) : 47
(1,5,4,0,3) : 2
(1,5,4,0,3,2) : 45
(1,5,4,2) : 1
(1,5,4,2,0) : 1
(1,5,4,2,0,3) : 28
(1,5,4,2,3) : 1
(1,5,4,2,3,0) : 16
(1,5,4,3,0,2) : 45
(1,5,4,3,2) : 4
(1,5,4,3,2,0) : 69
(2) : 1677
(2,0) : 10
(2,0,1) : 1
(2,0,1,3,4,5) : 3
(2,0,1,4,3,5) : 2
(2,0,1,4,5,3) : 2
(2,0,1,5,3,4) : 2
(2,0,1,5,4,3) : 7
(2,0,3,4,1,5) : 1
(2,0,3,4,5,1) : 4
(2,0,3,5,4,1) : 1
(2,0,4) : 2
(2,0,4,1,3,5) : 3
(2,0,4,1,5,3) : 3
(2,0,4,3,1,5) : 3
(2,0,4,3,5,1) : 10
(2,0,4,5) : 2
(2,0,4,5,1,3) : 25
(2,0,4,5,3,1) : 14
(2,0,5) : 7
(2,0,5,1,3,4) : 1
(2,0,5,1,4,3) : 9
(2,0,5,3,1,4) : 2
(2,0,5,3,4,1) : 5
(2,0,5,4) : 1
(2,0,5,4,1,3) : 13
(2,0,5,4,3,1) : 19
(2,1) : 68
(2,1,0,3,4,5) : 19
(2,1,0,3,5,4) : 2
(2,1,0,4,3) : 1
(2,1,0,4,3,5) : 5
(2,1,0,4,5,3) : 5
(2,1,0,5) : 1
(2,1,0,5,3,4) : 3
(2,1,0,5,4) : 1
(2,1,0,5,4,3) : 13
(2,1,3,0,4,5) : 2
(2,1,3,0,5,4) : 1
(2,1,3,4,0,5) : 3
(2,1,3,4,5,0) : 4
(2,1,3,5,0,4) : 2
(2,1,3,5,4,0) : 6
(2,1,4) : 3
(2,1,4,0,3,5) : 3
(2,1,4,0,5,3) : 3
(2,1,4,3,0,5) : 5
(2,1,4,5,0,3) : 9
(2,1,4,5,3,0) : 3
(2,1,5) : 16
(2,1,5,0,3,4) : 5
(2,1,5,0,4,3) : 27
(2,1,5,3,0,4) : 6
(2,1,5,3,4,0) : 3
(2,1,5,4,0,3) : 27
(2,1,5,4,3,0) : 14
(2,3) : 3
(2,3,0) : 1
(2,3,0,1,5,4) : 1
(2,3,0,4,1,5) : 3
(2,3,0,4,5,1) : 5
(2,3,0,5) : 1
(2,3,0,5,4,1) : 2
(2,3,1) : 2
(2,3,1,0,4,5) : 2
(2,3,1,4,0,5) : 2
(2,3,1,5,4,0) : 3
(2,3,4,0,1,5) : 3
(2,3,4,0,5,1) : 2
(2,3,4,5) : 1
(2,3,4,5,0,1) : 4
(2,3,4,5,1,0) : 1
(2,3,5) : 1
(2,3,5,0,4,1) : 1
(2,3,5,1) : 2
(2,3,5,1,0,4) : 1
(2,3,5,1,4,0) : 2
(2,3,5,4,0,1) : 2
(2,3,5,4,1,0) : 1
(2,4) : 11
(2,4,0,1,3,5) : 1
(2,4,0,1,5,3) : 11
(2,4,0,3,1,5) : 1
(2,4,0,3,5,1) : 9
(2,4,0,5,1,3) : 9
(2,4,0,5,3,1) : 4
(2,4,1) : 2
(2,4,1,0,3,5) : 2
(2,4,1,3,0) : 1
(2,4,1,5,0,3) : 1
(2,4,1,5,3,0) : 3
(2,4,3,0,1,5) : 2
(2,4,3,0,5,1) : 1
(2,4,3,1,0,5) : 2
(2,4,3,1,5,0) : 3
(2,4,3,5,0,1) : 5
(2,4,3,5,1,0) : 1
(2,4,5) : 1
(2,4,5,0) : 1
(2,4,5,0,1) : 2
(2,4,5,0,1,3) : 6
(2,4,5,0,3,1) : 5
(2,4,5,1,0,3) : 3
(2,4,5,1,3,0) : 4
(2,4,5,3,0,1) : 6
(2,4,5,3,1,0) : 6
(2,5) : 531
(2,5,0) : 18
(2,5,0,1) : 2
(2,5,0,1,3,4) : 22
(2,5,0,1,4,3) : 38
(2,5,0,3,1,4) : 5
(2,5,0,3,4,1) : 25
(2,5,0,4) : 2
(2,5,0,4,1,3) : 96
(2,5,0,4,3,1) : 101
(2,5,1) : 47
(2,5,1,0) : 1
(2,5,1,0,3,4) : 32
(2,5,1,0,4,3) : 94
(2,5,1,3) : 4
(2,5,1,3,0,4) : 17
(2,5,1,3,4,0) : 27
(2,5,1,4,0) : 1
(2,5,1,4,0,3) : 92
(2,5,1,4,3,0) : 30
(2,5,3) : 2
(2,5,3,0,1,4) : 7
(2,5,3,0,4,1) : 40
(2,5,3,1) : 1
(2,5,3,1,0,4) : 8
(2,5,3,1,4,0) : 2
(2,5,3,4,0,1) : 21
(2,5,3,4,1,0) : 9
(2,5,4) : 13
(2,5,4,0) : 1
(2,5,4,0,1) : 3
(2,5,4,0,1,3) : 99
(2,5,4,0,3,1) : 80
(2,5,4,1) : 2
(2,5,4,1,0) : 2
(2,5,4,1,0,3) : 53
(2,5,4,1,3,0) : 16
(2,5,4,3,0,1) : 38
(2,5,4,3,1,0) : 7
(3) : 509
(3,0) : 6
(3,0,1) : 2
(3,0,1,2,4,5) : 1
(3,0,1,2,5) : 1
(3,0,1,2,5,4) : 1
(3,0,1,4) : 1
(3,0,1,4,2,5) : 2
(3,0,1,4,5,2) : 6
(3,0,1,5,2,4) : 2
(3,0,1,5,4) : 1
(3,0,1,5,4,2) : 4
(3,0,2,1,4,5) : 1
(3,0,2,1,5,4) : 1
(3,0,2,4,1,5) : 1
(3,0,2,4,5,1) : 6
(3,0,2,5,4,1) : 1
(3,0,4) : 4
(3,0,4,1) : 76
(3,0,4,1,2,5) : 5
(3,0,4,1,5) : 1
(3,0,4,1,5,2) : 26
(3,0,4,2) : 1
(3,0,4,2,1,5) : 3
(3,0,4,2,5,1) : 3
(3,0,4,5,1,2) : 12
(3,0,4,5,2,1) : 4
(3,0,5) : 1
(3,0,5,1,2,4) : 1
(3,0,5,1,4,2) : 1
(3,0,5,2,1,4) : 1
(3,0,5,2,4,1) : 1
(3,0,5,4,1,2) : 3
(3,0,5,4,2,1) : 1
(3,1) : 77
(3,1,0) : 6
(3,1,0,2) : 1
(3,1,0,2,4,5) : 6
(3,1,0,2,5,4) : 1
(3,1,0,4) : 4
(3,1,0,4,2,5) : 8
(3,1,0,4,5) : 1
(3,1,0,4,5,2) : 50
(3,1,0,5,2) : 1
(3,1,0,5,2,4) : 5
(3,1,0,5,4,2) : 19
(3,1,2) : 2
(3,1,2,0,4,5) : 3
(3,1,2,4,0,5) : 4
(3,1,2,4,5,0) : 2
(3,1,2,5,0,4) : 1
(3,1,2,5,4,0) : 3
(3,1,4) : 4
(3,1,4,0) : 1
(3,1,4,0,2,5) : 9
(3,1,4,0,5) : 3
(3,1,4,0,5,2) : 18
(3,1,4,2,0,5) : 1
(3,1,4,2,5,0) : 1
(3,1,4,5,0,2) : 11
(3,1,4,5,2,0) : 3
(3,1,5) : 4
(3,1,5,0,2,4) : 6
(3,1,5,0,4,2) : 17
(3,1,5,2) : 1
(3,1,5,2,0,4) : 2
(3,1,5,2,4,0) : 4
(3,1,5,4,0,2) : 22
(3,1,5,4,2) : 1
(3,1,5,4,2,0) : 6
(3,2) : 2
(3,2,0,1,4,5) : 2
(3,2,0,4,5,1) : 4
(3,2,0,5,1,4) : 1
(3,2,0,5,4,1) : 2
(3,2,1,0,4,5) : 3
(3,2,1,4,5,0) : 1
(3,2,1,5,0,4) : 1
(3,2,1,5,4,0) : 2
(3,2,4,0,1,5) : 1
(3,2,4,1,0,5) : 1
(3,2,4,5,0,1) : 2
(3,2,4,5,1,0) : 4
(3,2,5) : 1
(3,2,5,0,4,1) : 2
(3,2,5,1) : 2
(3,2,5,1,0,4) : 2
(3,2,5,1,4,0) : 3
(3,2,5,4,0,1) : 1
(3,2,5,4,1,0) : 2
(3,4) : 7
(3,4,0) : 1
(3,4,0,1,2,5) : 2
(3,4,0,1,5,2) : 7
(3,4,0,2,1,5) : 3
(3,4,0,2,5,1) : 2
(3,4,0,5,1,2) : 5
(3,4,0,5,2,1) : 4
(3,4,1) : 1
(3,4,1,0,5,2) : 3
(3,4,1,2,0,5) : 1
(3,4,1,5,0,2) : 2
(3,4,2,0,5,1) : 2
(3,4,2,5,0,1) : 1
(3,4,2,5,1,0) : 1
(3,4,5,0,1,2) : 5
(3,4,5,0,2,1) : 1
(3,4,5,2,0,1) : 1
(3,4,5,2,1,0) : 5
(3,5) : 18
(3,5,0,1,2,4) : 3
(3,5,0,1,4,2) : 2
(3,5,0,2,4,1) : 2
(3,5,0,4) : 1
(3,5,0,4,1,2) : 6
(3,5,0,4,2,1) : 6
(3,5,1) : 3
(3,5,1,0,2,4) : 1
(3,5,1,0,4,2) : 8
(3,5,1,2) : 2
(3,5,1,2,0) : 1
(3,5,1,2,0,4) : 5
(3,5,1,2,4,0) : 1
(3,5,1,4,0,2) : 10
(3,5,2) : 1
(3,5,2,0,1,4) : 5
(3,5,2,0,4,1) : 2
(3,5,2,1,0,4) : 6
(3,5,2,1,4,0) : 3
(3,5,2,4,0,1) : 2
(3,5,4,0,1,2) : 4
(3,5,4,0,2,1) : 3
(3,5,4,1,0,2) : 5
(3,5,4,2,0,1) : 1
(3,5,4,2,1,0) : 4
(4) : 430
(4,0) : 10
(4,0,1,2) : 1
(4,0,1,2,3) : 1
(4,0,1,2,3,5) : 1
(4,0,1,2,5,3) : 4
(4,0,1,3,2,5) : 3
(4,0,1,3,5) : 1
(4,0,1,3,5,2) : 3
(4,0,1,5) : 1
(4,0,1,5,2,3) : 2
(4,0,1,5,3,2) : 4
(4,0,2,1,3,5) : 1
(4,0,2,1,5,3) : 1
(4,0,2,3,1,5) : 3
(4,0,2,3,5,1) : 4
(4,0,2,5,1) : 1
(4,0,2,5,1,3) : 1
(4,0,3,1,2,5) : 1
(4,0,3,1,5,2) : 1
(4,0,3,2,1,5) : 3
(4,0,3,2,5,1) : 2
(4,0,3,5,2,1) : 1
(4,0,5) : 1
(4,0,5,1) : 1
(4,0,5,1,2,3) : 3
(4,0,5,1,3,2) : 4
(4,0,5,2,1,3) : 5
(4,0,5,2,3,1) : 1
(4,0,5,3,1,2) : 2
(4,0,5,3,2,1) : 4
(4,1) : 7
(4,1,0) : 2
(4,1,0,2,3,5) : 5
(4,1,0,2,5,3) : 1
(4,1,0,3,2,5) : 4
(4,1,0,3,5,2) : 1
(4,1,0,5,2) : 1
(4,1,0,5,2,3) : 2
(4,1,0,5,3,2) : 2
(4,1,2,0,3,5) : 1
(4,1,2,0,5,3) : 1
(4,1,2,3,0,5) : 2
(4,1,2,3,5,0) : 1
(4,1,2,5,0,3) : 1
(4,1,3,0,2,5) : 1
(4,1,3,2,0,5) : 1
(4,1,5,0,2,3) : 2
(4,1,5,3,0,2) : 1
(4,1,5,3,2,0) : 2
(4,2) : 5
(4,2,0) : 4
(4,2,0,1,5,3) : 1
(4,2,0,3,1,5) : 1
(4,2,0,3,5,1) : 4
(4,2,0,5,1,3) : 4
(4,2,0,5,3,1) : 2
(4,2,1) : 1
(4,2,1,0,3,5) : 1
(4,2,1,0,5,3) : 1
(4,2,1,5,0,3) : 1
(4,2,3,0,5,1) : 2
(4,2,3,1,0,5) : 1
(4,2,3,1,5,0) : 1
(4,2,3,5,0,1) : 1
(4,2,3,5,1,0) : 1
(4,2,5) : 1
(4,2,5,0,1,3) : 2
(4,2,5,0,3,1) : 1
(4,2,5,1,3,0) : 1
(4,2,5,3,1,0) : 1
(4,3) : 2
(4,3,0,1,2,5) : 1
(4,3,0,2,1,5) : 1
(4,3,0,5,2,1) : 3
(4,3,1) : 1
(4,3,1,0,2,5) : 1
(4,3,1,0,5) : 1
(4,3,2,0,1,5) : 3
(4,3,2,0,5,1) : 2
(4,3,2,1,0,5) : 2
(4,3,5,0,1,2) : 2
(4,3,5,1,0,2) : 1
(4,3,5,2,1,0) : 2
(4,5) : 10
(4,5,0) : 1
(4,5,0,1,2,3) : 5
(4,5,0,1,3,2) : 2
(4,5,0,2,1,3) : 5
(4,5,0,2,3,1) : 3
(4,5,0,3,1,2) : 2
(4,5,0,3,2,1) : 1
(4,5,1) : 2
(4,5,1,0,2,3) : 8
(4,5,1,0,3,2) : 2
(4,5,1,2,0,3) : 1
(4,5,1,2,3) : 2
(4,5,1,2,3,0) : 3
(4,5,2) : 2
(4,5,2,0) : 1
(4,5,2,0,1,3) : 7
(4,5,2,0,3,1) : 8
(4,5,2,1,0,3) : 3
(4,5,2,3,0,1) : 2
(4,5,2,3,1,0) : 3
(4,5,3,0,1,2) : 7
(4,5,3,0,2,1) : 1
(4,5,3,1,0,2) : 2
(4,5,3,1,2,0) : 2
(4,5,3,2) : 1
(4,5,3,2,0,1) : 2
(4,5,3,2,1,0) : 5
(5) : 7788
(5,0) : 92
(5,0,1) : 5
(5,0,1,2,3) : 1
(5,0,1,2,3,4) : 36
(5,0,1,2,4,3) : 17
(5,0,1,3,2) : 1
(5,0,1,3,2,4) : 6
(5,0,1,3,4,2) : 5
(5,0,1,4,2,3) : 15
(5,0,1,4,3) : 1
(5,0,1,4,3,2) : 23
(5,0,2) : 12
(5,0,2,1,3,4) : 17
(5,0,2,1,4,3) : 15
(5,0,2,3,1,4) : 11
(5,0,2,3,4,1) : 73
(5,0,2,4) : 2
(5,0,2,4,1,3) : 32
(5,0,2,4,3) : 1
(5,0,2,4,3,1) : 76
(5,0,3) : 1
(5,0,3,1,2,4) : 6
(5,0,3,1,4) : 1
(5,0,3,1,4,2) : 4
(5,0,3,2,1) : 1
(5,0,3,2,1,4) : 8
(5,0,3,2,4,1) : 15
(5,0,3,4) : 1
(5,0,3,4,1,2) : 14
(5,0,3,4,2,1) : 28
(5,0,4) : 11
(5,0,4,1,2,3) : 31
(5,0,4,1,3,2) : 15
(5,0,4,2,1,3) : 43
(5,0,4,2,3,1) : 79
(5,0,4,3,1,2) : 26
(5,0,4,3,2,1) : 122
(5,1) : 157
(5,1,0) : 8
(5,1,0,2,3) : 1
(5,1,0,2,3,4) : 79
(5,1,0,2,4,3) : 40
(5,1,0,3) : 1
(5,1,0,3,2,4) : 6
(5,1,0,3,4) : 3
(5,1,0,3,4,2) : 21
(5,1,0,4) : 1
(5,1,0,4,2,3) : 28
(5,1,0,4,3,2) : 32
(5,1,2) : 23
(5,1,2,0,3,4) : 38
(5,1,2,0,4,3) : 49
(5,1,2,3) : 1
(5,1,2,3,0) : 1
(5,1,2,3,0,4) : 28
(5,1,2,3,4,0) : 48
(5,1,2,4,0) : 2
(5,1,2,4,0,3) : 55
(5,1,2,4,3,0) : 16
(5,1,3) : 3
(5,1,3,0) : 1
(5,1,3,0,2,4) : 8
(5,1,3,0,4,2) : 14
(5,1,3,2) : 1
(5,1,3,2,0,4) : 14
(5,1,3,2,4,0) : 6
(5,1,3,4,0) : 2
(5,1,3,4,0,2) : 18
(5,1,3,4,2,0) : 8
(5,1,4) : 4
(5,1,4,0) : 2
(5,1,4,0,2,3) : 35
(5,1,4,0,3,2) : 17
(5,1,4,2,0,3) : 13
(5,1,4,2,3,0) : 6
(5,1,4,3,0) : 1
(5,1,4,3,0,2) : 11
(5,1,4,3,2) : 1
(5,1,4,3,2,0) : 22
(5,2) : 385
(5,2,0) : 22
(5,2,0,1) : 2
(5,2,0,1,3,4) : 60
(5,2,0,1,4,3) : 80
(5,2,0,3,1) : 2
(5,2,0,3,1,4) : 6
(5,2,0,3,4) : 3
(5,2,0,3,4,1) : 129
(5,2,0,4) : 3
(5,2,0,4,1) : 2
(5,2,0,4,1,3) : 169
(5,2,0,4,3) : 2
(5,2,0,4,3,1) : 319
(5,2,1) : 37
(5,2,1,0) : 4
(5,2,1,0,3) : 1
(5,2,1,0,3,4) : 86
(5,2,1,0,4) : 2
(5,2,1,0,4,3) : 128
(5,2,1,3) : 1
(5,2,1,3,0,4) : 16
(5,2,1,3,4) : 1
(5,2,1,3,4,0) : 41
(5,2,1,4,0,3) : 122
(5,2,1,4,3) : 2
(5,2,1,4,3,0) : 33
(5,2,3) : 14
(5,2,3,0) : 17
(5,2,3,0,1) : 3
(5,2,3,0,1,4) : 21
(5,2,3,0,4) : 7
(5,2,3,0,4,1) : 3380
(5,2,3,1,0) : 1
(5,2,3,1,0,4) : 18
(5,2,3,1,4,0) : 18
(5,2,3,4) : 1
(5,2,3,4,0) : 2
(5,2,3,4,0,1) : 104
(5,2,3,4,1,0) : 23
(5,2,4) : 8
(5,2,4,0) : 2
(5,2,4,0,1) : 3
(5,2,4,0,1,3) : 167
(5,2,4,0,3) : 2
(5,2,4,0,3,1) : 496
(5,2,4,1) : 2
(5,2,4,1,0) : 1
(5,2,4,1,0,3) : 48
(5,2,4,1,3) : 1
(5,2,4,1,3,0) : 12
(5,2,4,3,0) : 1
(5,2,4,3,0,1) : 124
(5,2,4,3,1,0) : 27
(5,3) : 19
(5,3,0) : 1
(5,3,0,1,2,4) : 6
(5,3,0,1,4,2) : 3
(5,3,0,2,1,4) : 1
(5,3,0,2,4,1) : 14
(5,3,0,4,1,2) : 10
(5,3,0,4,2) : 1
(5,3,0,4,2,1) : 26
(5,3,1) : 1
(5,3,1,0,2,4) : 14
(5,3,1,0,4,2) : 6
(5,3,1,2,0,4) : 4
(5,3,1,2,4,0) : 9
(5,3,1,4) : 1
(5,3,1,4,0) : 2
(5,3,1,4,0,2) : 5
(5,3,1,4,2,0) : 2
(5,3,2) : 1
(5,3,2,0) : 1
(5,3,2,0,1,4) : 13
(5,3,2,0,4,1) : 19
(5,3,2,1,0) : 1
(5,3,2,1,0,4) : 10
(5,3,2,1,4,0) : 12
(5,3,2,4) : 1
(5,3,2,4,0) : 1
(5,3,2,4,0,1) : 31
(5,3,2,4,1,0) : 5
(5,3,4) : 3
(5,3,4,0,1) : 1
(5,3,4,0,1,2) : 13
(5,3,4,0,2,1) : 29
(5,3,4,1) : 2
(5,3,4,1,0,2) : 6
(5,3,4,1,2,0) : 5
(5,3,4,2,0,1) : 31
(5,3,4,2,1) : 2
(5,3,4,2,1,0) : 14
(5,4) : 43
(5,4,0) : 3
(5,4,0,1,2) : 1
(5,4,0,1,2,3) : 34
(5,4,0,1,3,2) : 17
(5,4,0,2) : 1
(5,4,0,2,1) : 1
(5,4,0,2,1,3) : 31
(5,4,0,2,3) : 1
(5,4,0,2,3,1) : 64
(5,4,0,3,1,2) : 19
(5,4,0,3,2,1) : 54
(5,4,1) : 5
(5,4,1,0,2,3) : 15
(5,4,1,0,3) : 1
(5,4,1,0,3,2) : 9
(5,4,1,2,0) : 1
(5,4,1,2,0,3) : 11
(5,4,1,2,3,0) : 13
(5,4,1,3) : 1
(5,4,1,3,0,2) : 3
(5,4,1,3,2,0) : 4
(5,4,2) : 2
(5,4,2,0,1) : 2
(5,4,2,0,1,3) : 35
(5,4,2,0,3,1) : 60
(5,4,2,1,0,3) : 22
(5,4,2,1,3,0) : 5
(5,4,2,3,0,1) : 35
(5,4,2,3,1) : 3
(5,4,2,3,1,0) : 9
(5,4,3) : 3
(5,4,3,0,1,2) : 13
(5,4,3,0,2,1) : 41
(5,4,3,1,0,2) : 8
(5,4,3,1,2,0) : 5
(5,4,3,2,0) : 2
(5,4,3,2,0,1) : 81
(5,4,3,2,1) : 1
(5,4,3,2,1,0) : 71
