0, 1, 2, 3, 4
CDP,LAB,GRN,LIB,NLT
-+-+-+-+-
() : 170
(0) : 1317
(0,1) : 56
(0,1,2) : 18
(0,1,2,3) : 5
(0,1,2,3,4) : 158
(0,1,2,4,3) : 33
(0,1,3) : 1
(0,1,3,2,4) : 40
(0,1,3,4,2) : 36
(0,1,4) : 2
(0,1,4,2,3) : 22
(0,1,4,3,2) : 21
(0,2) : 12
(0,2,1) : 3
(0,2,1,3,4) : 33
(0,2,1,4,3) : 14
(0,2,3,1,4) : 8
(0,2,3,4,1) : 9
(0,2,4,1,3) : 12
(0,2,4,3,1) : 14
(0,3) : 111
(0,3,1) : 7
(0,3,1,2,4) : 63
(0,3,1,4) : 1
(0,3,1,4,2) : 65
(0,3,2) : 1
(0,3,2,1) : 1
(0,3,2,1,4) : 13
(0,3,2,4,1) : 13
(0,3,4) : 4
(0,3,4,1,2) : 95
(0,3,4,2,1) : 31
(0,4) : 8
(0,4,1,2,3) : 9
(0,4,1,3,2) : 17
(0,4,2) : 2
(0,4,2,1,3) : 16
(0,4,2,3,1) : 9
(0,4,3,1) : 1
(0,4,3,1,2) : 36
(0,4,3,2) : 1
(0,4,3,2,1) : 13
(1) : 13679
(1,0) : 88
(1,0,2) : 17
(1,0,2,3) : 3
(1,0,2,3,4) : 305
(1,0,2,4) : 7
(1,0,2,4,3) : 307
(1,0,3) : 7
(1,0,3,2,4) : 81
(1,0,3,4,2) : 47
(1,0,4) : 7
(1,0,4,2) : 1
(1,0,4,2,3) : 130
(1,0,4,3,2) : 57
(1,2) : 425
(1,2,0) : 21
(1,2,0,3) : 9
(1,2,0,3,4) : 274
(1,2,0,4) : 6
(1,2,0,4,3) : 3717
(1,2,3) : 24
(1,2,3,0) : 4
(1,2,3,0,4) : 147
(1,2,3,4) : 13
(1,2,3,4,0) : 434
(1,2,4) : 31
(1,2,4,0) : 4
(1,2,4,0,3) : 859
(1,2,4,3) : 5
(1,2,4,3,0) : 427
(1,3) : 182
(1,3,0) : 5
(1,3,0,2) : 1
(1,3,0,2,4) : 118
(1,3,0,4) : 1
(1,3,0,4,2) : 54
(1,3,2) : 21
(1,3,2,0) : 4
(1,3,2,0,4) : 198
(1,3,2,4) : 5
(1,3,2,4,0) : 214
(1,3,4) : 2
(1,3,4,0) : 3
(1,3,4,0,2) : 81
(1,3,4,2) : 2
(1,3,4,2,0) : 184
(1,4) : 129
(1,4,0) : 5
(1,4,0,2) : 8
(1,4,0,2,3) : 244
(1,4,0,3) : 1
(1,4,0,3,2) : 76
(1,4,2) : 17
(1,4,2,0) : 5
(1,4,2,0,3) : 325
(1,4,2,3) : 4
(1,4,2,3,0) : 153
(1,4,3) : 2
(1,4,3,0) : 3
(1,4,3,0,2) : 60
(1,4,3,2) : 3
(1,4,3,2,0) : 108
(2) : 1236
(2,0) : 4
(2,0,1) : 1
(2,0,1,3,4) : 23
(2,0,1,4,3) : 6
(2,0,3,1,4) : 3
(2,0,3,4,1) : 10
(2,0,4,1,3) : 20
(2,0,4,3) : 1
(2,0,4,3,1) : 12
(2,1) : 100
(2,1,0) : 1
(2,1,0,3) : 1
(2,1,0,3,4) : 52
(2,1,0,4,3) : 54
(2,1,3) : 3
(2,1,3,0) : 1
(2,1,3,0,4) : 33
(2,1,3,4) : 1
(2,1,3,4,0) : 108
(2,1,4) : 4
(2,1,4,0,3) : 97
(2,1,4,3) : 3
(2,1,4,3,0) : 174
(2,3) : 15
(2,3,0,1,4) : 2
(2,3,0,4,1) : 2
(2,3,1) : 5
(2,3,1,0) : 2
(2,3,1,0,4) : 28
(2,3,1,4) : 1
(2,3,1,4,0) : 36
(2,3,4,0,1) : 12
(2,3,4,1) : 1
(2,3,4,1,0) : 13
(2,4) : 20
(2,4,0,1,3) : 33
(2,4,0,3) : 1
(2,4,0,3,1) : 17
(2,4,1) : 3
(2,4,1,0,3) : 17
(2,4,1,3) : 2
(2,4,1,3,0) : 39
(2,4,3,0) : 1
(2,4,3,0,1) : 6
(2,4,3,1) : 1
(2,4,3,1,0) : 20
(3) : 12977
(3,0) : 546
(3,0,1) : 4
(3,0,1,2) : 1
(3,0,1,2,4) : 157
(3,0,1,4) : 3
(3,0,1,4,2) : 108
(3,0,2) : 3
(3,0,2,1,4) : 40
(3,0,2,4,1) : 62
(3,0,4) : 5
(3,0,4,1,2) : 217
(3,0,4,2) : 1
(3,0,4,2,1) : 191
(3,1) : 177
(3,1,0) : 6
(3,1,0,2) : 1
(3,1,0,2,4) : 155
(3,1,0,4,2) : 88
(3,1,2) : 16
(3,1,2,0,4) : 111
(3,1,2,4) : 6
(3,1,2,4,0) : 195
(3,1,4) : 8
(3,1,4,0,2) : 95
(3,1,4,2) : 7
(3,1,4,2,0) : 123
(3,2) : 49
(3,2,0) : 1
(3,2,0,1) : 1
(3,2,0,1,4) : 32
(3,2,0,4,1) : 45
(3,2,1) : 14
(3,2,1,0,4) : 78
(3,2,1,4) : 1
(3,2,1,4,0) : 66
(3,2,4) : 4
(3,2,4,0) : 1
(3,2,4,0,1) : 73
(3,2,4,1) : 2
(3,2,4,1,0) : 52
(3,4) : 97
(3,4,0) : 8
(3,4,0,1) : 3
(3,4,0,1,2) : 156
(3,4,0,2,1) : 154
(3,4,1,0) : 2
(3,4,1,0,2) : 70
(3,4,1,2) : 1
(3,4,1,2,0) : 56
(3,4,2) : 6
(3,4,2,0) : 1
(3,4,2,0,1) : 105
(3,4,2,1) : 4
(3,4,2,1,0) : 130
(4) : 1011
(4,0) : 7
(4,0,1) : 1
(4,0,1,2,3) : 15
(4,0,1,3,2) : 12
(4,0,2,1,3) : 13
(4,0,2,3,1) : 12
(4,0,3,1,2) : 11
(4,0,3,2,1) : 5
(4,1) : 27
(4,1,0) : 1
(4,1,0,2,3) : 18
(4,1,0,3,2) : 9
(4,1,2) : 2
(4,1,2,0,3) : 15
(4,1,2,3,0) : 19
(4,1,3) : 3
(4,1,3,0,2) : 12
(4,1,3,2,0) : 29
(4,2) : 13
(4,2,0) : 2
(4,2,0,1,3) : 31
(4,2,0,3) : 1
(4,2,0,3,1) : 12
(4,2,1) : 3
(4,2,1,0) : 1
(4,2,1,0,3) : 18
(4,2,1,3) : 1
(4,2,1,3,0) : 28
(4,2,3,0,1) : 5
(4,2,3,1,0) : 28
(4,3) : 21
(4,3,0,1) : 1
(4,3,0,1,2) : 20
(4,3,0,2,1) : 4
(4,3,1,0,2) : 22
(4,3,1,2,0) : 27
(4,3,2) : 1
(4,3,2,0,1) : 7
(4,3,2,1) : 1
(4,3,2,1,0) : 34
