0, 1, 2, 3, 4
CDP,NLT,LAB,GRN,LIB
-+-+-+-+-
() : 166
(0) : 877
(0,1) : 11
(0,1,2) : 3
(0,1,2,3,4) : 90
(0,1,2,4) : 1
(0,1,2,4,3) : 20
(0,1,3,2) : 3
(0,1,3,2,4) : 14
(0,1,3,4,2) : 13
(0,1,4,2,3) : 27
(0,1,4,3,2) : 7
(0,2) : 24
(0,2,1) : 1
(0,2,1,3,4) : 22
(0,2,1,4,3) : 19
(0,2,3) : 1
(0,2,3,1) : 1
(0,2,3,1,4) : 16
(0,2,3,4,1) : 13
(0,2,4) : 3
(0,2,4,1) : 2
(0,2,4,1,3) : 46
(0,2,4,3,1) : 26
(0,3) : 7
(0,3,1,2,4) : 9
(0,3,1,4,2) : 4
(0,3,2) : 2
(0,3,2,1,4) : 7
(0,3,2,4) : 1
(0,3,2,4,1) : 9
(0,3,4) : 1
(0,3,4,1,2) : 6
(0,3,4,2,1) : 2
(0,4) : 96
(0,4,1,2,3) : 89
(0,4,1,3,2) : 36
(0,4,2) : 12
(0,4,2,1,3) : 104
(0,4,2,3) : 1
(0,4,2,3,1) : 46
(0,4,3) : 1
(0,4,3,1,2) : 16
(0,4,3,2,1) : 15
(1) : 891
(1,0) : 9
(1,0,2) : 2
(1,0,2,3) : 1
(1,0,2,3,4) : 22
(1,0,2,4,3) : 15
(1,0,3) : 3
(1,0,3,2,4) : 24
(1,0,3,4,2) : 15
(1,0,4,2,3) : 13
(1,0,4,3,2) : 10
(1,2) : 21
(1,2,0,3,4) : 14
(1,2,0,4,3) : 6
(1,2,3) : 1
(1,2,3,0,4) : 25
(1,2,3,4) : 3
(1,2,3,4,0) : 34
(1,2,4) : 1
(1,2,4,0,3) : 17
(1,2,4,3,0) : 26
(1,3) : 14
(1,3,0,2,4) : 12
(1,3,0,4,2) : 9
(1,3,2) : 1
(1,3,2,0) : 1
(1,3,2,0,4) : 10
(1,3,2,4,0) : 27
(1,3,4,0,2) : 7
(1,3,4,2,0) : 12
(1,4) : 12
(1,4,0,2,3) : 13
(1,4,0,3) : 1
(1,4,0,3,2) : 5
(1,4,2) : 5
(1,4,2,0,3) : 8
(1,4,2,3) : 1
(1,4,2,3,0) : 18
(1,4,3,0,2) : 8
(1,4,3,2,0) : 22
(2) : 21910
(2,0) : 67
(2,0,1) : 8
(2,0,1,3) : 2
(2,0,1,3,4) : 259
(2,0,1,4) : 1
(2,0,1,4,3) : 56
(2,0,3) : 13
(2,0,3,1) : 3
(2,0,3,1,4) : 116
(2,0,3,4,1) : 46
(2,0,4) : 3
(2,0,4,1,3) : 66
(2,0,4,3,1) : 44
(2,1) : 109
(2,1,0) : 6
(2,1,0,3) : 3
(2,1,0,3,4) : 359
(2,1,0,4) : 1
(2,1,0,4,3) : 70
(2,1,3) : 14
(2,1,3,0) : 3
(2,1,3,0,4) : 307
(2,1,3,4) : 7
(2,1,3,4,0) : 188
(2,1,4) : 4
(2,1,4,0) : 1
(2,1,4,0,3) : 37
(2,1,4,3) : 1
(2,1,4,3,0) : 76
(2,3) : 871
(2,3,0) : 17
(2,3,0,1) : 7
(2,3,0,1,4) : 493
(2,3,0,4) : 3
(2,3,0,4,1) : 95
(2,3,1) : 51
(2,3,1,0) : 10
(2,3,1,0,4) : 1172
(2,3,1,4) : 4
(2,3,1,4,0) : 591
(2,3,4) : 40
(2,3,4,0) : 2
(2,3,4,0,1) : 194
(2,3,4,1) : 4
(2,3,4,1,0) : 648
(2,4) : 163
(2,4,0) : 5
(2,4,0,1) : 2
(2,4,0,1,3) : 111
(2,4,0,3) : 1
(2,4,0,3,1) : 46
(2,4,1) : 6
(2,4,1,0,3) : 98
(2,4,1,3) : 2
(2,4,1,3,0) : 121
(2,4,3) : 26
(2,4,3,0) : 1
(2,4,3,0,1) : 119
(2,4,3,1) : 5
(2,4,3,1,0) : 293
(3) : 2460
(3,0) : 7
(3,0,1) : 2
(3,0,1,2,4) : 35
(3,0,1,4,2) : 6
(3,0,2) : 1
(3,0,2,1,4) : 11
(3,0,2,4,1) : 6
(3,0,4,1,2) : 4
(3,0,4,2,1) : 2
(3,1) : 41
(3,1,0) : 2
(3,1,0,2,4) : 48
(3,1,0,4,2) : 18
(3,1,2) : 6
(3,1,2,0,4) : 42
(3,1,2,4) : 1
(3,1,2,4,0) : 64
(3,1,4,0,2) : 7
(3,1,4,2) : 1
(3,1,4,2,0) : 25
(3,2) : 856
(3,2,0) : 9
(3,2,0,1,4) : 109
(3,2,0,4,1) : 27
(3,2,1) : 22
(3,2,1,0,4) : 359
(3,2,1,4) : 1
(3,2,1,4,0) : 420
(3,2,4) : 28
(3,2,4,0,1) : 75
(3,2,4,1) : 1
(3,2,4,1,0) : 373
(3,4) : 36
(3,4,0,1,2) : 15
(3,4,0,2,1) : 5
(3,4,1,0,2) : 25
(3,4,1,2,0) : 30
(3,4,2) : 9
(3,4,2,0,1) : 15
(3,4,2,1) : 1
(3,4,2,1,0) : 121
(4) : 9302
(4,0) : 238
(4,0,1) : 5
(4,0,1,2) : 1
(4,0,1,2,3) : 311
(4,0,1,3,2) : 169
(4,0,2) : 6
(4,0,2,1,3) : 121
(4,0,2,3,1) : 60
(4,0,3) : 4
(4,0,3,1,2) : 37
(4,0,3,2) : 1
(4,0,3,2,1) : 27
(4,1) : 56
(4,1,0) : 4
(4,1,0,2,3) : 151
(4,1,0,3,2) : 149
(4,1,2,0,3) : 51
(4,1,2,3) : 2
(4,1,2,3,0) : 91
(4,1,3) : 2
(4,1,3,0,2) : 40
(4,1,3,2) : 1
(4,1,3,2,0) : 58
(4,2) : 158
(4,2,0) : 6
(4,2,0,1,3) : 103
(4,2,0,3,1) : 50
(4,2,1) : 4
(4,2,1,0) : 1
(4,2,1,0,3) : 113
(4,2,1,3) : 1
(4,2,1,3,0) : 95
(4,2,3) : 15
(4,2,3,0,1) : 66
(4,2,3,1) : 2
(4,2,3,1,0) : 209
(4,3) : 59
(4,3,0,1,2) : 62
(4,3,0,2) : 1
(4,3,0,2,1) : 16
(4,3,1) : 4
(4,3,1,0,2) : 77
(4,3,1,2,0) : 66
(4,3,2) : 16
(4,3,2,0,1) : 46
(4,3,2,1,0) : 224
