0, 1, 2, 3, 4
NLT,LAB,CDP,LIB,GRN
-+-+-+-+-
() : 126
(0) : 2227
(0,1) : 103
(0,1,2) : 9
(0,1,2,3) : 9
(0,1,2,3,4) : 292
(0,1,2,4,3) : 34
(0,1,3) : 6
(0,1,3,2) : 1
(0,1,3,2,4) : 44
(0,1,3,4) : 1
(0,1,3,4,2) : 40
(0,1,4) : 8
(0,1,4,2,3) : 37
(0,1,4,3,2) : 31
(0,2) : 27
(0,2,1,3,4) : 64
(0,2,1,4,3) : 19
(0,2,3) : 2
(0,2,3,1,4) : 12
(0,2,3,4,1) : 11
(0,2,4,1,3) : 19
(0,2,4,3,1) : 9
(0,3) : 36
(0,3,1) : 11
(0,3,1,2) : 1
(0,3,1,2,4) : 26
(0,3,1,4,2) : 17
(0,3,2) : 2
(0,3,2,1,4) : 15
(0,3,2,4) : 1
(0,3,2,4,1) : 6
(0,3,4) : 2
(0,3,4,1,2) : 21
(0,3,4,2,1) : 20
(0,4) : 25
(0,4,1) : 2
(0,4,1,2,3) : 24
(0,4,1,3,2) : 21
(0,4,2) : 1
(0,4,2,1,3) : 12
(0,4,2,3,1) : 6
(0,4,3) : 1
(0,4,3,1) : 1
(0,4,3,1,2) : 11
(0,4,3,2) : 1
(0,4,3,2,1) : 7
(1) : 17643
(1,0) : 278
(1,0,2) : 12
(1,0,2,3) : 9
(1,0,2,3,4) : 620
(1,0,2,4) : 2
(1,0,2,4,3) : 326
(1,0,3) : 16
(1,0,3,2) : 1
(1,0,3,2,4) : 136
(1,0,3,4) : 5
(1,0,3,4,2) : 128
(1,0,4) : 37
(1,0,4,2) : 6
(1,0,4,2,3) : 316
(1,0,4,3) : 6
(1,0,4,3,2) : 198
(1,2) : 194
(1,2,0) : 14
(1,2,0,3) : 3
(1,2,0,3,4) : 156
(1,2,0,4) : 1
(1,2,0,4,3) : 158
(1,2,3) : 14
(1,2,3,0) : 5
(1,2,3,0,4) : 88
(1,2,3,4) : 5
(1,2,3,4,0) : 179
(1,2,4) : 10
(1,2,4,0) : 7
(1,2,4,0,3) : 139
(1,2,4,3) : 5
(1,2,4,3,0) : 77
(1,3) : 307
(1,3,0) : 13
(1,3,0,2) : 2
(1,3,0,2,4) : 153
(1,3,0,4) : 3
(1,3,0,4,2) : 123
(1,3,2) : 13
(1,3,2,0) : 2
(1,3,2,0,4) : 139
(1,3,2,4) : 1
(1,3,2,4,0) : 147
(1,3,4) : 29
(1,3,4,0) : 8
(1,3,4,0,2) : 244
(1,3,4,2) : 4
(1,3,4,2,0) : 233
(1,4) : 584
(1,4,0) : 46
(1,4,0,2) : 10
(1,4,0,2,3) : 657
(1,4,0,3,2) : 283
(1,4,2) : 13
(1,4,2,0) : 4
(1,4,2,0,3) : 297
(1,4,2,3) : 4
(1,4,2,3,0) : 72
(1,4,3) : 34
(1,4,3,0) : 6
(1,4,3,0,2) : 230
(1,4,3,2) : 6
(1,4,3,2,0) : 205
(2) : 2792
(2,0) : 49
(2,0,1) : 5
(2,0,1,3,4) : 43
(2,0,1,4,3) : 20
(2,0,3) : 5
(2,0,3,1) : 1
(2,0,3,1,4) : 24
(2,0,3,4,1) : 6
(2,0,4) : 2
(2,0,4,1,3) : 19
(2,0,4,3,1) : 11
(2,1) : 114
(2,1,0) : 2
(2,1,0,3) : 1
(2,1,0,3,4) : 57
(2,1,0,4) : 2
(2,1,0,4,3) : 41
(2,1,3) : 9
(2,1,3,0) : 4
(2,1,3,0,4) : 58
(2,1,3,4,0) : 48
(2,1,4) : 2
(2,1,4,0,3) : 29
(2,1,4,3,0) : 14
(2,3) : 632
(2,3,0) : 11
(2,3,0,1,4) : 90
(2,3,0,4,1) : 32
(2,3,1) : 26
(2,3,1,0) : 2
(2,3,1,0,4) : 130
(2,3,1,4) : 1
(2,3,1,4,0) : 38
(2,3,4) : 5
(2,3,4,0) : 1
(2,3,4,0,1) : 28
(2,3,4,1,0) : 45
(2,4) : 20
(2,4,0) : 1
(2,4,0,1,3) : 22
(2,4,0,3,1) : 4
(2,4,1) : 2
(2,4,1,0,3) : 11
(2,4,1,3,0) : 13
(2,4,3) : 1
(2,4,3,0,1) : 10
(2,4,3,1,0) : 16
(3) : 8167
(3,0) : 98
(3,0,1) : 4
(3,0,1,2,4) : 113
(3,0,1,4) : 3
(3,0,1,4,2) : 38
(3,0,2) : 9
(3,0,2,1) : 2
(3,0,2,1,4) : 69
(3,0,2,4) : 1
(3,0,2,4,1) : 81
(3,0,4,1,2) : 39
(3,0,4,2,1) : 61
(3,1) : 193
(3,1,0) : 13
(3,1,0,2,4) : 175
(3,1,0,4) : 3
(3,1,0,4,2) : 78
(3,1,2) : 17
(3,1,2,0,4) : 106
(3,1,2,4,0) : 84
(3,1,4) : 12
(3,1,4,0) : 6
(3,1,4,0,2) : 100
(3,1,4,2) : 1
(3,1,4,2,0) : 100
(3,2) : 423
(3,2,0) : 10
(3,2,0,1) : 2
(3,2,0,1,4) : 142
(3,2,0,4,1) : 121
(3,2,1) : 11
(3,2,1,0) : 3
(3,2,1,0,4) : 185
(3,2,1,4) : 3
(3,2,1,4,0) : 83
(3,2,4) : 1
(3,2,4,0,1) : 58
(3,2,4,1) : 2
(3,2,4,1,0) : 66
(3,4) : 57
(3,4,0) : 2
(3,4,0,1) : 2
(3,4,0,1,2) : 43
(3,4,0,2) : 1
(3,4,0,2,1) : 33
(3,4,1) : 5
(3,4,1,0) : 1
(3,4,1,0,2) : 57
(3,4,1,2) : 1
(3,4,1,2,0) : 38
(3,4,2) : 3
(3,4,2,0) : 1
(3,4,2,0,1) : 55
(3,4,2,1) : 2
(3,4,2,1,0) : 93
(4) : 1395
(4,0) : 29
(4,0,1) : 6
(4,0,1,2,3) : 40
(4,0,1,3,2) : 49
(4,0,2) : 3
(4,0,2,1,3) : 27
(4,0,2,3,1) : 14
(4,0,3,1,2) : 15
(4,0,3,2,1) : 18
(4,1) : 143
(4,1,0) : 12
(4,1,0,2) : 1
(4,1,0,2,3) : 97
(4,1,0,3,2) : 93
(4,1,2) : 2
(4,1,2,0,3) : 30
(4,1,2,3) : 1
(4,1,2,3,0) : 23
(4,1,3) : 12
(4,1,3,0) : 1
(4,1,3,0,2) : 93
(4,1,3,2) : 2
(4,1,3,2,0) : 28
(4,2) : 19
(4,2,0) : 1
(4,2,0,1,3) : 26
(4,2,0,3,1) : 5
(4,2,1) : 1
(4,2,1,0) : 1
(4,2,1,0,3) : 9
(4,2,1,3) : 2
(4,2,1,3,0) : 6
(4,2,3) : 1
(4,2,3,0,1) : 4
(4,2,3,1,0) : 22
(4,3) : 18
(4,3,0,1) : 1
(4,3,0,1,2) : 12
(4,3,0,2,1) : 13
(4,3,1) : 6
(4,3,1,0) : 1
(4,3,1,0,2) : 41
(4,3,1,2,0) : 12
(4,3,2) : 2
(4,3,2,0,1) : 21
(4,3,2,1,0) : 46
