0, 1, 2, 3, 4
GRN,CDP,LIB,NLT,LAB
-+-+-+-+-
() : 81
(0) : 1360
(0,1) : 18
(0,1,2) : 4
(0,1,2,3) : 4
(0,1,2,3,4) : 87
(0,1,2,4) : 1
(0,1,2,4,3) : 7
(0,1,3) : 1
(0,1,3,2,4) : 16
(0,1,3,4,2) : 18
(0,1,4) : 1
(0,1,4,2) : 1
(0,1,4,2,3) : 4
(0,1,4,3,2) : 11
(0,2) : 30
(0,2,1) : 3
(0,2,1,3,4) : 19
(0,2,1,4,3) : 8
(0,2,3,1,4) : 10
(0,2,3,4,1) : 20
(0,2,4) : 6
(0,2,4,1,3) : 19
(0,2,4,3,1) : 61
(0,3) : 24
(0,3,1) : 2
(0,3,1,2,4) : 20
(0,3,1,4,2) : 11
(0,3,2) : 1
(0,3,2,1,4) : 7
(0,3,2,4,1) : 21
(0,3,4) : 2
(0,3,4,1,2) : 28
(0,3,4,2,1) : 45
(0,4) : 173
(0,4,1,2,3) : 19
(0,4,1,3) : 1
(0,4,1,3,2) : 34
(0,4,2) : 13
(0,4,2,1) : 1
(0,4,2,1,3) : 37
(0,4,2,3) : 1
(0,4,2,3,1) : 125
(0,4,3) : 7
(0,4,3,1) : 2
(0,4,3,1,2) : 110
(0,4,3,2,1) : 158
(1) : 728
(1,0) : 5
(1,0,2,3) : 1
(1,0,2,3,4) : 15
(1,0,2,4,3) : 10
(1,0,3,2,4) : 8
(1,0,3,4,2) : 12
(1,0,4,2,3) : 5
(1,0,4,3,2) : 2
(1,2) : 176
(1,2,0) : 1
(1,2,0,3,4) : 20
(1,2,0,4,3) : 11
(1,2,3) : 2
(1,2,3,0,4) : 27
(1,2,3,4) : 1
(1,2,3,4,0) : 133
(1,2,4) : 1
(1,2,4,0,3) : 47
(1,2,4,3,0) : 95
(1,3) : 10
(1,3,0,2,4) : 3
(1,3,0,4,2) : 5
(1,3,2,0,4) : 4
(1,3,2,4,0) : 24
(1,3,4,0,2) : 8
(1,3,4,2,0) : 10
(1,4) : 15
(1,4,0,2,3) : 8
(1,4,0,3,2) : 7
(1,4,2) : 1
(1,4,2,0,3) : 1
(1,4,2,3,0) : 23
(1,4,3,0,2) : 5
(1,4,3,2,0) : 16
(2) : 23893
(2,0) : 111
(2,0,1) : 2
(2,0,1,3) : 1
(2,0,1,3,4) : 152
(2,0,1,4,3) : 27
(2,0,3) : 2
(2,0,3,1) : 1
(2,0,3,1,4) : 88
(2,0,3,4,1) : 68
(2,0,4) : 23
(2,0,4,1) : 1
(2,0,4,1,3) : 59
(2,0,4,3,1) : 165
(2,1) : 1111
(2,1,0) : 5
(2,1,0,3) : 2
(2,1,0,3,4) : 166
(2,1,0,4) : 1
(2,1,0,4,3) : 56
(2,1,3) : 23
(2,1,3,0) : 1
(2,1,3,0,4) : 257
(2,1,3,4) : 2
(2,1,3,4,0) : 392
(2,1,4) : 13
(2,1,4,0) : 2
(2,1,4,0,3) : 111
(2,1,4,3,0) : 169
(2,3) : 202
(2,3,0) : 4
(2,3,0,1) : 3
(2,3,0,1,4) : 156
(2,3,0,4) : 1
(2,3,0,4,1) : 89
(2,3,1) : 6
(2,3,1,0) : 1
(2,3,1,0,4) : 244
(2,3,1,4) : 1
(2,3,1,4,0) : 209
(2,3,4) : 13
(2,3,4,0,1) : 114
(2,3,4,1) : 1
(2,3,4,1,0) : 199
(2,4) : 270
(2,4,0) : 24
(2,4,0,1,3) : 175
(2,4,0,3) : 1
(2,4,0,3,1) : 283
(2,4,1) : 11
(2,4,1,0) : 1
(2,4,1,0,3) : 104
(2,4,1,3) : 1
(2,4,1,3,0) : 84
(2,4,3) : 9
(2,4,3,0) : 1
(2,4,3,0,1) : 180
(2,4,3,1) : 3
(2,4,3,1,0) : 249
(3) : 1032
(3,0) : 13
(3,0,1,2,4) : 13
(3,0,1,4,2) : 9
(3,0,2) : 1
(3,0,2,1,4) : 4
(3,0,2,4,1) : 13
(3,0,4) : 1
(3,0,4,1,2) : 14
(3,0,4,2) : 2
(3,0,4,2,1) : 14
(3,1) : 9
(3,1,0) : 1
(3,1,0,2) : 1
(3,1,0,2,4) : 18
(3,1,0,4,2) : 10
(3,1,2) : 2
(3,1,2,0,4) : 4
(3,1,2,4) : 1
(3,1,2,4,0) : 13
(3,1,4) : 1
(3,1,4,0,2) : 2
(3,1,4,2,0) : 8
(3,2) : 33
(3,2,0) : 2
(3,2,0,1,4) : 17
(3,2,0,4,1) : 10
(3,2,1) : 3
(3,2,1,0,4) : 13
(3,2,1,4,0) : 15
(3,2,4) : 5
(3,2,4,0,1) : 24
(3,2,4,1,0) : 33
(3,4) : 31
(3,4,0) : 4
(3,4,0,1,2) : 20
(3,4,0,2,1) : 21
(3,4,1,0,2) : 10
(3,4,1,2,0) : 8
(3,4,2) : 3
(3,4,2,0,1) : 25
(3,4,2,1) : 1
(3,4,2,1,0) : 49
(4) : 9361
(4,0) : 304
(4,0,1) : 4
(4,0,1,2) : 1
(4,0,1,2,3) : 72
(4,0,1,3) : 3
(4,0,1,3,2) : 253
(4,0,2) : 22
(4,0,2,1,3) : 97
(4,0,2,3) : 1
(4,0,2,3,1) : 216
(4,0,3) : 27
(4,0,3,1) : 1
(4,0,3,1,2) : 479
(4,0,3,2) : 2
(4,0,3,2,1) : 300
(4,1) : 34
(4,1,0) : 5
(4,1,0,2,3) : 33
(4,1,0,3) : 1
(4,1,0,3,2) : 71
(4,1,2) : 2
(4,1,2,0,3) : 16
(4,1,2,3,0) : 31
(4,1,3) : 1
(4,1,3,0,2) : 45
(4,1,3,2,0) : 30
(4,2) : 166
(4,2,0) : 17
(4,2,0,1,3) : 111
(4,2,0,3) : 1
(4,2,0,3,1) : 171
(4,2,1) : 8
(4,2,1,0) : 2
(4,2,1,0,3) : 56
(4,2,1,3,0) : 39
(4,2,3) : 6
(4,2,3,0) : 3
(4,2,3,0,1) : 87
(4,2,3,1) : 1
(4,2,3,1,0) : 122
(4,3) : 116
(4,3,0) : 14
(4,3,0,1) : 1
(4,3,0,1,2) : 260
(4,3,0,2) : 1
(4,3,0,2,1) : 101
(4,3,1) : 2
(4,3,1,0) : 3
(4,3,1,0,2) : 154
(4,3,1,2) : 2
(4,3,1,2,0) : 43
(4,3,2) : 5
(4,3,2,0,1) : 73
(4,3,2,1,0) : 128
