0, 1, 2, 3, 4, 5, 6
IND,GRN,NLT,CLP,CDP,NP,IND
-+-+-+-+-
() : 209
(0) : 8563
(0,1) : 98
(0,1,2) : 7
(0,1,2,3) : 2
(0,1,2,3,4) : 3
(0,1,2,3,4,5) : 2
(0,1,2,3,4,5,6) : 280
(0,1,2,3,4,6) : 1
(0,1,2,3,4,6,5) : 163
(0,1,2,3,5,4) : 1
(0,1,2,3,5,4,6) : 10
(0,1,2,3,5,6,4) : 8
(0,1,2,3,6) : 1
(0,1,2,3,6,4,5) : 35
(0,1,2,3,6,5,4) : 12
(0,1,2,4) : 1
(0,1,2,4,3,5,6) : 6
(0,1,2,4,3,6,5) : 11
(0,1,2,4,5) : 1
(0,1,2,4,5,3,6) : 2
(0,1,2,4,5,6,3) : 7
(0,1,2,4,6,3,5) : 13
(0,1,2,4,6,5,3) : 5
(0,1,2,5,3,4,6) : 4
(0,1,2,5,3,6,4) : 3
(0,1,2,5,4,3,6) : 4
(0,1,2,5,6,3,4) : 1
(0,1,2,5,6,4,3) : 7
(0,1,2,6,3,4,5) : 19
(0,1,2,6,3,5,4) : 5
(0,1,2,6,4) : 1
(0,1,2,6,4,3,5) : 9
(0,1,2,6,4,5,3) : 4
(0,1,2,6,5,3,4) : 2
(0,1,2,6,5,4,3) : 3
(0,1,3) : 45
(0,1,3,2) : 2
(0,1,3,2,4,5) : 2
(0,1,3,2,4,5,6) : 46
(0,1,3,2,4,6,5) : 135
(0,1,3,2,5,4) : 2
(0,1,3,2,5,4,6) : 14
(0,1,3,2,5,6,4) : 16
(0,1,3,2,6,4) : 1
(0,1,3,2,6,4,5) : 88
(0,1,3,2,6,5) : 1
(0,1,3,2,6,5,4) : 46
(0,1,3,4) : 4
(0,1,3,4,2) : 1
(0,1,3,4,2,5) : 1
(0,1,3,4,2,5,6) : 23
(0,1,3,4,2,6,5) : 50
(0,1,3,4,5) : 1
(0,1,3,4,5,2,6) : 9
(0,1,3,4,5,6) : 2
(0,1,3,4,5,6,2) : 9
(0,1,3,4,6) : 1
(0,1,3,4,6,2) : 1
(0,1,3,4,6,2,5) : 30
(0,1,3,4,6,5) : 1
(0,1,3,4,6,5,2) : 7
(0,1,3,5) : 10
(0,1,3,5,2,4,6) : 27
(0,1,3,5,2,6,4) : 29
(0,1,3,5,4,2,6) : 10
(0,1,3,5,4,6) : 1
(0,1,3,5,4,6,2) : 8
(0,1,3,5,6,2) : 2
(0,1,3,5,6,2,4) : 22
(0,1,3,5,6,4,2) : 19
(0,1,3,6) : 1
(0,1,3,6,2) : 1
(0,1,3,6,2,4) : 1
(0,1,3,6,2,4,5) : 86
(0,1,3,6,2,5,4) : 41
(0,1,3,6,4) : 1
(0,1,3,6,4,2,5) : 21
(0,1,3,6,4,5,2) : 2
(0,1,3,6,5,2,4) : 12
(0,1,3,6,5,4,2) : 11
(0,1,4) : 4
(0,1,4,2,3,5,6) : 10
(0,1,4,2,3,6,5) : 7
(0,1,4,2,5,3,6) : 2
(0,1,4,2,6,3,5) : 3
(0,1,4,2,6,5) : 1
(0,1,4,2,6,5,3) : 2
(0,1,4,3,2,5,6) : 6
(0,1,4,3,2,6,5) : 14
(0,1,4,3,5) : 1
(0,1,4,3,5,2,6) : 8
(0,1,4,3,5,6,2) : 4
(0,1,4,3,6,2,5) : 10
(0,1,4,5) : 1
(0,1,4,5,2,3,6) : 4
(0,1,4,5,2,6,3) : 2
(0,1,4,5,3,2,6) : 6
(0,1,4,5,3,6,2) : 2
(0,1,4,5,6,2,3) : 2
(0,1,4,5,6,3,2) : 1
(0,1,4,6,2,3,5) : 9
(0,1,4,6,2,5,3) : 1
(0,1,4,6,3,2) : 1
(0,1,4,6,3,2,5) : 3
(0,1,4,6,3,5) : 1
(0,1,4,6,5,2,3) : 1
(0,1,4,6,5,3,2) : 1
(0,1,5) : 24
(0,1,5,2,3,4,6) : 15
(0,1,5,2,3,6,4) : 12
(0,1,5,2,4) : 1
(0,1,5,2,4,3,6) : 1
(0,1,5,2,6,3) : 2
(0,1,5,2,6,3,4) : 2
(0,1,5,2,6,4,3) : 1
(0,1,5,3) : 1
(0,1,5,3,2,4,6) : 11
(0,1,5,3,2,6) : 1
(0,1,5,3,2,6,4) : 19
(0,1,5,3,4,2,6) : 9
(0,1,5,3,4,6,2) : 4
(0,1,5,3,6,2) : 1
(0,1,5,3,6,2,4) : 9
(0,1,5,3,6,4,2) : 10
(0,1,5,4,2,3,6) : 3
(0,1,5,4,2,6,3) : 3
(0,1,5,4,3) : 1
(0,1,5,4,3,2,6) : 14
(0,1,5,4,3,6,2) : 2
(0,1,5,4,6,2,3) : 3
(0,1,5,4,6,3,2) : 2
(0,1,5,6,2,3,4) : 7
(0,1,5,6,2,4,3) : 1
(0,1,5,6,3,2,4) : 4
(0,1,5,6,3,4,2) : 4
(0,1,5,6,4,2,3) : 3
(0,1,5,6,4,3,2) : 6
(0,1,6) : 1
(0,1,6,2,3,4,5) : 26
(0,1,6,2,3,5,4) : 7
(0,1,6,2,4,3,5) : 7
(0,1,6,2,4,5,3) : 2
(0,1,6,2,5,3,4) : 2
(0,1,6,2,5,4,3) : 2
(0,1,6,3,2,4,5) : 20
(0,1,6,3,2,5,4) : 9
(0,1,6,3,4,2,5) : 9
(0,1,6,3,5,2,4) : 4
(0,1,6,3,5,4,2) : 1
(0,1,6,4,2,3,5) : 4
(0,1,6,4,2,5,3) : 1
(0,1,6,4,3,2,5) : 10
(0,1,6,4,3,5,2) : 2
(0,1,6,5) : 1
(0,1,6,5,2,3,4) : 3
(0,1,6,5,2,4,3) : 1
(0,1,6,5,3,2,4) : 3
(0,1,6,5,3,4) : 1
(0,1,6,5,3,4,2) : 1
(0,1,6,5,4,2,3) : 2
(0,1,6,5,4,3,2) : 2
(0,2) : 26
(0,2,1) : 2
(0,2,1,3,4,5) : 1
(0,2,1,3,4,5,6) : 33
(0,2,1,3,4,6,5) : 28
(0,2,1,3,5,4,6) : 7
(0,2,1,3,5,6,4) : 3
(0,2,1,3,6,4,5) : 13
(0,2,1,3,6,5,4) : 2
(0,2,1,4,3,5,6) : 8
(0,2,1,4,3,6,5) : 12
(0,2,1,4,5,3,6) : 1
(0,2,1,4,5,6,3) : 1
(0,2,1,4,6,3,5) : 4
(0,2,1,4,6,5,3) : 1
(0,2,1,5,3,4,6) : 2
(0,2,1,5,3,6,4) : 3
(0,2,1,5,6,3,4) : 1
(0,2,1,5,6,4,3) : 1
(0,2,1,6,3,4,5) : 4
(0,2,1,6,3,5,4) : 1
(0,2,1,6,4,3,5) : 7
(0,2,1,6,5,3,4) : 2
(0,2,1,6,5,4,3) : 2
(0,2,3) : 5
(0,2,3,1) : 1
(0,2,3,1,4,5,6) : 13
(0,2,3,1,4,6,5) : 21
(0,2,3,1,5,4,6) : 5
(0,2,3,1,5,6,4) : 2
(0,2,3,1,6,4) : 1
(0,2,3,1,6,4,5) : 13
(0,2,3,1,6,5) : 1
(0,2,3,1,6,5,4) : 4
(0,2,3,4,1,5,6) : 11
(0,2,3,4,1,6,5) : 8
(0,2,3,4,5) : 1
(0,2,3,4,5,1,6) : 3
(0,2,3,4,5,6) : 1
(0,2,3,4,5,6,1) : 10
(0,2,3,4,6,1,5) : 13
(0,2,3,4,6,5,1) : 5
(0,2,3,5) : 1
(0,2,3,5,1,4,6) : 2
(0,2,3,5,1,6) : 2
(0,2,3,5,1,6,4) : 1
(0,2,3,5,4,1,6) : 4
(0,2,3,5,4,6) : 1
(0,2,3,5,4,6,1) : 3
(0,2,3,5,6,1,4) : 4
(0,2,3,5,6,4,1) : 11
(0,2,3,6) : 1
(0,2,3,6,1,4,5) : 13
(0,2,3,6,1,5,4) : 3
(0,2,3,6,4,1,5) : 10
(0,2,3,6,4,5,1) : 2
(0,2,3,6,5,4) : 1
(0,2,3,6,5,4,1) : 8
(0,2,4) : 3
(0,2,4,1,3,5,6) : 8
(0,2,4,1,3,6,5) : 3
(0,2,4,1,5,3,6) : 2
(0,2,4,1,5,6,3) : 2
(0,2,4,1,6,3,5) : 1
(0,2,4,1,6,5,3) : 1
(0,2,4,3,1,5,6) : 4
(0,2,4,3,1,6,5) : 7
(0,2,4,3,5,1,6) : 1
(0,2,4,3,5,6,1) : 3
(0,2,4,3,6,1,5) : 3
(0,2,4,3,6,5,1) : 1
(0,2,4,5,1,3,6) : 2
(0,2,4,5,1,6,3) : 1
(0,2,4,5,6,3,1) : 11
(0,2,4,6) : 1
(0,2,4,6,1,3,5) : 12
(0,2,4,6,1,5,3) : 2
(0,2,4,6,3,1,5) : 11
(0,2,4,6,3,5,1) : 2
(0,2,4,6,5,1,3) : 5
(0,2,4,6,5,3,1) : 14
(0,2,5) : 2
(0,2,5,1,3,4,6) : 3
(0,2,5,1,3,6,4) : 1
(0,2,5,1,4,3,6) : 1
(0,2,5,1,4,6,3) : 1
(0,2,5,1,6,3,4) : 3
(0,2,5,3,1,4) : 1
(0,2,5,3,1,4,6) : 3
(0,2,5,3,4,1,6) : 1
(0,2,5,3,4,6,1) : 3
(0,2,5,3,6,1,4) : 2
(0,2,5,3,6,4,1) : 2
(0,2,5,4,3,1) : 1
(0,2,5,4,3,1,6) : 3
(0,2,5,4,3,6,1) : 1
(0,2,5,4,6,1,3) : 2
(0,2,5,4,6,3,1) : 4
(0,2,5,6) : 1
(0,2,5,6,1,3,4) : 3
(0,2,5,6,3,1,4) : 2
(0,2,5,6,3,4,1) : 3
(0,2,5,6,4,1,3) : 3
(0,2,5,6,4,3,1) : 10
(0,2,6) : 2
(0,2,6,1,3,4,5) : 6
(0,2,6,1,3,5,4) : 3
(0,2,6,1,4,3,5) : 4
(0,2,6,1,4,5,3) : 1
(0,2,6,1,5,4,3) : 2
(0,2,6,3,1) : 1
(0,2,6,3,1,4,5) : 1
(0,2,6,3,1,5,4) : 3
(0,2,6,3,4,1) : 1
(0,2,6,3,4,1,5) : 9
(0,2,6,3,4,5,1) : 2
(0,2,6,3,5,1,4) : 1
(0,2,6,3,5,4,1) : 3
(0,2,6,4,1,3,5) : 8
(0,2,6,4,1,5,3) : 2
(0,2,6,4,3) : 1
(0,2,6,4,3,1,5) : 9
(0,2,6,4,3,5,1) : 1
(0,2,6,4,5,1) : 1
(0,2,6,4,5,1,3) : 2
(0,2,6,4,5,3,1) : 2
(0,2,6,5,1,3,4) : 2
(0,2,6,5,1,4,3) : 1
(0,2,6,5,3,1,4) : 1
(0,2,6,5,3,4,1) : 1
(0,2,6,5,4,1,3) : 1
(0,2,6,5,4,3,1) : 6
(0,3) : 148
(0,3,1) : 40
(0,3,1,2) : 5
(0,3,1,2,4) : 1
(0,3,1,2,4,5,6) : 83
(0,3,1,2,4,6,5) : 218
(0,3,1,2,5,4,6) : 23
(0,3,1,2,5,6,4) : 15
(0,3,1,2,6) : 1
(0,3,1,2,6,4,5) : 130
(0,3,1,2,6,5,4) : 38
(0,3,1,4) : 1
(0,3,1,4,2) : 1
(0,3,1,4,2,5,6) : 10
(0,3,1,4,2,6,5) : 82
(0,3,1,4,5) : 1
(0,3,1,4,5,2,6) : 11
(0,3,1,4,5,6) : 2
(0,3,1,4,5,6,2) : 3
(0,3,1,4,6,2,5) : 56
(0,3,1,4,6,5) : 2
(0,3,1,4,6,5,2) : 4
(0,3,1,5) : 5
(0,3,1,5,2,4,6) : 19
(0,3,1,5,2,6) : 4
(0,3,1,5,2,6,4) : 19
(0,3,1,5,4,2,6) : 26
(0,3,1,5,4,6) : 1
(0,3,1,5,4,6,2) : 13
(0,3,1,5,6,2) : 2
(0,3,1,5,6,2,4) : 22
(0,3,1,5,6,4) : 1
(0,3,1,5,6,4,2) : 11
(0,3,1,6) : 3
(0,3,1,6,2,4,5) : 103
(0,3,1,6,2,5,4) : 33
(0,3,1,6,4,2,5) : 44
(0,3,1,6,4,5) : 1
(0,3,1,6,4,5,2) : 4
(0,3,1,6,5,2,4) : 11
(0,3,1,6,5,4,2) : 9
(0,3,2) : 5
(0,3,2,1) : 4
(0,3,2,1,4,5) : 1
(0,3,2,1,4,5,6) : 34
(0,3,2,1,4,6) : 1
(0,3,2,1,4,6,5) : 61
(0,3,2,1,5,4,6) : 11
(0,3,2,1,5,6,4) : 5
(0,3,2,1,6,4,5) : 34
(0,3,2,1,6,5) : 2
(0,3,2,1,6,5,4) : 7
(0,3,2,4) : 1
(0,3,2,4,1) : 1
(0,3,2,4,1,5,6) : 8
(0,3,2,4,1,6,5) : 16
(0,3,2,4,5,1,6) : 2
(0,3,2,4,5,6) : 1
(0,3,2,4,5,6,1) : 7
(0,3,2,4,6,1,5) : 31
(0,3,2,4,6,5,1) : 10
(0,3,2,5,1,4,6) : 7
(0,3,2,5,1,6,4) : 3
(0,3,2,5,4,1,6) : 4
(0,3,2,5,4,6,1) : 4
(0,3,2,5,6,1) : 2
(0,3,2,5,6,1,4) : 8
(0,3,2,5,6,4,1) : 8
(0,3,2,6) : 1
(0,3,2,6,1,4,5) : 22
(0,3,2,6,1,5,4) : 6
(0,3,2,6,4,1,5) : 25
(0,3,2,6,4,5,1) : 3
(0,3,2,6,5,1,4) : 4
(0,3,2,6,5,4,1) : 8
(0,3,4) : 9
(0,3,4,1,2) : 2
(0,3,4,1,2,5) : 1
(0,3,4,1,2,5,6) : 7
(0,3,4,1,2,6) : 1
(0,3,4,1,2,6,5) : 44
(0,3,4,1,5,2,6) : 6
(0,3,4,1,5,6,2) : 4
(0,3,4,1,6,2,5) : 8
(0,3,4,1,6,5,2) : 2
(0,3,4,2,1,5,6) : 9
(0,3,4,2,1,6,5) : 15
(0,3,4,2,5,1,6) : 5
(0,3,4,2,5,6,1) : 2
(0,3,4,2,6,1,5) : 12
(0,3,4,2,6,5,1) : 4
(0,3,4,5) : 1
(0,3,4,5,1,2,6) : 6
(0,3,4,5,1,6) : 1
(0,3,4,5,1,6,2) : 1
(0,3,4,5,2,1,6) : 6
(0,3,4,5,2,6,1) : 2
(0,3,4,5,6) : 3
(0,3,4,5,6,1,2) : 5
(0,3,4,5,6,2,1) : 14
(0,3,4,6) : 1
(0,3,4,6,1,2,5) : 8
(0,3,4,6,2,1,5) : 21
(0,3,4,6,2,5,1) : 5
(0,3,4,6,5,1,2) : 1
(0,3,4,6,5,2,1) : 9
(0,3,5) : 9
(0,3,5,1) : 2
(0,3,5,1,2,4) : 2
(0,3,5,1,2,4,6) : 58
(0,3,5,1,2,6,4) : 27
(0,3,5,1,4,2,6) : 6
(0,3,5,1,4,6,2) : 9
(0,3,5,1,6,2) : 1
(0,3,5,1,6,2,4) : 13
(0,3,5,1,6,4,2) : 4
(0,3,5,2) : 1
(0,3,5,2,1,4,6) : 12
(0,3,5,2,1,6) : 4
(0,3,5,2,1,6,4) : 5
(0,3,5,2,4,1) : 1
(0,3,5,2,4,1,6) : 4
(0,3,5,2,4,6,1) : 7
(0,3,5,2,6,1) : 2
(0,3,5,2,6,1,4) : 7
(0,3,5,2,6,4,1) : 13
(0,3,5,4,1,2,6) : 6
(0,3,5,4,1,6,2) : 3
(0,3,5,4,2,1,6) : 7
(0,3,5,4,2,6,1) : 3
(0,3,5,4,6,1,2) : 2
(0,3,5,4,6,2,1) : 8
(0,3,5,6,1,2) : 1
(0,3,5,6,1,2,4) : 12
(0,3,5,6,1,4,2) : 1
(0,3,5,6,2,1) : 3
(0,3,5,6,2,1,4) : 17
(0,3,5,6,2,4,1) : 10
(0,3,5,6,4,1) : 1
(0,3,5,6,4,1,2) : 3
(0,3,5,6,4,2,1) : 30
(0,3,6) : 3
(0,3,6,1,2,4,5) : 68
(0,3,6,1,2,5,4) : 7
(0,3,6,1,4,2,5) : 10
(0,3,6,1,4,5,2) : 3
(0,3,6,1,5,2) : 1
(0,3,6,1,5,2,4) : 4
(0,3,6,1,5,4,2) : 3
(0,3,6,2) : 2
(0,3,6,2,1,4) : 1
(0,3,6,2,1,4,5) : 35
(0,3,6,2,1,5,4) : 5
(0,3,6,2,4,1,5) : 21
(0,3,6,2,4,5,1) : 7
(0,3,6,2,5) : 1
(0,3,6,2,5,1,4) : 1
(0,3,6,2,5,4) : 1
(0,3,6,2,5,4,1) : 2
(0,3,6,4,1,2,5) : 18
(0,3,6,4,1,5) : 1
(0,3,6,4,1,5,2) : 1
(0,3,6,4,2,1,5) : 32
(0,3,6,4,2,5,1) : 3
(0,3,6,4,5,1,2) : 4
(0,3,6,4,5,2,1) : 3
(0,3,6,5,1,2) : 1
(0,3,6,5,1,2,4) : 9
(0,3,6,5,1,4,2) : 4
(0,3,6,5,2,1,4) : 3
(0,3,6,5,2,4,1) : 5
(0,3,6,5,4,1,2) : 1
(0,3,6,5,4,2,1) : 8
(0,4) : 28
(0,4,1) : 1
(0,4,1,2,3,5,6) : 8
(0,4,1,2,3,6,5) : 15
(0,4,1,2,5,3,6) : 2
(0,4,1,2,5,6,3) : 5
(0,4,1,2,6,3,5) : 7
(0,4,1,2,6,5,3) : 3
(0,4,1,3) : 1
(0,4,1,3,2,5,6) : 4
(0,4,1,3,2,6) : 1
(0,4,1,3,2,6,5) : 12
(0,4,1,3,5,2,6) : 4
(0,4,1,3,5,6,2) : 1
(0,4,1,3,6,2,5) : 7
(0,4,1,3,6,5,2) : 1
(0,4,1,5,2,3,6) : 6
(0,4,1,5,2,6,3) : 1
(0,4,1,5,3,2,6) : 2
(0,4,1,5,3,6,2) : 1
(0,4,1,5,6,3,2) : 3
(0,4,1,6,2,3,5) : 4
(0,4,1,6,2,5,3) : 1
(0,4,1,6,3,2,5) : 3
(0,4,1,6,5,2,3) : 1
(0,4,2) : 2
(0,4,2,1,3,5,6) : 4
(0,4,2,1,3,6,5) : 5
(0,4,2,1,5,3,6) : 1
(0,4,2,1,5,6,3) : 1
(0,4,2,1,6,3,5) : 2
(0,4,2,1,6,5) : 1
(0,4,2,3,1,5,6) : 2
(0,4,2,3,1,6,5) : 5
(0,4,2,3,5,1,6) : 2
(0,4,2,3,5,6,1) : 1
(0,4,2,3,6,1,5) : 5
(0,4,2,3,6,5,1) : 3
(0,4,2,5,1,3,6) : 3
(0,4,2,5,3,1,6) : 1
(0,4,2,5,3,6,1) : 2
(0,4,2,5,6,1,3) : 2
(0,4,2,5,6,3,1) : 4
(0,4,2,6,1,3,5) : 9
(0,4,2,6,1,5,3) : 2
(0,4,2,6,3,1,5) : 3
(0,4,2,6,3,5,1) : 2
(0,4,2,6,5,1,3) : 4
(0,4,2,6,5,3,1) : 13
(0,4,3) : 3
(0,4,3,1,2,5,6) : 5
(0,4,3,1,2,6,5) : 13
(0,4,3,1,5,2,6) : 7
(0,4,3,1,5,6,2) : 2
(0,4,3,1,6,2,5) : 1
(0,4,3,1,6,5) : 1
(0,4,3,2,1,5,6) : 4
(0,4,3,2,1,6) : 1
(0,4,3,2,1,6,5) : 6
(0,4,3,2,5,1,6) : 2
(0,4,3,2,5,6,1) : 2
(0,4,3,2,6,1,5) : 5
(0,4,3,2,6,5,1) : 2
(0,4,3,5) : 1
(0,4,3,5,1,2,6) : 7
(0,4,3,5,2,1,6) : 2
(0,4,3,5,6,1) : 1
(0,4,3,5,6,1,2) : 4
(0,4,3,5,6,2,1) : 8
(0,4,3,6,1,2,5) : 4
(0,4,3,6,2,1,5) : 4
(0,4,3,6,2,5,1) : 3
(0,4,3,6,5,1,2) : 1
(0,4,3,6,5,2,1) : 1
(0,4,5) : 8
(0,4,5,1) : 1
(0,4,5,1,2,3,6) : 7
(0,4,5,1,2,6,3) : 3
(0,4,5,1,3,2,6) : 7
(0,4,5,1,6,2,3) : 1
(0,4,5,2,1,3,6) : 6
(0,4,5,2,1,6) : 2
(0,4,5,2,1,6,3) : 1
(0,4,5,2,3,1,6) : 3
(0,4,5,2,3,6,1) : 7
(0,4,5,2,6,1,3) : 5
(0,4,5,2,6,3,1) : 6
(0,4,5,3) : 1
(0,4,5,3,1,2,6) : 6
(0,4,5,3,1,6,2) : 2
(0,4,5,3,2,1,6) : 6
(0,4,5,3,2,6,1) : 2
(0,4,5,3,6,1,2) : 1
(0,4,5,3,6,2,1) : 6
(0,4,5,6,1,2,3) : 5
(0,4,5,6,1,3,2) : 1
(0,4,5,6,2,1,3) : 4
(0,4,5,6,2,3,1) : 9
(0,4,5,6,3,2) : 1
(0,4,5,6,3,2,1) : 9
(0,4,6,1,2,3) : 2
(0,4,6,1,2,3,5) : 10
(0,4,6,1,2,5,3) : 6
(0,4,6,1,3,2,5) : 2
(0,4,6,1,5,2,3) : 1
(0,4,6,2,1,3,5) : 5
(0,4,6,2,3,1,5) : 2
(0,4,6,2,3,5,1) : 7
(0,4,6,2,5,1) : 1
(0,4,6,2,5,1,3) : 1
(0,4,6,2,5,3,1) : 6
(0,4,6,3,1,2,5) : 2
(0,4,6,3,2,1,5) : 11
(0,4,6,3,2,5,1) : 2
(0,4,6,3,5,1,2) : 1
(0,4,6,3,5,2,1) : 3
(0,4,6,5,1,2,3) : 2
(0,4,6,5,2,1,3) : 2
(0,4,6,5,2,3,1) : 3
(0,4,6,5,3,1,2) : 1
(0,4,6,5,3,2,1) : 6
(0,5) : 589
(0,5,1) : 21
(0,5,1,2) : 4
(0,5,1,2,3) : 1
(0,5,1,2,3,4) : 2
(0,5,1,2,3,4,6) : 138
(0,5,1,2,3,6) : 4
(0,5,1,2,3,6,4) : 31
(0,5,1,2,4,3) : 2
(0,5,1,2,4,3,6) : 14
(0,5,1,2,4,6) : 1
(0,5,1,2,4,6,3) : 13
(0,5,1,2,6,3,4) : 8
(0,5,1,2,6,4,3) : 15
(0,5,1,3) : 9
(0,5,1,3,2) : 1
(0,5,1,3,2,4) : 1
(0,5,1,3,2,4,6) : 67
(0,5,1,3,2,6) : 1
(0,5,1,3,2,6,4) : 24
(0,5,1,3,4,2,6) : 32
(0,5,1,3,4,6) : 1
(0,5,1,3,4,6,2) : 9
(0,5,1,3,6,2,4) : 31
(0,5,1,3,6,4,2) : 6
(0,5,1,4) : 1
(0,5,1,4,2,3,6) : 6
(0,5,1,4,2,6,3) : 3
(0,5,1,4,3,2) : 1
(0,5,1,4,3,2,6) : 17
(0,5,1,4,3,6) : 1
(0,5,1,4,3,6,2) : 2
(0,5,1,4,6,2,3) : 3
(0,5,1,4,6,3,2) : 7
(0,5,1,6) : 1
(0,5,1,6,2,3,4) : 10
(0,5,1,6,2,4,3) : 7
(0,5,1,6,3,2,4) : 6
(0,5,1,6,3,4,2) : 3
(0,5,1,6,4,2,3) : 3
(0,5,1,6,4,3,2) : 15
(0,5,2) : 6
(0,5,2,1,3,4) : 1
(0,5,2,1,3,4,6) : 38
(0,5,2,1,3,6,4) : 6
(0,5,2,1,4,3,6) : 6
(0,5,2,1,4,6) : 1
(0,5,2,1,4,6,3) : 5
(0,5,2,1,6,3,4) : 5
(0,5,2,1,6,4,3) : 4
(0,5,2,3) : 1
(0,5,2,3,1) : 1
(0,5,2,3,1,4,6) : 12
(0,5,2,3,1,6,4) : 8
(0,5,2,3,4,1) : 1
(0,5,2,3,4,1,6) : 12
(0,5,2,3,4,6,1) : 26
(0,5,2,3,6,1) : 4
(0,5,2,3,6,1,4) : 6
(0,5,2,3,6,4,1) : 15
(0,5,2,4) : 1
(0,5,2,4,1,3,6) : 3
(0,5,2,4,1,6,3) : 1
(0,5,2,4,3,1,6) : 10
(0,5,2,4,3,6,1) : 5
(0,5,2,4,6,1) : 1
(0,5,2,4,6,1,3) : 4
(0,5,2,4,6,3,1) : 23
(0,5,2,6,1,3,4) : 11
(0,5,2,6,1,4,3) : 2
(0,5,2,6,3,1,4) : 3
(0,5,2,6,3,4,1) : 11
(0,5,2,6,4,1,3) : 9
(0,5,2,6,4,3,1) : 23
(0,5,3) : 34
(0,5,3,1) : 3
(0,5,3,1,2,4) : 1
(0,5,3,1,2,4,6) : 87
(0,5,3,1,2,6) : 4
(0,5,3,1,2,6,4) : 39
(0,5,3,1,4,2) : 2
(0,5,3,1,4,2,6) : 16
(0,5,3,1,4,6) : 1
(0,5,3,1,4,6,2) : 5
(0,5,3,1,6,2) : 1
(0,5,3,1,6,2,4) : 21
(0,5,3,1,6,4) : 1
(0,5,3,1,6,4,2) : 15
(0,5,3,2) : 1
(0,5,3,2,1,4,6) : 39
(0,5,3,2,1,6,4) : 25
(0,5,3,2,4,1,6) : 9
(0,5,3,2,4,6) : 1
(0,5,3,2,4,6,1) : 21
(0,5,3,2,6,1) : 1
(0,5,3,2,6,1,4) : 15
(0,5,3,2,6,4) : 2
(0,5,3,2,6,4,1) : 40
(0,5,3,4) : 2
(0,5,3,4,1,2,6) : 11
(0,5,3,4,1,6,2) : 3
(0,5,3,4,2) : 1
(0,5,3,4,2,1) : 1
(0,5,3,4,2,1,6) : 12
(0,5,3,4,2,6,1) : 15
(0,5,3,4,6,1,2) : 2
(0,5,3,4,6,2,1) : 19
(0,5,3,6) : 1
(0,5,3,6,1,2,4) : 22
(0,5,3,6,1,4,2) : 6
(0,5,3,6,2,1) : 5
(0,5,3,6,2,1,4) : 24
(0,5,3,6,2,4,1) : 18
(0,5,3,6,4,1,2) : 4
(0,5,3,6,4,2,1) : 19
(0,5,4) : 23
(0,5,4,1) : 1
(0,5,4,1,2,3,6) : 30
(0,5,4,1,2,6,3) : 5
(0,5,4,1,3,2,6) : 10
(0,5,4,1,3,6,2) : 3
(0,5,4,1,6,2,3) : 6
(0,5,4,1,6,3,2) : 3
(0,5,4,2,1,3,6) : 19
(0,5,4,2,1,6) : 1
(0,5,4,2,1,6,3) : 7
(0,5,4,2,3,1,6) : 10
(0,5,4,2,3,6,1) : 8
(0,5,4,2,6,1) : 3
(0,5,4,2,6,1,3) : 5
(0,5,4,2,6,3,1) : 25
(0,5,4,3) : 1
(0,5,4,3,1,2,6) : 14
(0,5,4,3,1,6,2) : 6
(0,5,4,3,2,1,6) : 37
(0,5,4,3,2,6) : 1
(0,5,4,3,2,6,1) : 10
(0,5,4,3,6,1,2) : 7
(0,5,4,3,6,2,1) : 14
(0,5,4,6,1,2,3) : 11
(0,5,4,6,2,1) : 1
(0,5,4,6,2,1,3) : 9
(0,5,4,6,2,3,1) : 25
(0,5,4,6,3) : 1
(0,5,4,6,3,1,2) : 2
(0,5,4,6,3,2) : 1
(0,5,4,6,3,2,1) : 23
(0,5,6) : 4
(0,5,6,1,2,3,4) : 33
(0,5,6,1,2,4,3) : 4
(0,5,6,1,3,2) : 2
(0,5,6,1,3,2,4) : 6
(0,5,6,1,3,4,2) : 4
(0,5,6,1,4,2,3) : 3
(0,5,6,1,4,3,2) : 1
(0,5,6,2,1,3,4) : 7
(0,5,6,2,1,4,3) : 7
(0,5,6,2,3,1,4) : 4
(0,5,6,2,3,4,1) : 14
(0,5,6,2,4,1,3) : 6
(0,5,6,2,4,3,1) : 15
(0,5,6,3,1,2,4) : 8
(0,5,6,3,1,4,2) : 3
(0,5,6,3,2,1) : 2
(0,5,6,3,2,1,4) : 13
(0,5,6,3,2,4,1) : 8
(0,5,6,3,4,1,2) : 1
(0,5,6,3,4,2,1) : 11
(0,5,6,4,1,2,3) : 6
(0,5,6,4,1,3,2) : 3
(0,5,6,4,2) : 2
(0,5,6,4,2,1,3) : 13
(0,5,6,4,2,3,1) : 16
(0,5,6,4,3,1,2) : 5
(0,5,6,4,3,2) : 1
(0,5,6,4,3,2,1) : 73
(0,6) : 25
(0,6,1) : 2
(0,6,1,2,3,4) : 1
(0,6,1,2,3,4,5) : 33
(0,6,1,2,3,5,4) : 3
(0,6,1,2,4,3,5) : 10
(0,6,1,2,5,3,4) : 1
(0,6,1,2,5,4,3) : 1
(0,6,1,3,2) : 1
(0,6,1,3,2,4,5) : 9
(0,6,1,3,4,2,5) : 2
(0,6,1,3,4,5,2) : 1
(0,6,1,3,5,2,4) : 2
(0,6,1,3,5,4,2) : 2
(0,6,1,4,2,3,5) : 5
(0,6,1,4,3,2,5) : 5
(0,6,1,4,3,5,2) : 2
(0,6,1,4,5,2,3) : 1
(0,6,1,4,5,3,2) : 1
(0,6,1,5,2,4,3) : 2
(0,6,1,5,3,2,4) : 2
(0,6,1,5,3,4,2) : 1
(0,6,1,5,4,3) : 1
(0,6,2) : 1
(0,6,2,1,3,4,5) : 13
(0,6,2,1,3,5,4) : 3
(0,6,2,1,4,3,5) : 2
(0,6,2,1,4,5,3) : 2
(0,6,2,1,5,4,3) : 1
(0,6,2,3,1,4,5) : 7
(0,6,2,3,1,5,4) : 1
(0,6,2,3,4,1,5) : 12
(0,6,2,3,4,5,1) : 6
(0,6,2,3,5,4,1) : 7
(0,6,2,4) : 1
(0,6,2,4,1,3,5) : 5
(0,6,2,4,1,5,3) : 3
(0,6,2,4,3,1,5) : 11
(0,6,2,4,3,5,1) : 2
(0,6,2,4,5,1) : 1
(0,6,2,4,5,1,3) : 2
(0,6,2,4,5,3,1) : 4
(0,6,2,5,1,3,4) : 2
(0,6,2,5,1,4) : 1
(0,6,2,5,3,1,4) : 1
(0,6,2,5,4,1,3) : 2
(0,6,2,5,4,3,1) : 4
(0,6,3,1,2,4,5) : 22
(0,6,3,1,2,5,4) : 4
(0,6,3,1,4,2,5) : 2
(0,6,3,1,4,5,2) : 3
(0,6,3,1,5,2) : 1
(0,6,3,1,5,4,2) : 1
(0,6,3,2,1,4,5) : 14
(0,6,3,2,1,5,4) : 2
(0,6,3,2,4,1,5) : 7
(0,6,3,2,4,5,1) : 3
(0,6,3,2,5,1,4) : 1
(0,6,3,2,5,4,1) : 4
(0,6,3,4,1,2,5) : 6
(0,6,3,4,1,5,2) : 1
(0,6,3,4,2,1,5) : 3
(0,6,3,4,5,1,2) : 2
(0,6,3,4,5,2,1) : 2
(0,6,3,5,1,2) : 1
(0,6,3,5,1,2,4) : 1
(0,6,3,5,2,1,4) : 1
(0,6,3,5,4,1,2) : 1
(0,6,3,5,4,2,1) : 3
(0,6,4) : 1
(0,6,4,1,2,3,5) : 3
(0,6,4,1,5,2,3) : 1
(0,6,4,2,1,3,5) : 11
(0,6,4,2,1,5,3) : 1
(0,6,4,2,3,1,5) : 2
(0,6,4,2,3,5,1) : 3
(0,6,4,2,5,1) : 1
(0,6,4,2,5,1,3) : 1
(0,6,4,2,5,3,1) : 2
(0,6,4,3,2,1,5) : 11
(0,6,4,3,5,2,1) : 2
(0,6,4,5,1,2,3) : 1
(0,6,4,5,2,1,3) : 1
(0,6,4,5,2,3,1) : 2
(0,6,4,5,3,2,1) : 2
(0,6,5) : 2
(0,6,5,1,2,3,4) : 4
(0,6,5,1,2,4,3) : 2
(0,6,5,1,3,2,4) : 2
(0,6,5,1,3,4,2) : 1
(0,6,5,2) : 1
(0,6,5,2,1,3,4) : 2
(0,6,5,2,1,4,3) : 1
(0,6,5,2,3,1,4) : 2
(0,6,5,2,3,4,1) : 7
(0,6,5,2,4,3,1) : 8
(0,6,5,3,1,2,4) : 3
(0,6,5,3,2,1,4) : 1
(0,6,5,3,2,4,1) : 1
(0,6,5,3,4,1,2) : 2
(0,6,5,4,1,2,3) : 1
(0,6,5,4,2,1,3) : 4
(0,6,5,4,2,3,1) : 5
(0,6,5,4,3,1,2) : 1
(0,6,5,4,3,2,1) : 13
(1) : 508
(1,0) : 35
(1,0,2,3) : 1
(1,0,2,3,4,5,6) : 6
(1,0,2,3,4,6,5) : 1
(1,0,2,3,5,4,6) : 1
(1,0,2,3,5,6,4) : 1
(1,0,2,3,6,4,5) : 3
(1,0,2,3,6,5,4) : 4
(1,0,2,4,3,5,6) : 1
(1,0,2,4,3,6,5) : 1
(1,0,2,4,5,6,3) : 1
(1,0,2,4,6,3,5) : 1
(1,0,2,4,6,5,3) : 1
(1,0,2,5,3,6,4) : 1
(1,0,2,6,3,4,5) : 3
(1,0,2,6,5,3,4) : 2
(1,0,3) : 38
(1,0,3,2) : 1
(1,0,3,2,4,5,6) : 6
(1,0,3,2,4,6,5) : 5
(1,0,3,2,5,4,6) : 5
(1,0,3,2,5,6,4) : 8
(1,0,3,2,6,4,5) : 10
(1,0,3,2,6,5,4) : 13
(1,0,3,4,2,5,6) : 3
(1,0,3,4,2,6,5) : 3
(1,0,3,4,5,2,6) : 3
(1,0,3,4,5,6,2) : 2
(1,0,3,4,6,2,5) : 1
(1,0,3,5) : 2
(1,0,3,5,2,4,6) : 3
(1,0,3,5,2,6,4) : 8
(1,0,3,5,4,2,6) : 2
(1,0,3,5,4,6,2) : 1
(1,0,3,5,6,2,4) : 8
(1,0,3,5,6,4,2) : 5
(1,0,3,6) : 1
(1,0,3,6,2,4,5) : 13
(1,0,3,6,2,5,4) : 7
(1,0,3,6,4,2,5) : 3
(1,0,3,6,5,2,4) : 4
(1,0,4,2,3,5,6) : 1
(1,0,4,2,6,3,5) : 1
(1,0,4,5,3,2,6) : 2
(1,0,4,6,2,3,5) : 1
(1,0,5) : 6
(1,0,5,2,3,4,6) : 1
(1,0,5,3) : 1
(1,0,5,3,2,4,6) : 3
(1,0,5,3,2,6,4) : 6
(1,0,5,3,4,2,6) : 1
(1,0,5,3,4,6,2) : 1
(1,0,5,3,6,2,4) : 3
(1,0,5,3,6,4,2) : 1
(1,0,5,4,2,3,6) : 1
(1,0,5,6,2,3,4) : 1
(1,0,5,6,3,2,4) : 4
(1,0,5,6,3,4,2) : 3
(1,0,5,6,4,3,2) : 1
(1,0,6) : 4
(1,0,6,2,3,4,5) : 3
(1,0,6,2,3,5,4) : 1
(1,0,6,2,4,3,5) : 1
(1,0,6,3,2,4,5) : 8
(1,0,6,3,2,5,4) : 6
(1,0,6,3,4,2,5) : 1
(1,0,6,3,4,5,2) : 1
(1,0,6,3,5,4,2) : 1
(1,0,6,5) : 1
(1,0,6,5,3,2,4) : 2
(1,0,6,5,3,4,2) : 1
(1,2) : 3
(1,2,0) : 2
(1,2,0,3,4,5,6) : 4
(1,2,0,3,5,4) : 1
(1,2,0,3,5,4,6) : 1
(1,2,0,3,5,6,4) : 1
(1,2,0,3,6,5,4) : 1
(1,2,0,4,3,6,5) : 1
(1,2,3) : 2
(1,2,3,0,4,5,6) : 1
(1,2,3,0,4,6,5) : 2
(1,2,3,0,5,6,4) : 1
(1,2,3,4,0,5) : 1
(1,2,3,4,5,6,0) : 2
(1,2,3,4,6,0,5) : 1
(1,2,3,4,6,5,0) : 1
(1,2,3,5,0,6,4) : 1
(1,2,3,6,4,5,0) : 1
(1,2,4,0,3,5,6) : 1
(1,2,4,3,0,5,6) : 1
(1,2,4,6,0,3,5) : 1
(1,2,4,6,3,5,0) : 1
(1,2,5) : 1
(1,2,6,4,3,0,5) : 1
(1,3) : 21
(1,3,0) : 9
(1,3,0,2,4,6,5) : 3
(1,3,0,2,5,4,6) : 4
(1,3,0,2,5,6,4) : 1
(1,3,0,2,6,5,4) : 3
(1,3,0,4,2,5,6) : 3
(1,3,0,4,5,2,6) : 1
(1,3,0,4,5,6) : 1
(1,3,0,5,2,4,6) : 1
(1,3,0,5,2,6,4) : 7
(1,3,0,5,4,2,6) : 4
(1,3,0,5,4,6,2) : 1
(1,3,0,5,6,2,4) : 3
(1,3,0,5,6,4,2) : 2
(1,3,0,6) : 1
(1,3,0,6,2,4,5) : 5
(1,3,0,6,2,5,4) : 2
(1,3,0,6,5,2,4) : 2
(1,3,0,6,5,4,2) : 1
(1,3,2) : 2
(1,3,2,0,4,5,6) : 1
(1,3,2,0,5,6,4) : 2
(1,3,2,0,6,5,4) : 1
(1,3,2,4,5,6,0) : 1
(1,3,2,4,6) : 1
(1,3,2,6,4,5) : 1
(1,3,4,0) : 1
(1,3,4,0,2,5,6) : 3
(1,3,4,2,6,0,5) : 1
(1,3,4,5,0,2,6) : 1
(1,3,4,6,2,5,0) : 1
(1,3,4,6,5,0) : 2
(1,3,5) : 2
(1,3,5,0,2,4,6) : 2
(1,3,5,0,2,6,4) : 3
(1,3,5,0,6,2,4) : 2
(1,3,5,2,0,6) : 1
(1,3,5,2,4,6,0) : 1
(1,3,5,2,6,0) : 1
(1,3,5,2,6,4,0) : 1
(1,3,5,6,0,2,4) : 1
(1,3,5,6,2,4,0) : 1
(1,3,6,0,2,5,4) : 4
(1,3,6,2,0,4,5) : 1
(1,3,6,2,4,5,0) : 1
(1,3,6,5,0,2) : 1
(1,3,6,5,0,4,2) : 1
(1,4,0,3,2,6,5) : 1
(1,4,2,3,0,6,5) : 1
(1,4,2,3,5,6) : 1
(1,4,2,5,3,6,0) : 1
(1,4,2,6,5,3,0) : 1
(1,4,5,3,2,6,0) : 1
(1,4,6,0,3,2,5) : 1
(1,5) : 16
(1,5,0) : 3
(1,5,0,2,3,4) : 1
(1,5,0,2,3,4,6) : 4
(1,5,0,2,3,6,4) : 2
(1,5,0,2,4,6,3) : 2
(1,5,0,2,6) : 1
(1,5,0,2,6,3,4) : 1
(1,5,0,3) : 1
(1,5,0,3,2,4,6) : 3
(1,5,0,3,2,6,4) : 7
(1,5,0,3,4,2,6) : 2
(1,5,0,3,6,2,4) : 3
(1,5,0,3,6,4,2) : 1
(1,5,0,4,2,3,6) : 2
(1,5,0,4,6) : 1
(1,5,0,4,6,2,3) : 1
(1,5,2,0,3,6,4) : 2
(1,5,2,0,6,4,3) : 1
(1,5,2,3,6,4,0) : 1
(1,5,3) : 1
(1,5,3,0,2,4,6) : 2
(1,5,3,0,2,6,4) : 3
(1,5,3,0,4,6) : 1
(1,5,3,0,6,2,4) : 1
(1,5,3,2,4,6,0) : 1
(1,5,3,4,0,2,6) : 1
(1,5,3,4,2,0,6) : 2
(1,5,3,6,4,0,2) : 1
(1,5,3,6,4,2,0) : 1
(1,5,4,2,3,0,6) : 1
(1,5,4,3,2,0,6) : 1
(1,5,4,3,2,6,0) : 1
(1,5,4,6,3,2,0) : 1
(1,5,6,2,4,0,3) : 1
(1,5,6,3,0,2,4) : 1
(1,5,6,3,4,2,0) : 2
(1,6) : 4
(1,6,0,2,3,4,5) : 1
(1,6,0,2,3,5,4) : 1
(1,6,0,3,5,2,4) : 1
(1,6,0,3,5,4,2) : 1
(1,6,0,5,3,2,4) : 2
(1,6,2,0,3,4,5) : 1
(1,6,2,4,5,0) : 1
(1,6,3,0,4,2,5) : 1
(1,6,3,0,5,2,4) : 1
(1,6,3,4,5,0,2) : 1
(1,6,5) : 1
(1,6,5,0,2,3,4) : 1
(1,6,5,3,0,2,4) : 1
(1,6,5,3,4,2,0) : 1
(2) : 218
(2,0) : 3
(2,0,1,3,4,5,6) : 1
(2,0,1,3,4,6,5) : 1
(2,0,1,3,5,6,4) : 1
(2,0,1,4,3,5,6) : 1
(2,0,1,5,4,3,6) : 1
(2,0,3,4,5,6,1) : 2
(2,0,3,5,1,4,6) : 2
(2,0,3,6,4,5,1) : 2
(2,0,4,1,5,3,6) : 1
(2,0,5,3,6,1,4) : 2
(2,0,5,4,1) : 1
(2,0,6,4,1,3,5) : 1
(2,0,6,5,3,4,1) : 1
(2,0,6,5,4,3,1) : 1
(2,1) : 1
(2,1,0,3,4,5,6) : 1
(2,1,0,3,5,4,6) : 1
(2,1,0,3,6,4,5) : 1
(2,1,0,6,5,3,4) : 1
(2,1,3,0,4,6,5) : 1
(2,1,3,0,6,4,5) : 1
(2,1,3,4,0,5,6) : 2
(2,1,3,4,5,6,0) : 1
(2,1,3,4,6,0,5) : 2
(2,1,3,4,6,5,0) : 1
(2,1,3,5,6,4,0) : 1
(2,1,5,0,6,4,3) : 1
(2,1,5,6,3,0,4) : 1
(2,1,6,4,0,5,3) : 1
(2,3) : 4
(2,3,0,1,4,5,6) : 1
(2,3,0,1,6,5,4) : 2
(2,3,0,5,6,4,1) : 1
(2,3,1,0,4,5,6) : 1
(2,3,1,0,4,6,5) : 1
(2,3,1,0,5,4,6) : 1
(2,3,1,4,0,5,6) : 1
(2,3,1,6,0,4,5) : 1
(2,3,4,1,0,5,6) : 1
(2,3,4,1,0,6,5) : 1
(2,3,4,1,6,5,0) : 1
(2,3,4,5,6,1,0) : 1
(2,3,4,6,1,0,5) : 2
(2,3,5,0,1,4,6) : 1
(2,3,5,1,0,6,4) : 1
(2,3,5,4,0,1,6) : 1
(2,3,5,6,0,1,4) : 1
(2,3,6) : 1
(2,3,6,0,4,5,1) : 1
(2,3,6,4,5,1,0) : 1
(2,4) : 1
(2,4,0,1,6,3,5) : 1
(2,4,0,6,5,3,1) : 1
(2,4,5,6,3,1,0) : 1
(2,5) : 4
(2,5,0) : 1
(2,5,0,4,3) : 1
(2,5,0,4,6,1,3) : 1
(2,5,0,4,6,3) : 1
(2,5,0,4,6,3,1) : 1
(2,5,1,0,6,3,4) : 1
(2,5,1,4,3,0,6) : 1
(2,5,3,1,6,0,4) : 1
(2,5,3,6,4,0,1) : 1
(2,5,4,0) : 1
(2,5,4,0,1,6,3) : 1
(2,5,6) : 1
(2,5,6,1,3,4) : 1
(2,5,6,3,1,0,4) : 1
(2,6) : 2
(2,6,0) : 1
(2,6,0,1,3,4,5) : 1
(2,6,1,3,0,5,4) : 1
(2,6,3,5,0,1,4) : 1
(2,6,3,5,1,0,4) : 1
(2,6,4,1,0,3,5) : 1
(2,6,4,3,5,1,0) : 1
(2,6,4,5,0,3,1) : 1
(2,6,4,5,3,1,0) : 1
(2,6,5,0,1,3,4) : 1
(2,6,5,0,3,1,4) : 1
(2,6,5,3,0,4,1) : 1
(2,6,5,4,3,0) : 1
(3) : 1493
(3,0) : 65
(3,0,1) : 10
(3,0,1,2) : 2
(3,0,1,2,4,5,6) : 35
(3,0,1,2,4,6,5) : 29
(3,0,1,2,5,4,6) : 6
(3,0,1,2,5,6,4) : 10
(3,0,1,2,6,4,5) : 15
(3,0,1,2,6,5,4) : 8
(3,0,1,4) : 7
(3,0,1,4,2,5,6) : 2
(3,0,1,4,2,6,5) : 10
(3,0,1,4,5,2,6) : 1
(3,0,1,4,5,6,2) : 3
(3,0,1,4,6,2,5) : 270
(3,0,1,4,6,5) : 2
(3,0,1,4,6,5,2) : 3
(3,0,1,5,2,4,6) : 9
(3,0,1,5,2,6) : 1
(3,0,1,5,2,6,4) : 7
(3,0,1,5,4,6) : 1
(3,0,1,5,4,6,2) : 3
(3,0,1,5,6,2,4) : 3
(3,0,1,5,6,4,2) : 4
(3,0,1,6) : 1
(3,0,1,6,2,4,5) : 13
(3,0,1,6,2,5,4) : 7
(3,0,1,6,4) : 1
(3,0,1,6,4,2,5) : 6
(3,0,1,6,4,5,2) : 1
(3,0,1,6,5,2,4) : 7
(3,0,1,6,5,4,2) : 3
(3,0,2) : 2
(3,0,2,1,4,5,6) : 5
(3,0,2,1,4,6,5) : 7
(3,0,2,1,5,4,6) : 1
(3,0,2,1,5,6,4) : 2
(3,0,2,1,6) : 1
(3,0,2,1,6,4,5) : 8
(3,0,2,1,6,5,4) : 4
(3,0,2,4,1,6,5) : 5
(3,0,2,4,5,6,1) : 3
(3,0,2,4,6,1,5) : 3
(3,0,2,5,1,4,6) : 2
(3,0,2,5,1,6,4) : 1
(3,0,2,5,4,6,1) : 1
(3,0,2,5,6,1) : 1
(3,0,2,5,6,1,4) : 1
(3,0,2,6,1,4,5) : 1
(3,0,2,6,1,5,4) : 1
(3,0,2,6,4,1,5) : 2
(3,0,2,6,4,5,1) : 2
(3,0,2,6,5,1,4) : 1
(3,0,2,6,5,4,1) : 2
(3,0,4) : 1
(3,0,4,1,2,5,6) : 1
(3,0,4,1,2,6,5) : 2
(3,0,4,1,6,2,5) : 2
(3,0,4,2,1,5,6) : 1
(3,0,4,2,1,6,5) : 1
(3,0,4,2,6,1,5) : 2
(3,0,4,2,6,5,1) : 1
(3,0,4,5,1,2,6) : 1
(3,0,4,5,2,1,6) : 1
(3,0,4,5,2,6,1) : 1
(3,0,4,5,6,1,2) : 1
(3,0,4,5,6,2,1) : 1
(3,0,4,6,2,1,5) : 1
(3,0,4,6,5,2,1) : 2
(3,0,5) : 19
(3,0,5,1) : 2
(3,0,5,1,2,4,6) : 12
(3,0,5,1,2,6,4) : 7
(3,0,5,1,4,2,6) : 2
(3,0,5,1,4,6,2) : 2
(3,0,5,1,6,2) : 1
(3,0,5,1,6,2,4) : 3
(3,0,5,1,6,4) : 1
(3,0,5,1,6,4,2) : 3
(3,0,5,2,1,4,6) : 2
(3,0,5,2,1,6) : 2
(3,0,5,2,1,6,4) : 4
(3,0,5,2,4,1,6) : 3
(3,0,5,2,4,6,1) : 1
(3,0,5,2,6,1,4) : 2
(3,0,5,2,6,4,1) : 6
(3,0,5,4,1,2,6) : 2
(3,0,5,4,2,1,6) : 2
(3,0,5,4,2,6,1) : 2
(3,0,5,4,6,1,2) : 4
(3,0,5,4,6,2,1) : 2
(3,0,5,6,1,2,4) : 8
(3,0,5,6,2,1) : 4
(3,0,5,6,2,1,4) : 3
(3,0,5,6,2,4,1) : 3
(3,0,5,6,4,1,2) : 1
(3,0,5,6,4,2,1) : 17
(3,0,6,1,2,4,5) : 6
(3,0,6,1,2,5,4) : 3
(3,0,6,1,4,2,5) : 2
(3,0,6,1,5,4,2) : 2
(3,0,6,2,1,4,5) : 3
(3,0,6,2,1,5) : 1
(3,0,6,2,4,5,1) : 1
(3,0,6,2,5,1,4) : 2
(3,0,6,4,1,2,5) : 2
(3,0,6,4,2,1,5) : 3
(3,0,6,4,2,5,1) : 1
(3,0,6,5,1,2,4) : 1
(3,0,6,5,2,1,4) : 2
(3,0,6,5,2,4,1) : 3
(3,0,6,5,4,2,1) : 5
(3,1) : 20
(3,1,0) : 16
(3,1,0,2) : 1
(3,1,0,2,4) : 1
(3,1,0,2,4,5,6) : 13
(3,1,0,2,4,6,5) : 6
(3,1,0,2,5,4,6) : 2
(3,1,0,2,5,6,4) : 4
(3,1,0,2,6,4,5) : 5
(3,1,0,2,6,5,4) : 4
(3,1,0,4,2,5) : 1
(3,1,0,4,2,6,5) : 3
(3,1,0,4,5,6,2) : 1
(3,1,0,4,6) : 1
(3,1,0,4,6,2,5) : 6
(3,1,0,5) : 1
(3,1,0,5,2,4) : 1
(3,1,0,5,2,4,6) : 1
(3,1,0,5,2,6) : 1
(3,1,0,5,2,6,4) : 4
(3,1,0,5,4,2,6) : 1
(3,1,0,5,6,4,2) : 2
(3,1,0,6,2,4,5) : 7
(3,1,0,6,2,5,4) : 3
(3,1,0,6,4,2,5) : 4
(3,1,0,6,5,2,4) : 2
(3,1,0,6,5,4,2) : 1
(3,1,2,0) : 1
(3,1,2,0,4,5,6) : 2
(3,1,2,0,4,6,5) : 2
(3,1,2,0,5,4,6) : 1
(3,1,2,0,5,6,4) : 4
(3,1,2,0,6,4,5) : 1
(3,1,2,4,0,5,6) : 1
(3,1,2,4,0,6,5) : 1
(3,1,2,4,5,0,6) : 1
(3,1,2,4,6,0,5) : 1
(3,1,2,5,6,4,0) : 1
(3,1,2,6,0,4,5) : 1
(3,1,2,6,4,0,5) : 1
(3,1,2,6,4,5,0) : 1
(3,1,2,6,5,4,0) : 1
(3,1,4,0,2,6,5) : 1
(3,1,4,0,5,2,6) : 1
(3,1,4,0,6,2,5) : 2
(3,1,4,2,0,5,6) : 2
(3,1,4,2,0,6,5) : 1
(3,1,4,2,5,0,6) : 1
(3,1,4,2,6,0,5) : 1
(3,1,4,2,6,5,0) : 1
(3,1,4,6,0,5) : 1
(3,1,4,6,2,0,5) : 2
(3,1,4,6,2,5,0) : 1
(3,1,4,6,5,0,2) : 1
(3,1,4,6,5,2,0) : 1
(3,1,5) : 3
(3,1,5,0) : 1
(3,1,5,0,2,4,6) : 1
(3,1,5,0,2,6,4) : 2
(3,1,5,0,4,2,6) : 1
(3,1,5,0,4,6,2) : 1
(3,1,5,0,6) : 1
(3,1,5,0,6,2) : 1
(3,1,5,2,4,6,0) : 2
(3,1,5,4,2,0,6) : 1
(3,1,5,6,2,4,0) : 1
(3,1,5,6,4,2,0) : 1
(3,1,6) : 2
(3,1,6,0,2,4,5) : 2
(3,1,6,0,4,2,5) : 1
(3,1,6,2,0,4,5) : 2
(3,1,6,2,4,0,5) : 2
(3,1,6,4,0,2,5) : 1
(3,1,6,4,2,0,5) : 2
(3,1,6,5,0,2,4) : 1
(3,1,6,5,2,4,0) : 1
(3,1,6,5,4,2,0) : 1
(3,2) : 5
(3,2,0) : 1
(3,2,0,1,4,6,5) : 2
(3,2,0,1,5,6,4) : 1
(3,2,0,1,6,4,5) : 1
(3,2,0,1,6,5,4) : 1
(3,2,0,5,1,4,6) : 1
(3,2,0,5,4,6,1) : 2
(3,2,0,5,6,4) : 1
(3,2,0,5,6,4,1) : 2
(3,2,0,6,1,4,5) : 1
(3,2,0,6,4,1,5) : 2
(3,2,0,6,5,4,1) : 1
(3,2,1) : 2
(3,2,1,0) : 1
(3,2,1,0,4,5) : 1
(3,2,1,0,4,5,6) : 4
(3,2,1,0,4,6,5) : 4
(3,2,1,0,5,4,6) : 2
(3,2,1,0,6,4,5) : 4
(3,2,1,0,6,5) : 1
(3,2,1,4,5,6) : 1
(3,2,1,4,5,6,0) : 2
(3,2,1,4,6,0,5) : 4
(3,2,1,4,6,5,0) : 1
(3,2,1,5,6,0) : 1
(3,2,1,5,6,0,4) : 1
(3,2,1,6,5,0,4) : 1
(3,2,1,6,5,4,0) : 1
(3,2,4,0,1,6,5) : 1
(3,2,4,0,5,6,1) : 1
(3,2,4,1,0,6,5) : 1
(3,2,4,1,6,0,5) : 1
(3,2,4,5) : 1
(3,2,4,5,6,1,0) : 1
(3,2,4,6,0,5,1) : 1
(3,2,4,6,5,0,1) : 1
(3,2,4,6,5,1,0) : 2
(3,2,5,0,1,6,4) : 1
(3,2,5,0,4,1,6) : 1
(3,2,5,0,6,1,4) : 1
(3,2,5,1,0,6,4) : 1
(3,2,5,4,1,0,6) : 1
(3,2,5,4,6,1) : 2
(3,2,5,6,4,0,1) : 1
(3,2,5,6,4,1,0) : 1
(3,2,6,0,1,4,5) : 1
(3,2,6,0,1,5,4) : 1
(3,2,6,0,4,5,1) : 1
(3,2,6,0,5,4,1) : 1
(3,2,6,1,4,0,5) : 1
(3,2,6,1,4,5,0) : 1
(3,2,6,4,1,0,5) : 3
(3,2,6,4,5) : 1
(3,2,6,4,5,1,0) : 1
(3,2,6,5,4,1,0) : 1
(3,4) : 5
(3,4,0,1,2,5,6) : 4
(3,4,0,1,2,6,5) : 1
(3,4,0,2,5,1,6) : 1
(3,4,0,2,6,1,5) : 1
(3,4,0,5,2,1,6) : 2
(3,4,0,5,6,2,1) : 1
(3,4,1,0,5,6,2) : 2
(3,4,1,2,5,6,0) : 1
(3,4,1,6,2,0,5) : 1
(3,4,2) : 2
(3,4,2,0,1,5,6) : 1
(3,4,2,1,0,5,6) : 1
(3,4,2,6,5,0,1) : 1
(3,4,5,0) : 2
(3,4,5,0,1,2,6) : 1
(3,4,5,0,6,2,1) : 2
(3,4,5,1,2,6,0) : 1
(3,4,5,2,0,6,1) : 1
(3,4,5,6,0,1,2) : 3
(3,4,5,6,0,2,1) : 2
(3,4,5,6,2,1,0) : 6
(3,4,6) : 1
(3,4,6,0,1,2,5) : 1
(3,4,6,1,0,5,2) : 1
(3,4,6,1,2,5,0) : 1
(3,5) : 35
(3,5,0) : 11
(3,5,0,1) : 1
(3,5,0,1,2,4,6) : 20
(3,5,0,1,2,6) : 2
(3,5,0,1,2,6,4) : 13
(3,5,0,1,4,2,6) : 8
(3,5,0,1,4,6,2) : 2
(3,5,0,1,6,2) : 1
(3,5,0,1,6,2,4) : 1
(3,5,0,1,6,4,2) : 6
(3,5,0,2,1,4,6) : 5
(3,5,0,2,1,6,4) : 1
(3,5,0,2,4,1,6) : 1
(3,5,0,2,4,6,1) : 2
(3,5,0,2,6,1,4) : 2
(3,5,0,2,6,4,1) : 1
(3,5,0,4,1,2,6) : 3
(3,5,0,4,2,1,6) : 1
(3,5,0,4,6,2,1) : 4
(3,5,0,6) : 1
(3,5,0,6,2,1,4) : 2
(3,5,0,6,2,4,1) : 3
(3,5,0,6,4,1,2) : 1
(3,5,0,6,4,2,1) : 5
(3,5,1) : 2
(3,5,1,0) : 1
(3,5,1,0,2,4,6) : 5
(3,5,1,0,2,6,4) : 1
(3,5,1,0,4,2,6) : 1
(3,5,1,0,6,2,4) : 1
(3,5,1,0,6,4) : 1
(3,5,1,0,6,4,2) : 2
(3,5,1,2,0,4,6) : 2
(3,5,1,2,0,6,4) : 2
(3,5,1,2,4,6,0) : 1
(3,5,1,2,6,4,0) : 2
(3,5,1,4,6,2,0) : 1
(3,5,1,6,0,4,2) : 1
(3,5,1,6,2,0,4) : 1
(3,5,1,6,4,2,0) : 1
(3,5,2,0,1,4,6) : 1
(3,5,2,0,1,6,4) : 1
(3,5,2,0,6,1,4) : 3
(3,5,2,0,6,4) : 1
(3,5,2,0,6,4,1) : 2
(3,5,2,1,0,4,6) : 5
(3,5,2,1,4,6,0) : 2
(3,5,2,4,6,0,1) : 1
(3,5,2,4,6,1,0) : 1
(3,5,2,6,1,0) : 1
(3,5,2,6,4,0,1) : 1
(3,5,2,6,4,1,0) : 1
(3,5,4,0,1,2,6) : 2
(3,5,4,0,2,6,1) : 1
(3,5,4,2,0,1,6) : 1
(3,5,4,2,1,0,6) : 5
(3,5,4,6,2,0,1) : 1
(3,5,4,6,2,1,0) : 4
(3,5,6) : 1
(3,5,6,0,1,2,4) : 2
(3,5,6,0,2,1,4) : 2
(3,5,6,0,4) : 1
(3,5,6,1,4,0,2) : 1
(3,5,6,2,1,0) : 1
(3,5,6,2,4,1,0) : 1
(3,5,6,4,0,1,2) : 1
(3,5,6,4,1,0,2) : 1
(3,5,6,4,2,0,1) : 2
(3,5,6,4,2,1,0) : 6
(3,6) : 2
(3,6,0,1,2,4,5) : 5
(3,6,0,1,2,5,4) : 3
(3,6,0,2,1,4,5) : 4
(3,6,0,2,1,5,4) : 1
(3,6,0,2,4,5,1) : 1
(3,6,0,4,2,5,1) : 1
(3,6,1,0,2,5,4) : 1
(3,6,1,0,4,2,5) : 1
(3,6,1,2,0,4,5) : 1
(3,6,1,2,4,0,5) : 1
(3,6,1,2,4,5,0) : 1
(3,6,1,4,2,0,5) : 1
(3,6,2,0,1,5,4) : 1
(3,6,2,0,4,1,5) : 1
(3,6,2,0,4,5,1) : 1
(3,6,2,4,0,5) : 1
(3,6,2,4,1,0,5) : 3
(3,6,2,4,5,0,1) : 1
(3,6,4,0,1,2,5) : 1
(3,6,4,1,0,2,5) : 1
(3,6,4,2,1,0,5) : 1
(3,6,4,2,1,5,0) : 1
(3,6,5,0,1,2,4) : 3
(3,6,5,1,0,2,4) : 1
(3,6,5,2,4,0,1) : 1
(3,6,5,4,2,1,0) : 2
(4) : 271
(4,0) : 11
(4,0,1,2,3,5,6) : 2
(4,0,1,3,2,5,6) : 1
(4,0,1,3,2,6,5) : 1
(4,0,1,3,5,6,2) : 1
(4,0,1,3,6,2,5) : 1
(4,0,1,5) : 1
(4,0,1,5,3,2,6) : 1
(4,0,1,5,3,6,2) : 1
(4,0,2,1,3,5,6) : 2
(4,0,2,3,1) : 1
(4,0,2,6,1,3,5) : 1
(4,0,2,6,5,3,1) : 1
(4,0,3) : 1
(4,0,3,1,2,6,5) : 2
(4,0,3,2,1,5,6) : 1
(4,0,3,2,5,1,6) : 1
(4,0,3,2,5,6,1) : 1
(4,0,3,2,6,5,1) : 1
(4,0,3,5,1,6,2) : 1
(4,0,3,5,2,1,6) : 1
(4,0,3,5,2,6,1) : 2
(4,0,3,5,6,2,1) : 1
(4,0,5) : 6
(4,0,5,1,2,3,6) : 3
(4,0,5,1,3,2,6) : 2
(4,0,5,1,3,6,2) : 1
(4,0,5,2,1,3,6) : 1
(4,0,5,2,1,6,3) : 1
(4,0,5,2,3,1,6) : 2
(4,0,5,2,3,6,1) : 2
(4,0,5,2,6,1,3) : 2
(4,0,5,2,6,3,1) : 2
(4,0,5,3,1,2,6) : 4
(4,0,5,3,1,6,2) : 2
(4,0,5,3,2,1,6) : 2
(4,0,5,3,2,6,1) : 4
(4,0,5,3,6,2,1) : 5
(4,0,5,6) : 1
(4,0,5,6,1,2,3) : 1
(4,0,5,6,3,2,1) : 2
(4,0,6,1,5,3,2) : 1
(4,0,6,3,5,1,2) : 1
(4,0,6,5,2,1,3) : 1
(4,0,6,5,3,1,2) : 1
(4,1) : 1
(4,1,0,3,6,2,5) : 1
(4,1,2,3,6,0,5) : 1
(4,1,2,5,0,3,6) : 1
(4,1,2,6,3,5,0) : 1
(4,1,3,0,5,2,6) : 1
(4,1,3,0,5,6,2) : 1
(4,1,3,0,6,5) : 1
(4,1,5,0,3,2,6) : 1
(4,1,5,3,0,6) : 1
(4,1,5,6,2,0,3) : 1
(4,2) : 3
(4,2,0,1,5,6,3) : 1
(4,2,0,3,1,6,5) : 1
(4,2,0,5,6,3,1) : 1
(4,2,1,3,5,0,6) : 1
(4,2,3,0,5,6,1) : 1
(4,2,6,0,1,3,5) : 1
(4,2,6,3,1,0,5) : 1
(4,2,6,3,5,0,1) : 1
(4,2,6,5,0,1,3) : 2
(4,2,6,5,1,0,3) : 1
(4,3) : 3
(4,3,0,1,2,5,6) : 1
(4,3,0,2,6,1,5) : 1
(4,3,0,5,2,1,6) : 1
(4,3,1,2,0,5,6) : 1
(4,3,2,0,1,5,6) : 1
(4,3,2,1,0,5,6) : 2
(4,3,2,1,5,6,0) : 2
(4,3,2,6,0,1,5) : 1
(4,3,2,6,1,0,5) : 1
(4,3,2,6,1,5,0) : 1
(4,3,5) : 2
(4,5) : 97
(4,5,0) : 13
(4,5,0,1,2,3,6) : 1
(4,5,0,1,2,6,3) : 1
(4,5,0,1,3,2,6) : 4
(4,5,0,1,6,2,3) : 1
(4,5,0,1,6,3,2) : 2
(4,5,0,2) : 2
(4,5,0,2,1,3,6) : 1
(4,5,0,2,1,6,3) : 1
(4,5,0,2,3,1,6) : 3
(4,5,0,2,3,6,1) : 6
(4,5,0,2,6,1) : 1
(4,5,0,2,6,3,1) : 15
(4,5,0,3) : 1
(4,5,0,3,1,2,6) : 1
(4,5,0,3,1,6,2) : 2
(4,5,0,3,2,1,6) : 4
(4,5,0,3,2,6,1) : 6
(4,5,0,3,6,2,1) : 5
(4,5,0,6,1,2,3) : 1
(4,5,0,6,2,1,3) : 2
(4,5,0,6,2,3,1) : 17
(4,5,0,6,3,1,2) : 2
(4,5,0,6,3,2,1) : 5
(4,5,1,0) : 1
(4,5,1,0,2,3,6) : 2
(4,5,1,0,2,6,3) : 1
(4,5,2,0,1,6,3) : 1
(4,5,2,0,3,6,1) : 2
(4,5,2,1,0,3,6) : 1
(4,5,2,1,6,0,3) : 1
(4,5,2,3,6,1,0) : 1
(4,5,2,6,0,3,1) : 2
(4,5,2,6,3,0,1) : 3
(4,5,3) : 3
(4,5,3,0) : 1
(4,5,3,0,1,2,6) : 1
(4,5,3,0,2,1,6) : 1
(4,5,3,0,2,6,1) : 2
(4,5,3,2,0,6,1) : 1
(4,5,3,2,1,0,6) : 1
(4,5,3,2,1,6,0) : 1
(4,5,3,6,0,2,1) : 1
(4,5,3,6,1,0,2) : 1
(4,5,3,6,2,0,1) : 1
(4,5,6,0,1,2,3) : 1
(4,5,6,0,2,3,1) : 2
(4,5,6,2,0,3,1) : 4
(4,5,6,2,1,0,3) : 1
(4,5,6,2,3,0,1) : 5
(4,5,6,2,3,1,0) : 1
(4,5,6,3,0,1,2) : 1
(4,5,6,3,0,2,1) : 1
(4,5,6,3,1,2,0) : 1
(4,5,6,3,2) : 1
(4,5,6,3,2,0,1) : 2
(4,5,6,3,2,1,0) : 6
(4,6) : 1
(4,6,0,1,2) : 1
(4,6,0,5,2,3,1) : 2
(4,6,1,2,5,3,0) : 1
(4,6,2,0,5,3,1) : 1
(4,6,2,3,5,0,1) : 1
(4,6,2,5,3,0,1) : 1
(4,6,5,2,0,3,1) : 1
(5) : 20405
(5,0) : 1041
(5,0,1) : 45
(5,0,1,2) : 4
(5,0,1,2,3) : 2
(5,0,1,2,3,4) : 6
(5,0,1,2,3,4,6) : 338
(5,0,1,2,3,6) : 1
(5,0,1,2,3,6,4) : 42
(5,0,1,2,4,3,6) : 21
(5,0,1,2,4,6,3) : 18
(5,0,1,2,6,3,4) : 26
(5,0,1,2,6,4) : 2
(5,0,1,2,6,4,3) : 28
(5,0,1,3) : 6
(5,0,1,3,2) : 1
(5,0,1,3,2,4) : 1
(5,0,1,3,2,4,6) : 90
(5,0,1,3,2,6) : 7
(5,0,1,3,2,6,4) : 47
(5,0,1,3,4,2,6) : 27
(5,0,1,3,4,6,2) : 12
(5,0,1,3,6,2) : 1
(5,0,1,3,6,2,4) : 23
(5,0,1,3,6,4,2) : 8
(5,0,1,4,2,3,6) : 14
(5,0,1,4,2,6,3) : 3
(5,0,1,4,3,2) : 1
(5,0,1,4,3,2,6) : 21
(5,0,1,4,3,6,2) : 4
(5,0,1,4,6,2,3) : 5
(5,0,1,4,6,3,2) : 4
(5,0,1,6) : 2
(5,0,1,6,2,3) : 2
(5,0,1,6,2,3,4) : 17
(5,0,1,6,2,4,3) : 4
(5,0,1,6,3,2,4) : 12
(5,0,1,6,3,4) : 1
(5,0,1,6,3,4,2) : 3
(5,0,1,6,4,2,3) : 8
(5,0,1,6,4,3,2) : 21
(5,0,2) : 15
(5,0,2,1) : 3
(5,0,2,1,3,4) : 3
(5,0,2,1,3,4,6) : 67
(5,0,2,1,3,6) : 1
(5,0,2,1,3,6,4) : 11
(5,0,2,1,4,3) : 1
(5,0,2,1,4,3,6) : 11
(5,0,2,1,4,6,3) : 8
(5,0,2,1,6,3,4) : 4
(5,0,2,1,6,4,3) : 10
(5,0,2,3) : 1
(5,0,2,3,1) : 1
(5,0,2,3,1,4,6) : 26
(5,0,2,3,1,6,4) : 9
(5,0,2,3,4) : 1
(5,0,2,3,4,1) : 4
(5,0,2,3,4,1,6) : 17
(5,0,2,3,4,6,1) : 35
(5,0,2,3,6,1) : 1
(5,0,2,3,6,1,4) : 9
(5,0,2,3,6,4) : 1
(5,0,2,3,6,4,1) : 27
(5,0,2,4,1,3) : 2
(5,0,2,4,1,3,6) : 10
(5,0,2,4,1,6,3) : 8
(5,0,2,4,3,1) : 1
(5,0,2,4,3,1,6) : 15
(5,0,2,4,3,6) : 1
(5,0,2,4,3,6,1) : 14
(5,0,2,4,6) : 2
(5,0,2,4,6,1) : 2
(5,0,2,4,6,1,3) : 18
(5,0,2,4,6,3) : 2
(5,0,2,4,6,3,1) : 46
(5,0,2,6) : 1
(5,0,2,6,1,3,4) : 6
(5,0,2,6,1,4,3) : 7
(5,0,2,6,3) : 1
(5,0,2,6,3,1,4) : 7
(5,0,2,6,3,4,1) : 9
(5,0,2,6,4) : 1
(5,0,2,6,4,1) : 1
(5,0,2,6,4,1,3) : 14
(5,0,2,6,4,3) : 1
(5,0,2,6,4,3,1) : 37
(5,0,3) : 42
(5,0,3,1) : 6
(5,0,3,1,2,4,6) : 112
(5,0,3,1,2,6) : 1
(5,0,3,1,2,6,4) : 42
(5,0,3,1,4,2,6) : 21
(5,0,3,1,4,6) : 1
(5,0,3,1,4,6,2) : 18
(5,0,3,1,6) : 1
(5,0,3,1,6,2) : 2
(5,0,3,1,6,2,4) : 29
(5,0,3,1,6,4,2) : 9
(5,0,3,2) : 4
(5,0,3,2,1,4,6) : 68
(5,0,3,2,1,6) : 3
(5,0,3,2,1,6,4) : 33
(5,0,3,2,4,1,6) : 9
(5,0,3,2,4,6) : 1
(5,0,3,2,4,6,1) : 26
(5,0,3,2,6,1) : 8
(5,0,3,2,6,1,4) : 12
(5,0,3,2,6,4) : 1
(5,0,3,2,6,4,1) : 30
(5,0,3,4,1,2,6) : 20
(5,0,3,4,1,6,2) : 2
(5,0,3,4,2) : 1
(5,0,3,4,2,1) : 1
(5,0,3,4,2,1,6) : 22
(5,0,3,4,2,6,1) : 20
(5,0,3,4,6,1,2) : 11
(5,0,3,4,6,2,1) : 33
(5,0,3,6) : 2
(5,0,3,6,1,2) : 3
(5,0,3,6,1,2,4) : 23
(5,0,3,6,1,4,2) : 5
(5,0,3,6,2) : 1
(5,0,3,6,2,1) : 6
(5,0,3,6,2,1,4) : 21
(5,0,3,6,2,4,1) : 17
(5,0,3,6,4) : 2
(5,0,3,6,4,1,2) : 8
(5,0,3,6,4,2,1) : 55
(5,0,4) : 46
(5,0,4,1) : 2
(5,0,4,1,2,3) : 1
(5,0,4,1,2,3,6) : 31
(5,0,4,1,2,6,3) : 7
(5,0,4,1,3,2,6) : 15
(5,0,4,1,3,6,2) : 1
(5,0,4,1,6,2,3) : 3
(5,0,4,1,6,3,2) : 2
(5,0,4,2,1) : 1
(5,0,4,2,1,3,6) : 19
(5,0,4,2,1,6,3) : 6
(5,0,4,2,3,1) : 3
(5,0,4,2,3,1,6) : 12
(5,0,4,2,3,6) : 1
(5,0,4,2,3,6,1) : 15
(5,0,4,2,6,1) : 2
(5,0,4,2,6,1,3) : 14
(5,0,4,2,6,3) : 1
(5,0,4,2,6,3,1) : 36
(5,0,4,3) : 2
(5,0,4,3,1,2) : 2
(5,0,4,3,1,2,6) : 14
(5,0,4,3,1,6,2) : 6
(5,0,4,3,2,1) : 1
(5,0,4,3,2,1,6) : 37
(5,0,4,3,2,6,1) : 19
(5,0,4,3,6,2,1) : 10
(5,0,4,6,1,2,3) : 8
(5,0,4,6,1,3,2) : 3
(5,0,4,6,2,1) : 1
(5,0,4,6,2,1,3) : 14
(5,0,4,6,2,3,1) : 29
(5,0,4,6,3,1,2) : 8
(5,0,4,6,3,2,1) : 22
(5,0,6) : 11
(5,0,6,1) : 2
(5,0,6,1,2,3) : 1
(5,0,6,1,2,3,4) : 27
(5,0,6,1,2,4,3) : 10
(5,0,6,1,3,2,4) : 6
(5,0,6,1,3,4,2) : 1
(5,0,6,1,4,2,3) : 6
(5,0,6,1,4,3,2) : 5
(5,0,6,2) : 1
(5,0,6,2,1,3,4) : 7
(5,0,6,2,1,4,3) : 8
(5,0,6,2,3,1) : 1
(5,0,6,2,3,1,4) : 11
(5,0,6,2,3,4,1) : 18
(5,0,6,2,4) : 1
(5,0,6,2,4,1,3) : 6
(5,0,6,2,4,3,1) : 19
(5,0,6,3) : 1
(5,0,6,3,1) : 2
(5,0,6,3,1,2,4) : 10
(5,0,6,3,1,4,2) : 2
(5,0,6,3,2,1,4) : 11
(5,0,6,3,2,4,1) : 14
(5,0,6,3,4,1,2) : 7
(5,0,6,3,4,2,1) : 14
(5,0,6,4,1,2,3) : 9
(5,0,6,4,1,3,2) : 4
(5,0,6,4,2,1) : 1
(5,0,6,4,2,1,3) : 20
(5,0,6,4,2,3) : 1
(5,0,6,4,2,3,1) : 27
(5,0,6,4,3,1,2) : 6
(5,0,6,4,3,2,1) : 42
(5,1) : 64
(5,1,0) : 21
(5,1,0,2,3) : 1
(5,1,0,2,3,4) : 2
(5,1,0,2,3,4,6) : 32
(5,1,0,2,3,6) : 1
(5,1,0,2,3,6,4) : 6
(5,1,0,2,4,3,6) : 3
(5,1,0,2,4,6,3) : 7
(5,1,0,2,6) : 1
(5,1,0,2,6,3,4) : 6
(5,1,0,2,6,4,3) : 5
(5,1,0,3) : 3
(5,1,0,3,2,4) : 1
(5,1,0,3,2,4,6) : 10
(5,1,0,3,2,6,4) : 6
(5,1,0,3,4,2,6) : 3
(5,1,0,3,4,6,2) : 2
(5,1,0,3,6,2,4) : 1
(5,1,0,3,6,4,2) : 2
(5,1,0,4,2,6,3) : 2
(5,1,0,4,3,2,6) : 2
(5,1,0,4,3,6) : 1
(5,1,0,4,3,6,2) : 2
(5,1,0,4,6,2,3) : 2
(5,1,0,4,6,3,2) : 2
(5,1,0,6,2,3,4) : 5
(5,1,0,6,2,4,3) : 4
(5,1,0,6,3,2,4) : 4
(5,1,0,6,4,3,2) : 1
(5,1,2) : 2
(5,1,2,0,3,4,6) : 5
(5,1,2,0,3,6,4) : 1
(5,1,2,0,4,6,3) : 1
(5,1,2,0,6,4,3) : 2
(5,1,2,3,0,4,6) : 2
(5,1,2,3,0,6,4) : 1
(5,1,2,3,4,0,6) : 4
(5,1,2,3,4,6,0) : 7
(5,1,2,3,6,0,4) : 1
(5,1,2,3,6,4) : 1
(5,1,2,3,6,4,0) : 3
(5,1,2,4,0,3,6) : 1
(5,1,2,4,3,6,0) : 1
(5,1,2,4,6,0,3) : 1
(5,1,2,4,6,3) : 1
(5,1,2,4,6,3,0) : 5
(5,1,2,6,3,4,0) : 1
(5,1,2,6,4,3,0) : 3
(5,1,3) : 1
(5,1,3,0,2,4,6) : 10
(5,1,3,0,2,6,4) : 6
(5,1,3,0,4,2,6) : 1
(5,1,3,0,4,6,2) : 1
(5,1,3,0,6,2,4) : 4
(5,1,3,0,6,4) : 1
(5,1,3,2) : 1
(5,1,3,2,0,4,6) : 3
(5,1,3,2,0,6,4) : 1
(5,1,3,2,4,0,6) : 1
(5,1,3,2,4,6,0) : 5
(5,1,3,2,6,0,4) : 2
(5,1,3,4,0,2,6) : 1
(5,1,3,4,0,6) : 1
(5,1,3,4,0,6,2) : 1
(5,1,3,4,2,6,0) : 1
(5,1,3,4,6,0) : 1
(5,1,3,4,6,2,0) : 1
(5,1,3,6,0,4,2) : 1
(5,1,3,6,2,4) : 1
(5,1,3,6,4,2,0) : 3
(5,1,4,0,2,3) : 1
(5,1,4,0,2,6) : 1
(5,1,4,0,2,6,3) : 2
(5,1,4,0,3,2,6) : 1
(5,1,4,2,6,0,3) : 1
(5,1,4,2,6,3,0) : 2
(5,1,4,6,0) : 1
(5,1,4,6,0,3,2) : 1
(5,1,4,6,2,3,0) : 2
(5,1,4,6,3,2,0) : 2
(5,1,6) : 1
(5,1,6,0,2,3,4) : 3
(5,1,6,0,2,4,3) : 2
(5,1,6,0,4,2,3) : 1
(5,1,6,2,0,4,3) : 1
(5,1,6,2,3,4,0) : 1
(5,1,6,3,0,2,4) : 1
(5,1,6,3,2,4,0) : 1
(5,1,6,3,4,0) : 1
(5,1,6,3,4,2,0) : 4
(5,1,6,4,2,0,3) : 1
(5,1,6,4,3,2,0) : 3
(5,2) : 34
(5,2,0) : 7
(5,2,0,1,3,4,6) : 16
(5,2,0,1,3,6,4) : 3
(5,2,0,1,4,3,6) : 2
(5,2,0,1,4,6,3) : 3
(5,2,0,1,6,3,4) : 2
(5,2,0,1,6,4,3) : 1
(5,2,0,3,1,4,6) : 5
(5,2,0,3,4,1,6) : 1
(5,2,0,3,4,6) : 1
(5,2,0,3,4,6,1) : 4
(5,2,0,3,6,1,4) : 2
(5,2,0,3,6,4,1) : 6
(5,2,0,4,1,3) : 1
(5,2,0,4,1,3,6) : 3
(5,2,0,4,1,6,3) : 1
(5,2,0,4,3,1) : 1
(5,2,0,4,3,1,6) : 3
(5,2,0,4,6,1,3) : 3
(5,2,0,4,6,3,1) : 4
(5,2,0,6,1,3,4) : 1
(5,2,0,6,1,4,3) : 1
(5,2,0,6,3,1,4) : 1
(5,2,0,6,3,4,1) : 2
(5,2,0,6,4,1) : 1
(5,2,0,6,4,1,3) : 2
(5,2,0,6,4,3,1) : 15
(5,2,1,0,3,4,6) : 12
(5,2,1,0,3,6,4) : 2
(5,2,1,0,4,6) : 1
(5,2,1,0,4,6,3) : 2
(5,2,1,0,6,3,4) : 1
(5,2,1,3,0,4,6) : 2
(5,2,1,3,4,0,6) : 1
(5,2,1,3,4,6,0) : 9
(5,2,1,3,6,4,0) : 1
(5,2,1,4,3,6,0) : 2
(5,2,1,4,6,3,0) : 2
(5,2,1,6,3,0,4) : 1
(5,2,1,6,3,4,0) : 2
(5,2,1,6,4,3,0) : 5
(5,2,3) : 2
(5,2,3,0,1,4) : 1
(5,2,3,0,1,4,6) : 5
(5,2,3,0,4,6,1) : 2
(5,2,3,0,6,4,1) : 4
(5,2,3,1,0,4,6) : 3
(5,2,3,1,4,6,0) : 1
(5,2,3,1,6,0,4) : 2
(5,2,3,1,6,4,0) : 1
(5,2,3,4,0,1,6) : 2
(5,2,3,4,0,6,1) : 1
(5,2,3,4,1,0,6) : 2
(5,2,3,4,1,6,0) : 1
(5,2,3,4,6,0) : 1
(5,2,3,4,6,0,1) : 4
(5,2,3,4,6,1,0) : 10
(5,2,3,6,0,1,4) : 1
(5,2,3,6,0,4,1) : 3
(5,2,3,6,4,1,0) : 4
(5,2,4) : 2
(5,2,4,0,1,3) : 1
(5,2,4,0,1,3,6) : 1
(5,2,4,0,1,6) : 1
(5,2,4,0,1,6,3) : 2
(5,2,4,0,3,1,6) : 2
(5,2,4,0,3,6,1) : 1
(5,2,4,0,6,1,3) : 2
(5,2,4,0,6,3,1) : 2
(5,2,4,1,0,3,6) : 1
(5,2,4,1,3,6,0) : 1
(5,2,4,1,6,0,3) : 1
(5,2,4,1,6,3,0) : 2
(5,2,4,3,0,1,6) : 1
(5,2,4,3,1,0,6) : 3
(5,2,4,3,1,6,0) : 1
(5,2,4,3,6,0,1) : 1
(5,2,4,3,6,1,0) : 1
(5,2,4,6,0,1) : 1
(5,2,4,6,0,1,3) : 7
(5,2,4,6,0,3,1) : 2
(5,2,4,6,1) : 1
(5,2,4,6,1,0) : 3
(5,2,4,6,1,0,3) : 3
(5,2,4,6,1,3) : 1
(5,2,4,6,1,3,0) : 7
(5,2,4,6,3,0,1) : 6
(5,2,4,6,3,1,0) : 14
(5,2,6) : 4
(5,2,6,0) : 1
(5,2,6,0,1,3,4) : 1
(5,2,6,0,1,4,3) : 1
(5,2,6,0,3,1,4) : 4
(5,2,6,0,3,4,1) : 2
(5,2,6,0,4,1,3) : 3
(5,2,6,0,4,3,1) : 7
(5,2,6,1,0,3,4) : 1
(5,2,6,1,3,4,0) : 1
(5,2,6,1,4,3,0) : 4
(5,2,6,3,0,1,4) : 2
(5,2,6,3,1,4,0) : 2
(5,2,6,3,4,0,1) : 1
(5,2,6,3,4,1) : 1
(5,2,6,4,0,1,3) : 5
(5,2,6,4,0,3,1) : 4
(5,2,6,4,1,0) : 1
(5,2,6,4,1,0,3) : 2
(5,2,6,4,1,3,0) : 7
(5,2,6,4,3) : 1
(5,2,6,4,3,0,1) : 5
(5,2,6,4,3,1) : 1
(5,2,6,4,3,1,0) : 16
(5,3) : 72
(5,3,0) : 27
(5,3,0,1) : 1
(5,3,0,1,2) : 1
(5,3,0,1,2,4,6) : 40
(5,3,0,1,2,6) : 2
(5,3,0,1,2,6,4) : 17
(5,3,0,1,4) : 2
(5,3,0,1,4,2,6) : 12
(5,3,0,1,4,6,2) : 6
(5,3,0,1,6,2,4) : 5
(5,3,0,1,6,4,2) : 7
(5,3,0,2) : 1
(5,3,0,2,1,4,6) : 14
(5,3,0,2,1,6,4) : 2
(5,3,0,2,4,1,6) : 2
(5,3,0,2,4,6,1) : 12
(5,3,0,2,6) : 1
(5,3,0,2,6,1,4) : 2
(5,3,0,2,6,4,1) : 11
(5,3,0,4,1,2,6) : 4
(5,3,0,4,2,1,6) : 3
(5,3,0,4,2,6,1) : 1
(5,3,0,4,6) : 1
(5,3,0,4,6,1) : 1
(5,3,0,4,6,2,1) : 6
(5,3,0,6) : 1
(5,3,0,6,1,2) : 1
(5,3,0,6,1,2,4) : 1
(5,3,0,6,1,4,2) : 1
(5,3,0,6,2,1) : 1
(5,3,0,6,2,1,4) : 5
(5,3,0,6,2,4,1) : 7
(5,3,0,6,4,1,2) : 5
(5,3,0,6,4,2,1) : 11
(5,3,1) : 5
(5,3,1,0,2,4,6) : 19
(5,3,1,0,2,6) : 1
(5,3,1,0,2,6,4) : 4
(5,3,1,0,4,2,6) : 1
(5,3,1,0,4,6) : 2
(5,3,1,0,4,6,2) : 3
(5,3,1,0,6,2,4) : 5
(5,3,1,0,6,4,2) : 3
(5,3,1,2) : 1
(5,3,1,2,0,4,6) : 5
(5,3,1,2,0,6,4) : 2
(5,3,1,2,4,0,6) : 3
(5,3,1,2,4,6) : 1
(5,3,1,2,4,6,0) : 4
(5,3,1,2,6,0,4) : 2
(5,3,1,2,6,4,0) : 3
(5,3,1,4,0,2,6) : 3
(5,3,1,4,2,0) : 1
(5,3,1,4,2,0,6) : 2
(5,3,1,4,2,6,0) : 2
(5,3,1,4,6,0) : 1
(5,3,1,4,6,0,2) : 1
(5,3,1,4,6,2,0) : 6
(5,3,1,6,0) : 1
(5,3,1,6,0,2,4) : 1
(5,3,1,6,2,0) : 1
(5,3,1,6,2,0,4) : 1
(5,3,1,6,2,4,0) : 2
(5,3,1,6,4,2,0) : 2
(5,3,2) : 3
(5,3,2,0) : 1
(5,3,2,0,1,4,6) : 9
(5,3,2,0,1,6) : 1
(5,3,2,0,1,6,4) : 4
(5,3,2,0,4,6,1) : 5
(5,3,2,0,6,1,4) : 1
(5,3,2,0,6,4,1) : 3
(5,3,2,1,0,4,6) : 9
(5,3,2,1,0,6) : 2
(5,3,2,1,0,6,4) : 3
(5,3,2,1,4,0,6) : 1
(5,3,2,1,4,6,0) : 9
(5,3,2,1,6,0) : 4
(5,3,2,1,6,4,0) : 4
(5,3,2,4,0,1,6) : 1
(5,3,2,4,0,6,1) : 2
(5,3,2,4,1,0,6) : 1
(5,3,2,4,1,6,0) : 3
(5,3,2,4,6,0,1) : 7
(5,3,2,4,6,1,0) : 9
(5,3,2,6,0,1,4) : 1
(5,3,2,6,1,0) : 2
(5,3,2,6,1,4,0) : 1
(5,3,2,6,4,0,1) : 2
(5,3,2,6,4,1,0) : 12
(5,3,4) : 1
(5,3,4,0,1,2) : 1
(5,3,4,0,1,2,6) : 3
(5,3,4,0,2,1,6) : 1
(5,3,4,0,6,2,1) : 1
(5,3,4,1,0,2) : 2
(5,3,4,1,0,2,6) : 2
(5,3,4,1,0,6) : 1
(5,3,4,1,2,0,6) : 1
(5,3,4,1,2,6,0) : 4
(5,3,4,2,0) : 1
(5,3,4,2,0,1,6) : 2
(5,3,4,2,0,6,1) : 3
(5,3,4,2,1,0,6) : 8
(5,3,4,2,1,6,0) : 3
(5,3,4,2,6,0,1) : 3
(5,3,4,2,6,1,0) : 4
(5,3,4,6) : 1
(5,3,4,6,0,1,2) : 4
(5,3,4,6,0,2,1) : 3
(5,3,4,6,1,2,0) : 3
(5,3,4,6,2,0,1) : 2
(5,3,4,6,2,1,0) : 20
(5,3,6) : 1
(5,3,6,0,1,2) : 1
(5,3,6,0,2,1,4) : 4
(5,3,6,0,2,4,1) : 2
(5,3,6,0,4,1,2) : 1
(5,3,6,0,4,2,1) : 1
(5,3,6,1,0,2,4) : 2
(5,3,6,1,0,4,2) : 1
(5,3,6,1,2,4,0) : 2
(5,3,6,1,4,2,0) : 1
(5,3,6,2,0,1,4) : 3
(5,3,6,2,1,0,4) : 1
(5,3,6,2,4,1,0) : 4
(5,3,6,4,0,2,1) : 2
(5,3,6,4,1,2,0) : 1
(5,3,6,4,2,0,1) : 6
(5,3,6,4,2,1,0) : 17
(5,4) : 175
(5,4,0) : 32
(5,4,0,1,2,3,6) : 27
(5,4,0,1,2,6) : 1
(5,4,0,1,2,6,3) : 5
(5,4,0,1,3,2,6) : 7
(5,4,0,1,3,6,2) : 4
(5,4,0,1,6,2,3) : 5
(5,4,0,1,6,3,2) : 5
(5,4,0,2,1,3) : 1
(5,4,0,2,1,3,6) : 7
(5,4,0,2,1,6) : 1
(5,4,0,2,1,6,3) : 5
(5,4,0,2,3,1,6) : 10
(5,4,0,2,3,6,1) : 6
(5,4,0,2,6,1,3) : 9
(5,4,0,2,6,3,1) : 31
(5,4,0,3) : 2
(5,4,0,3,1) : 1
(5,4,0,3,1,2,6) : 9
(5,4,0,3,2,1) : 1
(5,4,0,3,2,1,6) : 9
(5,4,0,3,2,6,1) : 16
(5,4,0,3,6,1,2) : 1
(5,4,0,3,6,2,1) : 14
(5,4,0,6,1,2,3) : 4
(5,4,0,6,1,3,2) : 1
(5,4,0,6,2,1,3) : 5
(5,4,0,6,2,3,1) : 20
(5,4,0,6,3,1,2) : 1
(5,4,0,6,3,2,1) : 14
(5,4,1) : 3
(5,4,1,0) : 1
(5,4,1,0,2,3,6) : 3
(5,4,1,0,2,6,3) : 4
(5,4,1,0,3,2,6) : 2
(5,4,1,0,3,6,2) : 1
(5,4,1,0,6,3,2) : 1
(5,4,1,2,0,3,6) : 3
(5,4,1,2,3,0,6) : 2
(5,4,1,2,3,6,0) : 1
(5,4,1,2,6,0,3) : 1
(5,4,1,2,6,3,0) : 4
(5,4,1,3,0,2,6) : 2
(5,4,1,3,2,0,6) : 2
(5,4,1,3,2,6,0) : 4
(5,4,1,3,6,2,0) : 2
(5,4,1,6,0,2,3) : 1
(5,4,1,6,0,3,2) : 1
(5,4,1,6,3,2,0) : 2
(5,4,2) : 4
(5,4,2,0,1,3,6) : 7
(5,4,2,0,1,6,3) : 3
(5,4,2,0,3,1,6) : 3
(5,4,2,0,3,6,1) : 4
(5,4,2,0,6,1,3) : 5
(5,4,2,0,6,3,1) : 15
(5,4,2,1,0,3,6) : 5
(5,4,2,1,0,6,3) : 5
(5,4,2,1,3,0,6) : 3
(5,4,2,1,3,6,0) : 3
(5,4,2,1,6,0,3) : 2
(5,4,2,1,6,3,0) : 5
(5,4,2,3) : 1
(5,4,2,3,0,1,6) : 3
(5,4,2,3,0,6,1) : 4
(5,4,2,3,1,0) : 1
(5,4,2,3,1,0,6) : 4
(5,4,2,3,1,6,0) : 1
(5,4,2,3,6,0,1) : 2
(5,4,2,3,6,1,0) : 11
(5,4,2,6) : 2
(5,4,2,6,0,1,3) : 9
(5,4,2,6,0,3,1) : 16
(5,4,2,6,1,0) : 5
(5,4,2,6,1,0,3) : 6
(5,4,2,6,1,3,0) : 16
(5,4,2,6,3,0) : 2
(5,4,2,6,3,0,1) : 9
(5,4,2,6,3,1) : 1
(5,4,2,6,3,1,0) : 29
(5,4,3) : 2
(5,4,3,0,1,2,6) : 7
(5,4,3,0,1,6,2) : 1
(5,4,3,0,2,1,6) : 1
(5,4,3,0,2,6,1) : 4
(5,4,3,0,6,2,1) : 3
(5,4,3,1,0,2,6) : 6
(5,4,3,1,2,0,6) : 3
(5,4,3,1,2,6,0) : 1
(5,4,3,2) : 1
(5,4,3,2,0,1,6) : 4
(5,4,3,2,0,6,1) : 1
(5,4,3,2,1,0,6) : 17
(5,4,3,2,1,6,0) : 7
(5,4,3,2,6,0,1) : 3
(5,4,3,2,6,1,0) : 3
(5,4,3,6,0,1,2) : 3
(5,4,3,6,1,0,2) : 2
(5,4,3,6,1,2,0) : 3
(5,4,3,6,2,0,1) : 2
(5,4,3,6,2,1,0) : 18
(5,4,6) : 5
(5,4,6,0,1,2,3) : 10
(5,4,6,0,2,1,3) : 7
(5,4,6,0,2,3,1) : 8
(5,4,6,0,3,1,2) : 6
(5,4,6,0,3,2) : 1
(5,4,6,0,3,2,1) : 4
(5,4,6,1,0,2,3) : 3
(5,4,6,1,2,0) : 1
(5,4,6,1,2,0,3) : 1
(5,4,6,1,2,3,0) : 3
(5,4,6,1,3,0,2) : 1
(5,4,6,2,0,1,3) : 15
(5,4,6,2,0,3,1) : 16
(5,4,6,2,1,0,3) : 9
(5,4,6,2,1,3,0) : 10
(5,4,6,2,3,0,1) : 20
(5,4,6,2,3,1,0) : 32
(5,4,6,3,0,1,2) : 5
(5,4,6,3,0,2,1) : 3
(5,4,6,3,1,2,0) : 5
(5,4,6,3,2) : 1
(5,4,6,3,2,0,1) : 7
(5,4,6,3,2,1) : 1
(5,4,6,3,2,1,0) : 37
(5,6) : 40
(5,6,0) : 5
(5,6,0,1,2,3) : 2
(5,6,0,1,2,3,4) : 17
(5,6,0,1,2,4,3) : 1
(5,6,0,1,3,2,4) : 3
(5,6,0,1,3,4,2) : 2
(5,6,0,1,4,2,3) : 1
(5,6,0,1,4,3,2) : 2
(5,6,0,2,1,3,4) : 2
(5,6,0,2,1,4,3) : 3
(5,6,0,2,3,1,4) : 1
(5,6,0,2,3,4,1) : 5
(5,6,0,2,4,1,3) : 1
(5,6,0,2,4,3) : 1
(5,6,0,2,4,3,1) : 2
(5,6,0,3,1,2,4) : 3
(5,6,0,3,1,4,2) : 1
(5,6,0,3,2,1,4) : 4
(5,6,0,3,2,4,1) : 3
(5,6,0,3,4,1,2) : 1
(5,6,0,3,4,2,1) : 4
(5,6,0,4,1,2,3) : 3
(5,6,0,4,2,1,3) : 2
(5,6,0,4,2,3,1) : 7
(5,6,0,4,3,2,1) : 3
(5,6,1) : 1
(5,6,1,0,2,3,4) : 8
(5,6,1,0,2,4,3) : 1
(5,6,1,0,3,2,4) : 2
(5,6,1,0,3,4,2) : 2
(5,6,1,2,0) : 1
(5,6,1,2,0,3,4) : 3
(5,6,1,2,0,4,3) : 1
(5,6,1,2,3,0,4) : 1
(5,6,1,2,3,4,0) : 4
(5,6,1,2,4,0,3) : 4
(5,6,1,2,4,3,0) : 2
(5,6,1,3,0) : 1
(5,6,1,3,0,2,4) : 1
(5,6,1,3,2,4,0) : 1
(5,6,1,3,4,0,2) : 1
(5,6,1,3,4,2,0) : 1
(5,6,2,0,1,3,4) : 5
(5,6,2,0,1,4,3) : 1
(5,6,2,0,3,1,4) : 1
(5,6,2,0,3,4,1) : 1
(5,6,2,0,4,3,1) : 3
(5,6,2,1,0,3,4) : 4
(5,6,2,1,3,0,4) : 1
(5,6,2,1,3,4,0) : 4
(5,6,2,1,4,0,3) : 1
(5,6,2,1,4,3,0) : 5
(5,6,2,3,0,1,4) : 1
(5,6,2,3,0,4,1) : 1
(5,6,2,3,1,0,4) : 3
(5,6,2,3,1,4,0) : 1
(5,6,2,3,4,0,1) : 1
(5,6,2,3,4,1,0) : 10
(5,6,2,4,0,1,3) : 1
(5,6,2,4,0,3,1) : 5
(5,6,2,4,1,0,3) : 1
(5,6,2,4,1,3,0) : 6
(5,6,2,4,3,0,1) : 5
(5,6,2,4,3,1,0) : 16
(5,6,3) : 1
(5,6,3,0,1,2,4) : 2
(5,6,3,0,1,4,2) : 2
(5,6,3,0,2,4,1) : 2
(5,6,3,1,0,2,4) : 1
(5,6,3,1,0,4,2) : 1
(5,6,3,1,2,4,0) : 3
(5,6,3,1,4,0,2) : 1
(5,6,3,1,4,2,0) : 1
(5,6,3,2,0,1,4) : 1
(5,6,3,2,1,0,4) : 3
(5,6,3,2,1,4) : 1
(5,6,3,2,1,4,0) : 3
(5,6,3,2,4,0,1) : 2
(5,6,3,2,4,1,0) : 5
(5,6,3,4,1,2,0) : 1
(5,6,3,4,2,0,1) : 3
(5,6,3,4,2,1,0) : 16
(5,6,4) : 2
(5,6,4,0,1,2) : 1
(5,6,4,0,1,2,3) : 5
(5,6,4,0,1,3,2) : 1
(5,6,4,0,2,1,3) : 4
(5,6,4,0,2,3,1) : 4
(5,6,4,0,3,2,1) : 2
(5,6,4,1,0) : 1
(5,6,4,1,0,2,3) : 1
(5,6,4,1,2,3,0) : 6
(5,6,4,1,3,0,2) : 1
(5,6,4,1,3,2,0) : 1
(5,6,4,2,0,1) : 1
(5,6,4,2,0,1,3) : 4
(5,6,4,2,0,3,1) : 7
(5,6,4,2,1,0,3) : 9
(5,6,4,2,1,3,0) : 15
(5,6,4,2,3,0,1) : 10
(5,6,4,2,3,1) : 1
(5,6,4,2,3,1,0) : 24
(5,6,4,3,0,1,2) : 4
(5,6,4,3,0,2,1) : 1
(5,6,4,3,1,0,2) : 4
(5,6,4,3,1,2,0) : 3
(5,6,4,3,2) : 1
(5,6,4,3,2,0,1) : 17
(5,6,4,3,2,1) : 2
(5,6,4,3,2,1,0) : 91
(6) : 157
(6,0) : 10
(6,0,1,2,3,4,5) : 2
(6,0,1,2,4,3,5) : 1
(6,0,1,2,5,3,4) : 1
(6,0,1,2,5,4,3) : 1
(6,0,1,3,2,4,5) : 1
(6,0,1,3,2,5,4) : 1
(6,0,1,3,5,2,4) : 2
(6,0,1,3,5,4,2) : 1
(6,0,2) : 1
(6,0,2,1,3,4,5) : 3
(6,0,2,1,3,5,4) : 1
(6,0,2,3,1,4,5) : 1
(6,0,2,3,1,5,4) : 1
(6,0,2,3,4,1,5) : 1
(6,0,2,3,5,1,4) : 1
(6,0,2,4,1,3,5) : 1
(6,0,2,4,1,5,3) : 1
(6,0,2,4,5,3,1) : 1
(6,0,2,5,4,3,1) : 1
(6,0,3) : 1
(6,0,3,1,2,5,4) : 1
(6,0,3,2,1,4,5) : 1
(6,0,3,2,1,5,4) : 2
(6,0,3,2,4,5,1) : 1
(6,0,3,5,2,1,4) : 1
(6,0,4,2,1,5,3) : 1
(6,0,4,5) : 1
(6,0,5) : 3
(6,0,5,1,2,3,4) : 1
(6,0,5,1,3,2,4) : 1
(6,0,5,1,4,2,3) : 1
(6,0,5,2,1,3,4) : 1
(6,0,5,2,1,4,3) : 1
(6,0,5,2,3,4,1) : 1
(6,0,5,3) : 1
(6,0,5,3,1,2,4) : 1
(6,0,5,3,2,1,4) : 1
(6,0,5,3,4,1,2) : 1
(6,0,5,3,4,2,1) : 1
(6,0,5,4,2,1,3) : 1
(6,0,5,4,2,3,1) : 3
(6,0,5,4,3,2,1) : 3
(6,1) : 2
(6,1,0,2,3,4,5) : 1
(6,1,0,2,3,5,4) : 1
(6,1,0,3,5,2,4) : 1
(6,1,0,4,2,3,5) : 1
(6,1,2,3,0,4,5) : 1
(6,1,2,3,4,0,5) : 1
(6,1,2,4,5,0) : 1
(6,1,3,0) : 1
(6,1,3,0,2,5,4) : 1
(6,1,4,2,3,0,5) : 1
(6,1,5,0,3,2,4) : 1
(6,2,1,0,3,4,5) : 1
(6,2,1,3,4,5,0) : 1
(6,2,3,4,0,5,1) : 1
(6,2,3,5,0,1,4) : 1
(6,2,4,0,1,3,5) : 1
(6,2,4,1,5,0,3) : 1
(6,2,4,3,1,0,5) : 1
(6,2,4,5,0,3,1) : 1
(6,3) : 2
(6,3,0,1,2,4,5) : 1
(6,3,0,1,4,2,5) : 1
(6,3,0,2,1,5,4) : 1
(6,3,0,2,5,4,1) : 1
(6,3,0,5,1,2,4) : 1
(6,3,0,5,2,1,4) : 1
(6,3,1) : 1
(6,3,1,0,2,4,5) : 1
(6,3,1,2,4,0,5) : 1
(6,3,1,4,5,0,2) : 1
(6,3,1,5,4,2,0) : 1
(6,3,2,1,4,5,0) : 1
(6,3,2,4,5,1,0) : 1
(6,3,5,0) : 1
(6,3,5,2,1,0,4) : 1
(6,3,5,4,2,1,0) : 1
(6,4,0,5,3,2,1) : 1
(6,4,3,0,5,2,1) : 1
(6,4,3,2,1,5,0) : 1
(6,4,3,5,2,1,0) : 1
(6,4,5,3,0,1,2) : 1
(6,5) : 9
(6,5,0) : 6
(6,5,0,1,2,3,4) : 3
(6,5,0,1,3,2,4) : 1
(6,5,0,2,3,4,1) : 1
(6,5,0,2,4,1,3) : 1
(6,5,0,3,1,2,4) : 1
(6,5,0,3,1,4,2) : 1
(6,5,0,3,2,1,4) : 2
(6,5,0,3,4,1,2) : 1
(6,5,0,3,4,2,1) : 1
(6,5,0,4,3,2,1) : 1
(6,5,2,0,4,3,1) : 1
(6,5,2,3,0,4,1) : 1
(6,5,2,3,4,0,1) : 1
(6,5,3,0) : 1
(6,5,3,0,1,2,4) : 1
(6,5,3,2,0,1,4) : 1
(6,5,3,2,1,0,4) : 1
(6,5,3,4,2,0,1) : 1
(6,5,4,1,0,3,2) : 1
(6,5,4,1,2,3,0) : 1
(6,5,4,2,3,0,1) : 2
(6,5,4,2,3,1,0) : 2
(6,5,4,3,2,1,0) : 8
