0, 1, 2, 3, 4, 5, 6
GRN,CDP,NLT,LIB,ACP,SA,LAB
-+-+-+-+-
() : 222
(0) : 3817
(0,1) : 9
(0,1,2) : 8
(0,1,2,3) : 4
(0,1,2,3,4) : 1
(0,1,2,3,4,5) : 1
(0,1,2,3,4,5,6) : 82
(0,1,2,4,3,5,6) : 1
(0,1,2,4,5,3,6) : 1
(0,1,2,4,5,6,3) : 3
(0,1,2,5,4,3,6) : 3
(0,1,2,5,4,6,3) : 1
(0,1,2,6,3,4,5) : 1
(0,1,2,6,5,4,3) : 2
(0,1,3) : 2
(0,1,3,2) : 1
(0,1,3,2,4,5,6) : 1
(0,1,3,4,5,6) : 1
(0,1,3,5,4,2,6) : 1
(0,1,3,6,4,5,2) : 2
(0,1,4) : 1
(0,1,4,2,5,3,6) : 1
(0,1,4,2,5,6,3) : 3
(0,1,4,2,6,3,5) : 1
(0,1,4,3,6,2,5) : 1
(0,1,4,3,6,5,2) : 1
(0,1,4,5,2,6,3) : 2
(0,1,4,5,3,2,6) : 1
(0,1,4,5,6,2,3) : 3
(0,1,4,6,5,2,3) : 1
(0,1,5) : 1
(0,1,5,2,4,3,6) : 1
(0,1,5,3,2,4,6) : 1
(0,1,5,4,2,3,6) : 2
(0,1,5,4,2,6,3) : 1
(0,1,5,4,3,6,2) : 1
(0,1,5,4,6,3,2) : 1
(0,1,5,6,2,3,4) : 1
(0,1,5,6,4,2,3) : 2
(0,1,5,6,4,3,2) : 2
(0,1,6) : 5
(0,1,6,2,3,4,5) : 1
(0,1,6,2,4,5,3) : 1
(0,1,6,2,5,4,3) : 1
(0,1,6,3) : 1
(0,1,6,3,2,4,5) : 4
(0,1,6,3,4,2,5) : 1
(0,1,6,3,4,5,2) : 1
(0,1,6,4,5,2,3) : 1
(0,1,6,5,4,2,3) : 2
(0,1,6,5,4,3,2) : 1
(0,2) : 24
(0,2,1) : 1
(0,2,1,3,4,5,6) : 2
(0,2,1,3,5,4,6) : 2
(0,2,1,3,5,6,4) : 1
(0,2,1,3,6,5,4) : 1
(0,2,1,4,3,5,6) : 1
(0,2,1,4,3,6,5) : 2
(0,2,1,4,5,3,6) : 3
(0,2,1,4,5,6,3) : 2
(0,2,1,5,3,4,6) : 1
(0,2,1,5,4,6,3) : 1
(0,2,3) : 1
(0,2,3,1) : 1
(0,2,3,1,5,6,4) : 2
(0,2,3,4,1,5,6) : 1
(0,2,3,4,5,1,6) : 3
(0,2,3,4,5,6,1) : 4
(0,2,3,5,4,6,1) : 2
(0,2,3,5,6,4,1) : 1
(0,2,3,6,4,1,5) : 2
(0,2,4) : 5
(0,2,4,1,3,5,6) : 1
(0,2,4,1,5,3,6) : 2
(0,2,4,1,5,6,3) : 3
(0,2,4,1,6,5,3) : 1
(0,2,4,3,1,5,6) : 1
(0,2,4,3,1,6,5) : 1
(0,2,4,3,5,6,1) : 1
(0,2,4,3,6,5,1) : 1
(0,2,4,5) : 1
(0,2,4,5,1,3,6) : 2
(0,2,4,5,1,6,3) : 4
(0,2,4,5,3,6,1) : 3
(0,2,4,5,6,1,3) : 6
(0,2,4,5,6,3,1) : 7
(0,2,4,6) : 1
(0,2,4,6,1,3,5) : 2
(0,2,4,6,3,5,1) : 1
(0,2,4,6,5,1,3) : 2
(0,2,4,6,5,3,1) : 2
(0,2,5) : 1
(0,2,5,1,3,4) : 1
(0,2,5,1,6,4,3) : 1
(0,2,5,4,1,3,6) : 2
(0,2,5,4,1,6,3) : 2
(0,2,5,4,3,6,1) : 3
(0,2,5,4,6,1,3) : 3
(0,2,5,4,6,3,1) : 4
(0,2,5,6,3,4,1) : 1
(0,2,5,6,4,1,3) : 1
(0,2,5,6,4,3,1) : 1
(0,2,6) : 7
(0,2,6,1,5,4,3) : 1
(0,2,6,3,1,5,4) : 1
(0,2,6,3,4,1,5) : 1
(0,2,6,3,4,5,1) : 3
(0,2,6,3,5,4,1) : 1
(0,2,6,4) : 1
(0,2,6,4,5,1,3) : 4
(0,2,6,4,5,3,1) : 5
(0,2,6,5) : 2
(0,2,6,5,3,4,1) : 2
(0,2,6,5,4,1,3) : 2
(0,3) : 67
(0,3,1) : 1
(0,3,1,2,4,5,6) : 3
(0,3,1,2,4,6,5) : 1
(0,3,1,2,5,6,4) : 1
(0,3,1,4,5,6,2) : 1
(0,3,1,4,6,2,5) : 1
(0,3,2) : 1
(0,3,2,1,4,5,6) : 3
(0,3,2,1,4,6,5) : 1
(0,3,2,1,5,4,6) : 1
(0,3,2,4,1,5,6) : 1
(0,3,2,4,1,6,5) : 2
(0,3,2,4,5,1,6) : 1
(0,3,2,4,5,6,1) : 2
(0,3,2,4,6,5,1) : 3
(0,3,2,5,4,1,6) : 1
(0,3,2,5,6,1,4) : 1
(0,3,2,5,6,4,1) : 3
(0,3,2,6,5,1,4) : 1
(0,3,4) : 1
(0,3,4,1,2,5,6) : 1
(0,3,4,1,5,2,6) : 1
(0,3,4,2,1,5,6) : 4
(0,3,4,2,5,1,6) : 2
(0,3,4,2,5,6,1) : 4
(0,3,4,2,6,1,5) : 2
(0,3,4,2,6,5,1) : 1
(0,3,4,5,1,2,6) : 2
(0,3,4,5,2,1,6) : 3
(0,3,4,5,2,6) : 1
(0,3,4,5,2,6,1) : 1
(0,3,4,5,6,1,2) : 2
(0,3,4,5,6,2,1) : 2
(0,3,4,6,1,2,5) : 1
(0,3,4,6,2,5,1) : 6
(0,3,4,6,5,2,1) : 6
(0,3,5) : 5
(0,3,5,1,2,4,6) : 3
(0,3,5,2,4,6,1) : 1
(0,3,5,2,6,1,4) : 1
(0,3,5,2,6,4,1) : 1
(0,3,5,4,2,1,6) : 2
(0,3,5,4,2,6,1) : 2
(0,3,5,4,6,2,1) : 1
(0,3,5,6) : 2
(0,3,5,6,2,1,4) : 1
(0,3,5,6,2,4,1) : 2
(0,3,5,6,4,2,1) : 7
(0,3,6) : 30
(0,3,6,1) : 1
(0,3,6,1,2,4,5) : 6
(0,3,6,1,2,5,4) : 2
(0,3,6,1,5,4,2) : 3
(0,3,6,2,1,5) : 1
(0,3,6,2,1,5,4) : 1
(0,3,6,2,4,5,1) : 5
(0,3,6,2,5,4,1) : 6
(0,3,6,4) : 3
(0,3,6,4,1,5,2) : 1
(0,3,6,4,2,1,5) : 3
(0,3,6,4,2,5,1) : 8
(0,3,6,4,5,2,1) : 16
(0,3,6,5,1,2,4) : 1
(0,3,6,5,2,1,4) : 1
(0,3,6,5,2,4,1) : 8
(0,3,6,5,4,1,2) : 1
(0,3,6,5,4,2,1) : 23
(0,4) : 40
(0,4,1,2,3,6,5) : 1
(0,4,1,2,5,6,3) : 2
(0,4,1,3,2,5,6) : 1
(0,4,1,5,6,3,2) : 1
(0,4,1,6,2,3,5) : 1
(0,4,2) : 2
(0,4,2,1) : 1
(0,4,2,1,3,5,6) : 1
(0,4,2,1,5,6,3) : 1
(0,4,2,1,6,5,3) : 1
(0,4,2,3,5,6,1) : 1
(0,4,2,3,6,5,1) : 1
(0,4,2,5,1,3,6) : 1
(0,4,2,5,1,6,3) : 5
(0,4,2,5,3,1,6) : 1
(0,4,2,5,3,6,1) : 5
(0,4,2,5,6,1,3) : 2
(0,4,2,5,6,3,1) : 6
(0,4,2,6) : 1
(0,4,2,6,1,3,5) : 1
(0,4,2,6,3,1,5) : 1
(0,4,2,6,3,5,1) : 3
(0,4,2,6,5) : 1
(0,4,2,6,5,1,3) : 2
(0,4,2,6,5,3,1) : 5
(0,4,3) : 1
(0,4,3,2,1,5,6) : 2
(0,4,3,2,5,6,1) : 1
(0,4,3,2,6,5,1) : 1
(0,4,3,5,1,2,6) : 1
(0,4,3,5,2,1,6) : 1
(0,4,3,5,2,6,1) : 2
(0,4,3,6,2,1,5) : 1
(0,4,3,6,2,5,1) : 2
(0,4,3,6,5,1,2) : 1
(0,4,3,6,5,2,1) : 4
(0,4,5) : 9
(0,4,5,1) : 1
(0,4,5,1,3,6,2) : 1
(0,4,5,1,6,2,3) : 1
(0,4,5,2,1,3,6) : 3
(0,4,5,2,1,6,3) : 2
(0,4,5,2,3,6,1) : 2
(0,4,5,2,6,1,3) : 3
(0,4,5,2,6,3,1) : 15
(0,4,5,3,2,1,6) : 1
(0,4,5,3,2,6,1) : 1
(0,4,5,3,6,1,2) : 1
(0,4,5,3,6,2,1) : 4
(0,4,5,6) : 5
(0,4,5,6,1,2,3) : 5
(0,4,5,6,1,3,2) : 2
(0,4,5,6,2) : 1
(0,4,5,6,2,1,3) : 11
(0,4,5,6,2,3) : 1
(0,4,5,6,2,3,1) : 23
(0,4,5,6,3,1,2) : 5
(0,4,5,6,3,2,1) : 20
(0,4,6) : 35
(0,4,6,1,2,5,3) : 1
(0,4,6,1,3) : 1
(0,4,6,1,5,2,3) : 1
(0,4,6,2,3,5,1) : 4
(0,4,6,2,5,1,3) : 4
(0,4,6,2,5,3,1) : 7
(0,4,6,3) : 2
(0,4,6,3,1,2,5) : 1
(0,4,6,3,2,1,5) : 4
(0,4,6,3,2,5,1) : 11
(0,4,6,3,5,1,2) : 3
(0,4,6,3,5,2,1) : 11
(0,4,6,5) : 3
(0,4,6,5,1) : 1
(0,4,6,5,1,2,3) : 10
(0,4,6,5,2,1,3) : 15
(0,4,6,5,2,3,1) : 22
(0,4,6,5,3) : 1
(0,4,6,5,3,1,2) : 3
(0,4,6,5,3,2,1) : 21
(0,5) : 40
(0,5,1) : 4
(0,5,1,2,4,6,3) : 4
(0,5,1,3,4,6,2) : 1
(0,5,1,6,2,4,3) : 1
(0,5,1,6,3,4,2) : 1
(0,5,1,6,4,2,3) : 2
(0,5,2) : 2
(0,5,2,1,3,4,6) : 2
(0,5,2,1,4,6,3) : 1
(0,5,2,3,6,4,1) : 1
(0,5,2,4) : 1
(0,5,2,4,1,6,3) : 2
(0,5,2,4,3,1,6) : 1
(0,5,2,4,6,1,3) : 3
(0,5,2,4,6,3,1) : 3
(0,5,2,6) : 1
(0,5,2,6,1,4,3) : 1
(0,5,2,6,3,4,1) : 3
(0,5,2,6,4,1,3) : 2
(0,5,2,6,4,3,1) : 3
(0,5,3) : 2
(0,5,3,1,2,4,6) : 1
(0,5,3,2,4,1,6) : 1
(0,5,3,4,2,6,1) : 2
(0,5,3,4,6,2,1) : 3
(0,5,3,6,1,2) : 1
(0,5,3,6,2,1,4) : 1
(0,5,3,6,4,2,1) : 3
(0,5,4) : 5
(0,5,4,1,2,3,6) : 1
(0,5,4,1,2,6,3) : 8
(0,5,4,1,6,2,3) : 3
(0,5,4,2,1,3,6) : 5
(0,5,4,2,1,6,3) : 8
(0,5,4,2,3,1,6) : 2
(0,5,4,2,3,6,1) : 4
(0,5,4,2,6) : 1
(0,5,4,2,6,1,3) : 10
(0,5,4,2,6,3,1) : 9
(0,5,4,3,2,1,6) : 1
(0,5,4,3,2,6,1) : 1
(0,5,4,3,6,2,1) : 5
(0,5,4,6) : 14
(0,5,4,6,1,2,3) : 6
(0,5,4,6,1,3,2) : 2
(0,5,4,6,2,1,3) : 11
(0,5,4,6,2,3,1) : 33
(0,5,4,6,3,1,2) : 6
(0,5,4,6,3,2,1) : 8
(0,5,6) : 775
(0,5,6,1) : 2
(0,5,6,1,2,3) : 1
(0,5,6,1,2,3,4) : 4
(0,5,6,1,2,4,3) : 7
(0,5,6,1,3,2,4) : 1
(0,5,6,1,3,4,2) : 2
(0,5,6,1,4,2,3) : 14
(0,5,6,1,4,3,2) : 2
(0,5,6,2) : 3
(0,5,6,2,1,3,4) : 2
(0,5,6,2,1,4,3) : 8
(0,5,6,2,3,1,4) : 2
(0,5,6,2,3,4,1) : 8
(0,5,6,2,4,1,3) : 33
(0,5,6,2,4,3,1) : 22
(0,5,6,3) : 1
(0,5,6,3,1,2) : 1
(0,5,6,3,1,2,4) : 3
(0,5,6,3,2,1,4) : 3
(0,5,6,3,2,4,1) : 4
(0,5,6,3,4,1,2) : 1
(0,5,6,3,4,2,1) : 12
(0,5,6,4) : 35
(0,5,6,4,1) : 3
(0,5,6,4,1,2,3) : 32
(0,5,6,4,1,3,2) : 5
(0,5,6,4,2) : 1
(0,5,6,4,2,1,3) : 86
(0,5,6,4,2,3,1) : 90
(0,5,6,4,3,1,2) : 2
(0,5,6,4,3,2) : 1
(0,5,6,4,3,2,1) : 46
(0,6) : 688
(0,6,1) : 5
(0,6,1,2,3,4,5) : 8
(0,6,1,2,4,5,3) : 5
(0,6,1,2,5,3,4) : 1
(0,6,1,2,5,4,3) : 4
(0,6,1,3) : 1
(0,6,1,3,2,4,5) : 5
(0,6,1,3,4,5,2) : 1
(0,6,1,3,5,2,4) : 3
(0,6,1,3,5,4,2) : 2
(0,6,1,4,2,3,5) : 1
(0,6,1,4,2,5,3) : 1
(0,6,1,4,3,2,5) : 1
(0,6,1,4,5,2,3) : 12
(0,6,1,4,5,3,2) : 1
(0,6,1,5) : 1
(0,6,1,5,2,4,3) : 7
(0,6,1,5,3,2,4) : 2
(0,6,1,5,3,4,2) : 2
(0,6,1,5,4,2,3) : 6
(0,6,1,5,4,3,2) : 1
(0,6,2) : 13
(0,6,2,1,3,4,5) : 3
(0,6,2,1,3,5,4) : 2
(0,6,2,1,5,3,4) : 1
(0,6,2,3,1,4,5) : 1
(0,6,2,3,4,5,1) : 4
(0,6,2,3,5,1,4) : 2
(0,6,2,3,5,4,1) : 6
(0,6,2,4,3,5,1) : 7
(0,6,2,4,5,1,3) : 30
(0,6,2,4,5,3) : 1
(0,6,2,4,5,3,1) : 15
(0,6,2,5) : 1
(0,6,2,5,1,4,3) : 3
(0,6,2,5,3,1,4) : 2
(0,6,2,5,3,4,1) : 5
(0,6,2,5,4) : 2
(0,6,2,5,4,1,3) : 12
(0,6,2,5,4,3) : 1
(0,6,2,5,4,3,1) : 17
(0,6,3) : 44
(0,6,3,1,2,4,5) : 7
(0,6,3,1,2,5,4) : 2
(0,6,3,1,4) : 1
(0,6,3,1,4,2,5) : 1
(0,6,3,1,4,5,2) : 3
(0,6,3,1,5,2,4) : 3
(0,6,3,1,5,4,2) : 3
(0,6,3,2) : 2
(0,6,3,2,1,4,5) : 5
(0,6,3,2,1,5,4) : 1
(0,6,3,2,4,1,5) : 5
(0,6,3,2,4,5,1) : 12
(0,6,3,2,5,1,4) : 2
(0,6,3,2,5,4,1) : 8
(0,6,3,4) : 1
(0,6,3,4,1,2,5) : 2
(0,6,3,4,1,5,2) : 1
(0,6,3,4,2,1,5) : 8
(0,6,3,4,2,5,1) : 24
(0,6,3,4,5,1,2) : 4
(0,6,3,4,5,2,1) : 29
(0,6,3,5) : 1
(0,6,3,5,1,2,4) : 2
(0,6,3,5,1,4,2) : 3
(0,6,3,5,2,1,4) : 3
(0,6,3,5,2,4,1) : 16
(0,6,3,5,4,1,2) : 3
(0,6,3,5,4,2,1) : 29
(0,6,4) : 79
(0,6,4,1) : 1
(0,6,4,1,2,3,5) : 1
(0,6,4,1,2,5,3) : 6
(0,6,4,1,3,2,5) : 1
(0,6,4,1,3,5,2) : 1
(0,6,4,1,5,2,3) : 7
(0,6,4,1,5,3) : 1
(0,6,4,1,5,3,2) : 1
(0,6,4,2) : 2
(0,6,4,2,1,3,5) : 2
(0,6,4,2,1,5,3) : 11
(0,6,4,2,3,1,5) : 2
(0,6,4,2,3,5,1) : 20
(0,6,4,2,5) : 1
(0,6,4,2,5,1) : 1
(0,6,4,2,5,1,3) : 25
(0,6,4,2,5,3,1) : 38
(0,6,4,3) : 3
(0,6,4,3,1,2,5) : 1
(0,6,4,3,1,5,2) : 3
(0,6,4,3,2,1,5) : 3
(0,6,4,3,2,5,1) : 20
(0,6,4,3,5,1,2) : 5
(0,6,4,3,5,2,1) : 26
(0,6,4,5) : 10
(0,6,4,5,1,2,3) : 42
(0,6,4,5,1,3,2) : 11
(0,6,4,5,2) : 3
(0,6,4,5,2,1,3) : 49
(0,6,4,5,2,3) : 1
(0,6,4,5,2,3,1) : 72
(0,6,4,5,3) : 1
(0,6,4,5,3,1,2) : 7
(0,6,4,5,3,2,1) : 47
(0,6,5) : 204
(0,6,5,1) : 1
(0,6,5,1,2,3,4) : 4
(0,6,5,1,2,4,3) : 11
(0,6,5,1,3,2,4) : 1
(0,6,5,1,3,4,2) : 2
(0,6,5,1,4,2,3) : 21
(0,6,5,1,4,3,2) : 3
(0,6,5,2,1,3,4) : 3
(0,6,5,2,1,4,3) : 18
(0,6,5,2,3,1,4) : 4
(0,6,5,2,3,4,1) : 11
(0,6,5,2,4) : 3
(0,6,5,2,4,1,3) : 42
(0,6,5,2,4,3,1) : 39
(0,6,5,3) : 1
(0,6,5,3,1,2,4) : 1
(0,6,5,3,1,4,2) : 2
(0,6,5,3,2,1,4) : 4
(0,6,5,3,2,4,1) : 11
(0,6,5,3,4,2,1) : 38
(0,6,5,4) : 28
(0,6,5,4,1,2,3) : 66
(0,6,5,4,1,3,2) : 3
(0,6,5,4,2) : 3
(0,6,5,4,2,1,3) : 166
(0,6,5,4,2,3,1) : 172
(0,6,5,4,3) : 1
(0,6,5,4,3,1,2) : 8
(0,6,5,4,3,2,1) : 77
(1) : 441
(1,0) : 7
(1,0,2) : 1
(1,0,2,3,4,5,6) : 5
(1,0,2,3,6,5,4) : 1
(1,0,2,4,5,6,3) : 1
(1,0,2,4,6,5,3) : 1
(1,0,2,5,4,6,3) : 1
(1,0,3,2,4,5,6) : 2
(1,0,3,4,2,5,6) : 1
(1,0,3,4,5,6,2) : 1
(1,0,3,6) : 2
(1,0,4,2,3,5,6) : 1
(1,0,4,5,2,6,3) : 1
(1,0,4,5,6,3,2) : 1
(1,0,5,3,2,6,4) : 1
(1,0,5,6,3,2,4) : 1
(1,0,6,2,3,4,5) : 1
(1,0,6,2,4,3,5) : 1
(1,0,6,2,5,4,3) : 1
(1,0,6,3,4,5,2) : 1
(1,0,6,3,5,4,2) : 1
(1,0,6,4,5,2,3) : 1
(1,0,6,5) : 1
(1,0,6,5,2,4,3) : 1
(1,2) : 2
(1,2,0,3,6,4,5) : 1
(1,2,0,4,3,5,6) : 1
(1,2,0,6) : 1
(1,2,3) : 1
(1,2,3,4,5) : 1
(1,2,3,4,5,6) : 1
(1,2,3,4,5,6,0) : 7
(1,2,3,5,4,6,0) : 1
(1,2,3,6,5,0,4) : 1
(1,2,4,3,5,6,0) : 1
(1,2,4,3,6,5,0) : 1
(1,2,4,5,0,3,6) : 1
(1,2,4,5,3,0,6) : 2
(1,2,4,5,3,6,0) : 1
(1,2,4,5,6,0,3) : 1
(1,2,4,5,6,3,0) : 4
(1,2,4,6,3,0,5) : 1
(1,2,5) : 1
(1,2,5,3,4,0,6) : 1
(1,2,5,4,6,3,0) : 1
(1,2,5,6,0,4,3) : 1
(1,2,6,3,4,5,0) : 1
(1,2,6,4,5,3,0) : 1
(1,2,6,5,4,3,0) : 1
(1,3) : 63
(1,3,0) : 1
(1,3,0,2,4,5,6) : 2
(1,3,0,2,5,4,6) : 1
(1,3,0,2,6,5,4) : 1
(1,3,0,4,2,6,5) : 1
(1,3,0,5,2,4,6) : 1
(1,3,0,5,4,2,6) : 1
(1,3,0,6) : 1
(1,3,0,6,4,2,5) : 1
(1,3,2,0,4,5,6) : 2
(1,3,2,0,5,4,6) : 1
(1,3,2,0,6,4,5) : 1
(1,3,2,0,6,5,4) : 1
(1,3,2,4,5,0,6) : 3
(1,3,2,4,5,6,0) : 4
(1,3,2,4,6,0,5) : 3
(1,3,2,4,6,5,0) : 2
(1,3,2,5,4,0,6) : 1
(1,3,2,5,4,6,0) : 4
(1,3,2,6,4,0,5) : 1
(1,3,2,6,5,0,4) : 1
(1,3,4) : 1
(1,3,4,2,0,5,6) : 1
(1,3,4,2,5,6,0) : 4
(1,3,4,2,6,0,5) : 2
(1,3,4,2,6,5,0) : 1
(1,3,4,5,0,6) : 1
(1,3,4,5,2,0,6) : 2
(1,3,4,5,2,6,0) : 2
(1,3,4,5,6,0) : 1
(1,3,4,5,6,0,2) : 1
(1,3,4,5,6,2,0) : 3
(1,3,4,6) : 1
(1,3,4,6,0,5,2) : 1
(1,3,4,6,2,0,5) : 3
(1,3,4,6,2,5,0) : 3
(1,3,4,6,5,0,2) : 2
(1,3,4,6,5,2,0) : 2
(1,3,5) : 1
(1,3,5,0,2,4,6) : 1
(1,3,5,0,6,2,4) : 1
(1,3,5,2,0,6) : 1
(1,3,5,2,6,4,0) : 1
(1,3,5,4,2,6,0) : 2
(1,3,6) : 6
(1,3,6,0,2,4,5) : 4
(1,3,6,0,2,5,4) : 2
(1,3,6,0,4,5,2) : 1
(1,3,6,0,5,4,2) : 3
(1,3,6,2,0,4,5) : 1
(1,3,6,2,4,0,5) : 3
(1,3,6,2,4,5,0) : 3
(1,3,6,2,5,4,0) : 1
(1,3,6,4,0,5,2) : 1
(1,3,6,4,2,0,5) : 3
(1,3,6,4,2,5,0) : 1
(1,3,6,4,5,2,0) : 3
(1,4) : 5
(1,4,0,3,6,5,2) : 2
(1,4,0,6) : 1
(1,4,0,6,2,5,3) : 1
(1,4,2) : 1
(1,4,2,0,3,5,6) : 1
(1,4,2,3,0,6,5) : 2
(1,4,2,3,5,6,0) : 2
(1,4,2,5,3,6,0) : 2
(1,4,2,5,6,3,0) : 1
(1,4,2,6,3,0,5) : 2
(1,4,3) : 2
(1,4,3,2,5,0) : 1
(1,4,3,6,2,0,5) : 1
(1,4,5,0,2,3,6) : 1
(1,4,5,2,0,6,3) : 1
(1,4,5,2,6,3,0) : 1
(1,4,6) : 1
(1,4,6,3,2,5,0) : 1
(1,5) : 1
(1,5,0) : 1
(1,5,0,6,2,4,3) : 1
(1,5,0,6,4,2,3) : 1
(1,5,3,0,2,6) : 1
(1,5,3,0,6,4) : 1
(1,5,3,6,0,4,2) : 1
(1,5,6,0,2,4,3) : 2
(1,5,6,4,0,2,3) : 1
(1,6) : 23
(1,6,0) : 3
(1,6,0,2,5,3,4) : 1
(1,6,0,3,4,2,5) : 1
(1,6,0,3,4,5,2) : 1
(1,6,0,3,5,4,2) : 1
(1,6,0,4,2,5,3) : 1
(1,6,0,4,3,2,5) : 1
(1,6,0,5) : 1
(1,6,0,5,2,3,4) : 1
(1,6,0,5,3,2,4) : 1
(1,6,0,5,4,2,3) : 1
(1,6,2,3,4,0,5) : 1
(1,6,2,3,4,5,0) : 1
(1,6,2,4,3,5,0) : 1
(1,6,2,4,5,0,3) : 1
(1,6,3) : 3
(1,6,3,0,2,4,5) : 1
(1,6,3,0,4,5,2) : 1
(1,6,3,2) : 1
(1,6,3,2,0,4,5) : 2
(1,6,3,2,4,5,0) : 1
(1,6,3,4,0,2,5) : 1
(1,6,3,4,2,5,0) : 1
(1,6,4) : 1
(1,6,4,0) : 1
(1,6,4,0,5,2,3) : 1
(1,6,4,2,0,5,3) : 1
(1,6,4,2,3,5,0) : 1
(1,6,4,2,5,0,3) : 1
(1,6,5,0,2,4,3) : 1
(1,6,5,0,4,2,3) : 2
(1,6,5,2,3,0) : 1
(1,6,5,2,4,0,3) : 1
(1,6,5,2,4,3,0) : 1
(1,6,5,3,4,2,0) : 1
(1,6,5,4,2,0,3) : 1
(1,6,5,4,2,3,0) : 1
(1,6,5,4,3,2,0) : 1
(2) : 508
(2,0) : 6
(2,0,1) : 1
(2,0,1,3,4,5,6) : 2
(2,0,1,4,5,3,6) : 1
(2,0,1,4,5,6,3) : 4
(2,0,1,6,5,4,3) : 1
(2,0,3) : 1
(2,0,3,1,4,5,6) : 1
(2,0,3,4,6,5,1) : 1
(2,0,3,5,6,1,4) : 1
(2,0,3,6,4,5,1) : 1
(2,0,3,6,5,1,4) : 1
(2,0,3,6,5,4,1) : 1
(2,0,4,1,5,6,3) : 1
(2,0,4,3,5,6,1) : 1
(2,0,4,5,1,3,6) : 1
(2,0,4,5,6,3,1) : 1
(2,0,4,6,3,5,1) : 1
(2,0,4,6,5,3,1) : 1
(2,0,5) : 1
(2,0,5,1,4,3,6) : 1
(2,0,5,4,3,6,1) : 1
(2,0,5,6,4,1,3) : 1
(2,0,5,6,4,3,1) : 1
(2,0,6,3,4,5,1) : 2
(2,0,6,3,5,1,4) : 1
(2,0,6,5,4,3,1) : 1
(2,1,0,3,4,5,6) : 6
(2,1,0,4,3,5,6) : 1
(2,1,0,4,5,3,6) : 1
(2,1,0,4,5,6,3) : 2
(2,1,0,5,4,6,3) : 2
(2,1,0,5,6,3,4) : 1
(2,1,0,6,5,4,3) : 1
(2,1,3,0,4,5,6) : 1
(2,1,3,0,6,4,5) : 2
(2,1,3,4,0,5,6) : 1
(2,1,3,4,6,0,5) : 1
(2,1,4,3) : 1
(2,1,4,3,0,6,5) : 1
(2,1,4,5,0,6,3) : 1
(2,1,4,5,3,0,6) : 1
(2,1,4,6,5,3,0) : 1
(2,1,5,4,0,3,6) : 1
(2,1,5,4,3,6,0) : 1
(2,1,5,6) : 1
(2,1,6,3,4,5,0) : 1
(2,1,6,5,4,3,0) : 1
(2,3) : 12
(2,3,0) : 3
(2,3,0,1,6) : 1
(2,3,0,4,5,1,6) : 1
(2,3,0,5,4,1,6) : 1
(2,3,0,6,4,1,5) : 1
(2,3,0,6,5,4,1) : 1
(2,3,1) : 2
(2,3,1,0,5,6,4) : 1
(2,3,4) : 2
(2,3,4,0,1,5,6) : 1
(2,3,4,0,5,1,6) : 1
(2,3,4,0,5,6,1) : 1
(2,3,4,0,6,1,5) : 1
(2,3,4,1,0,5,6) : 1
(2,3,4,5,0,6,1) : 1
(2,3,4,5,1,6,0) : 1
(2,3,4,5,6,0,1) : 2
(2,3,4,6,0,1,5) : 1
(2,3,5,6,0,1,4) : 1
(2,3,5,6,4,0,1) : 1
(2,3,5,6,4,1,0) : 2
(2,3,6) : 1
(2,3,6,0) : 1
(2,3,6,0,1,4,5) : 1
(2,3,6,1,5,0,4) : 1
(2,3,6,4,5,0,1) : 1
(2,3,6,4,5,1) : 1
(2,4) : 1
(2,4,0) : 1
(2,4,0,1,3,5,6) : 2
(2,4,0,1,5,6,3) : 1
(2,4,0,1,6,3,5) : 1
(2,4,0,3,5,6,1) : 1
(2,4,0,3,6,5,1) : 1
(2,4,0,6,1,5,3) : 1
(2,4,0,6,5,1,3) : 1
(2,4,0,6,5,3,1) : 1
(2,4,1) : 1
(2,4,1,0) : 1
(2,4,1,0,6,5,3) : 1
(2,4,1,3,6,0,5) : 1
(2,4,1,5,0,6,3) : 1
(2,4,1,5,3,6,0) : 1
(2,4,1,6,3,5,0) : 1
(2,4,3,5,1,0,6) : 1
(2,4,5) : 2
(2,4,5,0,1,3,6) : 1
(2,4,5,0,1,6) : 1
(2,4,5,0,1,6,3) : 2
(2,4,5,0,3,6,1) : 1
(2,4,5,0,6,3,1) : 1
(2,4,5,1,6,3,0) : 1
(2,4,5,3,6,0,1) : 1
(2,4,5,6,0,1,3) : 1
(2,4,5,6,3,0,1) : 1
(2,4,5,6,3,1,0) : 2
(2,4,6) : 1
(2,4,6,1,0,3,5) : 1
(2,4,6,3,0,5,1) : 1
(2,4,6,3,5,1,0) : 1
(2,4,6,5,0,3,1) : 1
(2,4,6,5,3,1,0) : 1
(2,5) : 3
(2,5,0,1,3,4,6) : 1
(2,5,0,3,6,4,1) : 1
(2,5,0,6,1,3,4) : 1
(2,5,1,3,4,6,0) : 1
(2,5,1,4,0,3,6) : 1
(2,5,3,6,0,4,1) : 1
(2,5,4,0,1,3,6) : 1
(2,5,4,0,1,6,3) : 1
(2,5,4,0,6,3,1) : 3
(2,5,4,1,0,3,6) : 1
(2,5,4,1,0,6,3) : 1
(2,5,4,1,3,0,6) : 2
(2,5,4,1,6,3,0) : 1
(2,5,6,0,1,3,4) : 1
(2,5,6,0,3,4,1) : 1
(2,6) : 15
(2,6,0) : 1
(2,6,0,1,3,4,5) : 1
(2,6,0,1,4,5,3) : 1
(2,6,0,3,5,4,1) : 1
(2,6,0,4,3,1,5) : 1
(2,6,0,4,5,3,1) : 1
(2,6,0,5,3,4,1) : 2
(2,6,0,5,4,1,3) : 1
(2,6,1,3,4,5,0) : 1
(2,6,3,0,4,1,5) : 1
(2,6,3,4,0,1,5) : 1
(2,6,3,5,4,1,0) : 1
(2,6,4) : 1
(2,6,4,0,1,3,5) : 1
(2,6,5,0,1,3,4) : 1
(2,6,5,0,3,4,1) : 1
(2,6,5,4,3,1,0) : 3
(3) : 14479
(3,0) : 146
(3,0,1) : 2
(3,0,1,2) : 1
(3,0,1,2,4,5) : 2
(3,0,1,2,4,5,6) : 45
(3,0,1,2,4,6,5) : 1
(3,0,1,2,5,4,6) : 2
(3,0,1,2,5,6,4) : 1
(3,0,1,2,6,5,4) : 2
(3,0,1,4,2,5,6) : 2
(3,0,1,4,5,2) : 1
(3,0,1,4,5,2,6) : 3
(3,0,1,4,6,2,5) : 1
(3,0,1,4,6,5,2) : 1
(3,0,1,5,2,4,6) : 1
(3,0,1,5,4,6) : 1
(3,0,1,5,4,6,2) : 1
(3,0,1,5,6,2,4) : 1
(3,0,1,6,2,4,5) : 4
(3,0,1,6,4,2,5) : 2
(3,0,1,6,4,5,2) : 1
(3,0,1,6,5,2,4) : 2
(3,0,1,6,5,4,2) : 2
(3,0,2) : 6
(3,0,2,1,4,5,6) : 13
(3,0,2,1,5,4,6) : 2
(3,0,2,1,5,6,4) : 1
(3,0,2,1,6,4,5) : 1
(3,0,2,1,6,5,4) : 1
(3,0,2,4,1,5) : 1
(3,0,2,4,1,5,6) : 2
(3,0,2,4,1,6,5) : 1
(3,0,2,4,5,1,6) : 9
(3,0,2,4,5,6,1) : 8
(3,0,2,4,6,1,5) : 2
(3,0,2,4,6,5,1) : 4
(3,0,2,5,1,4,6) : 2
(3,0,2,5,1,6,4) : 3
(3,0,2,5,4,1,6) : 2
(3,0,2,5,4,6,1) : 3
(3,0,2,5,6,1) : 1
(3,0,2,5,6,1,4) : 1
(3,0,2,5,6,4,1) : 3
(3,0,2,6) : 1
(3,0,2,6,4,5,1) : 2
(3,0,2,6,5,1,4) : 2
(3,0,2,6,5,4,1) : 6
(3,0,4) : 8
(3,0,4,1,2,5,6) : 5
(3,0,4,1,2,6,5) : 2
(3,0,4,1,6,5,2) : 1
(3,0,4,2,1,5,6) : 6
(3,0,4,2,5,1,6) : 5
(3,0,4,2,5,6,1) : 9
(3,0,4,2,6,1,5) : 2
(3,0,4,2,6,5,1) : 2
(3,0,4,5) : 1
(3,0,4,5,1,2,6) : 2
(3,0,4,5,2,1,6) : 7
(3,0,4,5,2,6,1) : 2
(3,0,4,5,6,1,2) : 3
(3,0,4,5,6,2,1) : 6
(3,0,4,6,1,5,2) : 2
(3,0,4,6,2,1,5) : 2
(3,0,4,6,2,5,1) : 6
(3,0,4,6,5,2,1) : 9
(3,0,5) : 4
(3,0,5,1,2,4,6) : 5
(3,0,5,1,6,2,4) : 1
(3,0,5,2,1,4,6) : 4
(3,0,5,2,1,6,4) : 1
(3,0,5,2,4,1,6) : 6
(3,0,5,2,4,6,1) : 1
(3,0,5,4) : 1
(3,0,5,4,2) : 1
(3,0,5,4,2,1,6) : 7
(3,0,5,4,2,6,1) : 7
(3,0,5,4,6,2,1) : 4
(3,0,5,6,1,2,4) : 1
(3,0,5,6,2,4,1) : 1
(3,0,5,6,4,1,2) : 3
(3,0,5,6,4,2,1) : 12
(3,0,6) : 43
(3,0,6,1,2,4,5) : 3
(3,0,6,1,2,5,4) : 2
(3,0,6,1,4,5,2) : 1
(3,0,6,1,5,2,4) : 3
(3,0,6,1,5,4,2) : 1
(3,0,6,2) : 1
(3,0,6,2,1,4,5) : 3
(3,0,6,2,1,5,4) : 5
(3,0,6,2,4,1,5) : 2
(3,0,6,2,4,5,1) : 17
(3,0,6,2,5,1,4) : 3
(3,0,6,2,5,4,1) : 11
(3,0,6,4) : 3
(3,0,6,4,1,2) : 1
(3,0,6,4,1,2,5) : 3
(3,0,6,4,2,1,5) : 6
(3,0,6,4,2,5,1) : 19
(3,0,6,4,5) : 1
(3,0,6,4,5,1,2) : 3
(3,0,6,4,5,2,1) : 21
(3,0,6,5,1,2,4) : 3
(3,0,6,5,2,1,4) : 2
(3,0,6,5,2,4,1) : 12
(3,0,6,5,4,1,2) : 6
(3,0,6,5,4,2,1) : 20
(3,1) : 102
(3,1,0) : 5
(3,1,0,2,4,5,6) : 20
(3,1,0,2,4,6,5) : 3
(3,1,0,2,5,4,6) : 2
(3,1,0,2,6,4,5) : 1
(3,1,0,4,2,5,6) : 6
(3,1,0,4,5,2,6) : 3
(3,1,0,4,5,6) : 2
(3,1,0,4,5,6,2) : 2
(3,1,0,4,6,2,5) : 1
(3,1,0,4,6,5) : 2
(3,1,0,5,4,6,2) : 1
(3,1,0,6,4,2,5) : 3
(3,1,0,6,4,5,2) : 5
(3,1,0,6,5,2,4) : 2
(3,1,2) : 5
(3,1,2,0,4,5,6) : 13
(3,1,2,0,4,6,5) : 2
(3,1,2,0,5,4,6) : 1
(3,1,2,0,6,5,4) : 1
(3,1,2,4) : 5
(3,1,2,4,0,5,6) : 7
(3,1,2,4,0,6,5) : 3
(3,1,2,4,5,0,6) : 28
(3,1,2,4,5,6,0) : 20
(3,1,2,4,6,0,5) : 6
(3,1,2,4,6,5,0) : 9
(3,1,2,5,0,6,4) : 1
(3,1,2,5,4) : 1
(3,1,2,5,4,0,6) : 7
(3,1,2,5,4,6,0) : 3
(3,1,2,5,6,4,0) : 1
(3,1,2,6,0,4,5) : 2
(3,1,2,6,4,0,5) : 3
(3,1,2,6,4,5,0) : 2
(3,1,2,6,5,4,0) : 1
(3,1,4) : 6
(3,1,4,0,2,5,6) : 2
(3,1,4,0,2,6,5) : 1
(3,1,4,2,0,5,6) : 9
(3,1,4,2,0,6,5) : 2
(3,1,4,2,5,0,6) : 15
(3,1,4,2,5,6,0) : 17
(3,1,4,2,6,0,5) : 9
(3,1,4,2,6,5,0) : 6
(3,1,4,5,0,2,6) : 3
(3,1,4,5,0,6,2) : 1
(3,1,4,5,2,0,6) : 7
(3,1,4,5,2,6,0) : 5
(3,1,4,5,6,0) : 2
(3,1,4,5,6,0,2) : 4
(3,1,4,5,6,2) : 1
(3,1,4,5,6,2,0) : 4
(3,1,4,6,0,2,5) : 1
(3,1,4,6,0,5,2) : 1
(3,1,4,6,2,0,5) : 2
(3,1,4,6,5,2,0) : 2
(3,1,5) : 2
(3,1,5,0,2,6,4) : 2
(3,1,5,2,4,6,0) : 2
(3,1,5,4,0,2) : 1
(3,1,5,4,0,2,6) : 1
(3,1,5,4,2,0,6) : 9
(3,1,5,4,2,6,0) : 2
(3,1,5,4,6,0,2) : 1
(3,1,5,6,2,4,0) : 1
(3,1,5,6,4,2) : 1
(3,1,5,6,4,2,0) : 3
(3,1,6) : 8
(3,1,6,0) : 2
(3,1,6,0,2,4,5) : 2
(3,1,6,0,2,5,4) : 1
(3,1,6,0,4,2,5) : 4
(3,1,6,0,4,5,2) : 4
(3,1,6,0,5,2,4) : 1
(3,1,6,0,5,4,2) : 1
(3,1,6,2,4,0,5) : 1
(3,1,6,2,4,5,0) : 6
(3,1,6,2,5,4,0) : 1
(3,1,6,4,0,2,5) : 1
(3,1,6,4,2,0,5) : 2
(3,1,6,4,5,0) : 1
(3,1,6,4,5,2,0) : 3
(3,1,6,5,0,2,4) : 1
(3,1,6,5,2,0,4) : 2
(3,1,6,5,4,2,0) : 4
(3,2) : 46
(3,2,0) : 3
(3,2,0,1,4,5,6) : 8
(3,2,0,1,4,6,5) : 1
(3,2,0,1,5,4,6) : 2
(3,2,0,1,5,6,4) : 1
(3,2,0,4,1,5,6) : 5
(3,2,0,4,5,1,6) : 3
(3,2,0,4,5,6,1) : 2
(3,2,0,4,6,1,5) : 1
(3,2,0,4,6,5,1) : 1
(3,2,0,5,1,4,6) : 2
(3,2,0,5,1,6,4) : 2
(3,2,0,5,4,1,6) : 2
(3,2,0,5,6,1) : 1
(3,2,0,5,6,4,1) : 2
(3,2,0,6,4,5,1) : 1
(3,2,0,6,5,4,1) : 3
(3,2,1,0,4,5,6) : 25
(3,2,1,0,4,6,5) : 2
(3,2,1,0,5,4,6) : 1
(3,2,1,0,5,6,4) : 1
(3,2,1,4) : 1
(3,2,1,4,0,5,6) : 4
(3,2,1,4,0,6,5) : 1
(3,2,1,4,5,0,6) : 15
(3,2,1,4,5,6,0) : 11
(3,2,1,4,6,0,5) : 5
(3,2,1,4,6,5,0) : 3
(3,2,1,5) : 1
(3,2,1,5,0,6) : 1
(3,2,1,5,4,0,6) : 8
(3,2,1,5,4,6,0) : 2
(3,2,1,5,6,0) : 1
(3,2,1,5,6,0,4) : 2
(3,2,1,5,6,4,0) : 1
(3,2,1,6,4,0,5) : 2
(3,2,1,6,4,5,0) : 1
(3,2,1,6,5,4,0) : 3
(3,2,4) : 4
(3,2,4,0,1,5,6) : 6
(3,2,4,0,1,6,5) : 2
(3,2,4,0,5,1,6) : 3
(3,2,4,0,5,6,1) : 3
(3,2,4,0,6,1,5) : 3
(3,2,4,0,6,5,1) : 1
(3,2,4,1,0,5,6) : 7
(3,2,4,1,0,6,5) : 4
(3,2,4,1,5) : 1
(3,2,4,1,5,0,6) : 20
(3,2,4,1,5,6,0) : 5
(3,2,4,1,6,0,5) : 4
(3,2,4,1,6,5,0) : 3
(3,2,4,5) : 2
(3,2,4,5,0,1,6) : 6
(3,2,4,5,0,6,1) : 3
(3,2,4,5,1,0,6) : 28
(3,2,4,5,1,6,0) : 10
(3,2,4,5,6) : 1
(3,2,4,5,6,0) : 2
(3,2,4,5,6,0,1) : 3
(3,2,4,5,6,1,0) : 3
(3,2,4,6,0,1,5) : 2
(3,2,4,6,0,5,1) : 1
(3,2,4,6,1,0,5) : 2
(3,2,4,6,1,5,0) : 1
(3,2,4,6,5,0,1) : 3
(3,2,4,6,5,1,0) : 6
(3,2,5) : 1
(3,2,5,0,1,4,6) : 1
(3,2,5,0,4,1,6) : 2
(3,2,5,0,6) : 1
(3,2,5,0,6,1,4) : 1
(3,2,5,0,6,4,1) : 1
(3,2,5,1,0,6,4) : 1
(3,2,5,1,4,0,6) : 5
(3,2,5,1,4,6,0) : 1
(3,2,5,1,6,4,0) : 1
(3,2,5,4,0,1,6) : 2
(3,2,5,4,0,6,1) : 1
(3,2,5,4,1,0,6) : 14
(3,2,5,4,1,6,0) : 4
(3,2,5,4,6,0,1) : 2
(3,2,5,4,6,1) : 1
(3,2,5,4,6,1,0) : 4
(3,2,5,6,1,0,4) : 1
(3,2,5,6,1,4,0) : 1
(3,2,5,6,4,1,0) : 1
(3,2,6,0,1,5,4) : 1
(3,2,6,0,4,5,1) : 2
(3,2,6,0,5,4,1) : 1
(3,2,6,1,0,4,5) : 3
(3,2,6,1,4,5,0) : 1
(3,2,6,4,0,1,5) : 1
(3,2,6,4,0,5,1) : 1
(3,2,6,4,1,0,5) : 2
(3,2,6,4,5,1,0) : 2
(3,2,6,5,0,1,4) : 1
(3,2,6,5,0,4,1) : 1
(3,2,6,5,1,4,0) : 2
(3,2,6,5,4,0,1) : 3
(3,2,6,5,4,1) : 1
(3,2,6,5,4,1,0) : 5
(3,4) : 57
(3,4,0) : 9
(3,4,0,1,2,5,6) : 8
(3,4,0,1,2,6,5) : 1
(3,4,0,1,5,6) : 1
(3,4,0,1,6,5,2) : 1
(3,4,0,2,1,5,6) : 4
(3,4,0,2,5,1,6) : 7
(3,4,0,2,5,6,1) : 3
(3,4,0,2,6,5,1) : 5
(3,4,0,5,1,2,6) : 1
(3,4,0,5,2,1,6) : 2
(3,4,0,5,2,6,1) : 4
(3,4,0,5,6,1,2) : 1
(3,4,0,5,6,2,1) : 3
(3,4,0,6) : 2
(3,4,0,6,1,2,5) : 2
(3,4,0,6,1,5,2) : 1
(3,4,0,6,2,5,1) : 6
(3,4,0,6,5,1,2) : 3
(3,4,0,6,5,2,1) : 13
(3,4,1) : 3
(3,4,1,0,2,5,6) : 4
(3,4,1,0,6,2,5) : 2
(3,4,1,0,6,5,2) : 1
(3,4,1,2,0,5,6) : 5
(3,4,1,2,0,6,5) : 1
(3,4,1,2,5,0,6) : 7
(3,4,1,2,5,6) : 1
(3,4,1,2,5,6,0) : 5
(3,4,1,2,6,0,5) : 4
(3,4,1,2,6,5,0) : 1
(3,4,1,5,0,2,6) : 1
(3,4,1,5,0,6,2) : 1
(3,4,1,5,2,0) : 1
(3,4,1,5,2,0,6) : 6
(3,4,1,5,2,6,0) : 1
(3,4,1,5,6,0,2) : 1
(3,4,1,6,2,5,0) : 1
(3,4,1,6,5,2,0) : 2
(3,4,2) : 9
(3,4,2,0) : 1
(3,4,2,0,1,5,6) : 6
(3,4,2,0,1,6,5) : 2
(3,4,2,0,5,1,6) : 6
(3,4,2,0,5,6,1) : 4
(3,4,2,0,6,1,5) : 3
(3,4,2,0,6,5,1) : 6
(3,4,2,1,0,5,6) : 26
(3,4,2,1,0,6,5) : 3
(3,4,2,1,5) : 1
(3,4,2,1,5,0,6) : 34
(3,4,2,1,5,6,0) : 9
(3,4,2,1,6,0,5) : 4
(3,4,2,1,6,5,0) : 2
(3,4,2,5,0,1,6) : 7
(3,4,2,5,0,6,1) : 4
(3,4,2,5,1,0,6) : 32
(3,4,2,5,1,6,0) : 7
(3,4,2,5,6) : 1
(3,4,2,5,6,0,1) : 1
(3,4,2,5,6,1) : 1
(3,4,2,5,6,1,0) : 3
(3,4,2,6,0,1,5) : 1
(3,4,2,6,1,0,5) : 2
(3,4,2,6,1,5,0) : 1
(3,4,2,6,5,0,1) : 2
(3,4,2,6,5,1,0) : 2
(3,4,5,0,1,2,6) : 5
(3,4,5,0,2,6,1) : 3
(3,4,5,0,6,1) : 1
(3,4,5,0,6,2,1) : 1
(3,4,5,1,0,2,6) : 1
(3,4,5,1,2,0,6) : 7
(3,4,5,1,2,6,0) : 2
(3,4,5,1,6,0,2) : 1
(3,4,5,2,0,1,6) : 7
(3,4,5,2,0,6,1) : 2
(3,4,5,2,1,0,6) : 29
(3,4,5,2,1,6,0) : 9
(3,4,5,2,6,1,0) : 1
(3,4,5,6,0,1,2) : 4
(3,4,5,6,0,2,1) : 2
(3,4,5,6,1,2,0) : 1
(3,4,5,6,2,0,1) : 2
(3,4,5,6,2,1,0) : 17
(3,4,6) : 3
(3,4,6,0) : 3
(3,4,6,0,1,5,2) : 2
(3,4,6,0,2,1,5) : 4
(3,4,6,0,2,5,1) : 5
(3,4,6,0,5,2,1) : 5
(3,4,6,1,2,0,5) : 2
(3,4,6,1,2,5,0) : 2
(3,4,6,2,0,1) : 1
(3,4,6,2,0,5,1) : 2
(3,4,6,2,1,5,0) : 1
(3,4,6,2,5,0,1) : 2
(3,4,6,2,5,1,0) : 3
(3,4,6,5,0,1,2) : 3
(3,4,6,5,0,2,1) : 2
(3,4,6,5,2,1,0) : 3
(3,5) : 6
(3,5,0,1,2,4,6) : 1
(3,5,0,2,1,6,4) : 1
(3,5,0,2,4,1,6) : 1
(3,5,0,2,4,6,1) : 2
(3,5,0,4,2,6,1) : 1
(3,5,0,6,2,1,4) : 1
(3,5,0,6,2,4,1) : 1
(3,5,0,6,4,2,1) : 2
(3,5,1,0,4,2,6) : 1
(3,5,1,2,4,0,6) : 3
(3,5,1,2,6,0) : 2
(3,5,1,4,2,0,6) : 1
(3,5,1,4,6,0,2) : 1
(3,5,2,0,1,4,6) : 1
(3,5,2,0,4,1,6) : 1
(3,5,2,0,6,4,1) : 1
(3,5,2,1,0,4,6) : 1
(3,5,2,1,4,6,0) : 3
(3,5,2,1,6,4,0) : 1
(3,5,2,4,0,1,6) : 1
(3,5,2,4,0,6,1) : 3
(3,5,2,4,1,0,6) : 9
(3,5,2,4,1,6,0) : 2
(3,5,2,4,6,0,1) : 2
(3,5,2,4,6,1,0) : 1
(3,5,2,6,4,1,0) : 1
(3,5,4,0) : 1
(3,5,4,0,1,2,6) : 3
(3,5,4,0,2,1,6) : 3
(3,5,4,0,6,2,1) : 1
(3,5,4,1,2,0,6) : 2
(3,5,4,2,0,1,6) : 3
(3,5,4,2,0,6,1) : 4
(3,5,4,2,1,0,6) : 15
(3,5,4,2,1,6,0) : 4
(3,5,4,2,6,0,1) : 1
(3,5,4,6,2,1,0) : 3
(3,5,6) : 3
(3,5,6,0,1,2,4) : 2
(3,5,6,0,2,1,4) : 1
(3,5,6,0,2,4,1) : 1
(3,5,6,0,4,2,1) : 3
(3,5,6,1,0,2,4) : 1
(3,5,6,2,4,0,1) : 4
(3,5,6,4,0,2,1) : 2
(3,5,6,4,1,0,2) : 1
(3,5,6,4,2,1,0) : 2
(3,6) : 110
(3,6,0) : 52
(3,6,0,1) : 1
(3,6,0,1,2,4,5) : 25
(3,6,0,1,2,5,4) : 2
(3,6,0,1,4,2,5) : 4
(3,6,0,1,4,5) : 1
(3,6,0,1,4,5,2) : 8
(3,6,0,1,5,2,4) : 3
(3,6,0,1,5,4) : 1
(3,6,0,1,5,4,2) : 2
(3,6,0,2) : 2
(3,6,0,2,1,4,5) : 5
(3,6,0,2,1,5,4) : 3
(3,6,0,2,4,1,5) : 2
(3,6,0,2,4,5,1) : 8
(3,6,0,2,5,1,4) : 5
(3,6,0,2,5,4,1) : 12
(3,6,0,4) : 1
(3,6,0,4,2,1,5) : 3
(3,6,0,4,2,5,1) : 12
(3,6,0,4,5,1,2) : 2
(3,6,0,4,5,2,1) : 24
(3,6,0,5) : 1
(3,6,0,5,1,2,4) : 6
(3,6,0,5,1,4) : 1
(3,6,0,5,1,4,2) : 2
(3,6,0,5,2,1,4) : 7
(3,6,0,5,2,4,1) : 3
(3,6,0,5,4,1,2) : 2
(3,6,0,5,4,2,1) : 20
(3,6,1) : 3
(3,6,1,0,2) : 1
(3,6,1,0,2,4,5) : 7
(3,6,1,0,2,5,4) : 2
(3,6,1,0,4,5,2) : 1
(3,6,1,0,5,2,4) : 2
(3,6,1,0,5,4,2) : 1
(3,6,1,2,0,4,5) : 1
(3,6,1,2,0,5,4) : 1
(3,6,1,2,4,5,0) : 3
(3,6,1,2,5,4,0) : 2
(3,6,1,4,0,2,5) : 1
(3,6,1,4,0,5,2) : 1
(3,6,1,4,2,0,5) : 1
(3,6,1,4,2,5,0) : 2
(3,6,1,4,5,0,2) : 4
(3,6,1,4,5,2,0) : 1
(3,6,1,5,0,2,4) : 1
(3,6,1,5,2,0) : 1
(3,6,1,5,2,4,0) : 1
(3,6,1,5,4,0,2) : 1
(3,6,1,5,4,2) : 1
(3,6,2) : 3
(3,6,2,0,1,4,5) : 3
(3,6,2,0,1,5,4) : 1
(3,6,2,0,4,5,1) : 1
(3,6,2,0,5,4,1) : 3
(3,6,2,1,0,4,5) : 1
(3,6,2,1,0,5,4) : 4
(3,6,2,1,4,0,5) : 2
(3,6,2,1,4,5,0) : 4
(3,6,2,1,5,0,4) : 2
(3,6,2,1,5,4,0) : 1
(3,6,2,4,0,1,5) : 3
(3,6,2,4,0,5,1) : 1
(3,6,2,4,1,0,5) : 3
(3,6,2,4,1,5,0) : 1
(3,6,2,4,5,0,1) : 5
(3,6,2,4,5,1,0) : 6
(3,6,2,5,0,1,4) : 1
(3,6,2,5,0,4,1) : 1
(3,6,2,5,1,0,4) : 1
(3,6,2,5,4,0,1) : 1
(3,6,2,5,4,1,0) : 3
(3,6,4) : 1
(3,6,4,0) : 1
(3,6,4,0,2,5,1) : 4
(3,6,4,0,5,1,2) : 3
(3,6,4,0,5,2,1) : 6
(3,6,4,1,0) : 1
(3,6,4,1,0,2,5) : 2
(3,6,4,1,2,0,5) : 1
(3,6,4,1,2,5,0) : 1
(3,6,4,1,5,2,0) : 1
(3,6,4,2,0,5,1) : 2
(3,6,4,2,1,0,5) : 2
(3,6,4,2,1,5) : 1
(3,6,4,2,1,5,0) : 1
(3,6,4,5,0,2,1) : 1
(3,6,4,5,1,0,2) : 1
(3,6,4,5,2,0,1) : 2
(3,6,4,5,2,1,0) : 8
(3,6,5) : 2
(3,6,5,0) : 1
(3,6,5,0,1,2,4) : 5
(3,6,5,0,1,4,2) : 1
(3,6,5,0,2,1,4) : 1
(3,6,5,0,2,4,1) : 2
(3,6,5,0,4,1,2) : 1
(3,6,5,0,4,2,1) : 1
(3,6,5,1,0,2,4) : 1
(3,6,5,2,0,1,4) : 1
(3,6,5,2,0,4,1) : 1
(3,6,5,2,1,0,4) : 1
(3,6,5,2,1,4,0) : 1
(3,6,5,2,4,0,1) : 2
(3,6,5,2,4,1,0) : 4
(3,6,5,4) : 1
(3,6,5,4,0,2,1) : 1
(3,6,5,4,2) : 1
(3,6,5,4,2,0,1) : 4
(3,6,5,4,2,1,0) : 22
(4) : 408
(4,0) : 17
(4,0,1,2) : 1
(4,0,1,2,3,5,6) : 1
(4,0,1,3,2,6,5) : 1
(4,0,1,5,2,6,3) : 1
(4,0,1,6,5,2,3) : 2
(4,0,2) : 2
(4,0,2,1,5,3,6) : 1
(4,0,2,1,6,5,3) : 1
(4,0,2,3,5,6,1) : 1
(4,0,2,3,6,5,1) : 1
(4,0,2,5,3,1,6) : 1
(4,0,2,5,3,6,1) : 1
(4,0,2,6,3,1,5) : 1
(4,0,2,6,3,5,1) : 1
(4,0,2,6,5,1,3) : 2
(4,0,2,6,5,3,1) : 1
(4,0,3) : 6
(4,0,3,1,5,2,6) : 1
(4,0,3,1,6,2,5) : 1
(4,0,3,2) : 1
(4,0,3,5,2,1,6) : 1
(4,0,3,5,2,6,1) : 2
(4,0,3,5,6,1,2) : 1
(4,0,3,6) : 1
(4,0,3,6,2,1,5) : 1
(4,0,3,6,5,1,2) : 4
(4,0,3,6,5,2,1) : 7
(4,0,5,1,2,6,3) : 1
(4,0,5,1,6,2,3) : 1
(4,0,5,2,1,6,3) : 1
(4,0,5,2,6,1,3) : 1
(4,0,5,3,6,2,1) : 1
(4,0,5,6) : 2
(4,0,5,6,1,2,3) : 1
(4,0,5,6,2,1,3) : 5
(4,0,5,6,2,3,1) : 7
(4,0,5,6,3,2,1) : 7
(4,0,6) : 11
(4,0,6,1,5,2,3) : 2
(4,0,6,1,5,3,2) : 1
(4,0,6,2,3,5,1) : 4
(4,0,6,2,5,1,3) : 2
(4,0,6,2,5,3,1) : 2
(4,0,6,3) : 1
(4,0,6,3,2,1) : 1
(4,0,6,3,2,5,1) : 6
(4,0,6,3,5,1,2) : 1
(4,0,6,3,5,2,1) : 10
(4,0,6,5,1,2,3) : 2
(4,0,6,5,1,3,2) : 1
(4,0,6,5,2,1,3) : 7
(4,0,6,5,2,3,1) : 6
(4,0,6,5,3) : 1
(4,0,6,5,3,1,2) : 3
(4,0,6,5,3,2,1) : 4
(4,1) : 1
(4,1,0) : 1
(4,1,0,2,5,3,6) : 1
(4,1,0,5,2,6,3) : 1
(4,1,0,6) : 1
(4,1,0,6,5,2,3) : 1
(4,1,2,3,6,5,0) : 1
(4,1,2,6,5,0,3) : 1
(4,1,3) : 1
(4,1,3,0,6,2,5) : 1
(4,1,3,2,6,5,0) : 1
(4,1,3,5,6,0,2) : 1
(4,1,3,6,0,5,2) : 1
(4,1,3,6,2,5,0) : 1
(4,1,5,2,0,6,3) : 1
(4,1,6,2,5,0,3) : 1
(4,1,6,2,5,3,0) : 1
(4,1,6,5,2,0,3) : 1
(4,2) : 5
(4,2,0) : 2
(4,2,0,1,3,5,6) : 2
(4,2,0,3,1,5,6) : 1
(4,2,0,3,6,5,1) : 1
(4,2,0,5,1,3,6) : 1
(4,2,0,5,1,6,3) : 2
(4,2,0,5,6,1,3) : 1
(4,2,0,5,6,3,1) : 2
(4,2,0,6,3,5,1) : 1
(4,2,0,6,5,1,3) : 1
(4,2,0,6,5,3,1) : 2
(4,2,1,0,5,3,6) : 1
(4,2,1,5,3,0,6) : 1
(4,2,1,5,6,3,0) : 2
(4,2,3,0,6,5,1) : 1
(4,2,3,1,5,0,6) : 1
(4,2,3,5,0,1,6) : 1
(4,2,3,6,1,0,5) : 1
(4,2,3,6,5,0,1) : 1
(4,2,5,0,1,3,6) : 1
(4,2,5,0,1,6,3) : 1
(4,2,5,0,3,6) : 1
(4,2,5,1,3,0,6) : 1
(4,2,5,1,3,6,0) : 1
(4,2,5,1,6,0) : 1
(4,2,5,1,6,3,0) : 1
(4,2,5,3,6,1,0) : 2
(4,2,6) : 1
(4,2,6,0,3,5,1) : 1
(4,2,6,3,0,1,5) : 1
(4,2,6,3,5,0,1) : 1
(4,2,6,3,5,1,0) : 1
(4,2,6,5,3,1) : 1
(4,3) : 19
(4,3,0) : 4
(4,3,0,1,2,5,6) : 2
(4,3,0,2,1,6,5) : 1
(4,3,0,2,5,6,1) : 2
(4,3,0,2,6,5,1) : 1
(4,3,0,5,6,2,1) : 1
(4,3,0,6,2,1,5) : 1
(4,3,0,6,2,5,1) : 1
(4,3,0,6,5,1,2) : 1
(4,3,0,6,5,2,1) : 2
(4,3,1,0,2,5,6) : 1
(4,3,1,2,0,5,6) : 1
(4,3,1,2,5,6,0) : 1
(4,3,2) : 1
(4,3,2,0,1,5,6) : 1
(4,3,2,0,5,6,1) : 1
(4,3,2,0,6,5,1) : 4
(4,3,2,1,0,5,6) : 2
(4,3,2,1,5,0,6) : 1
(4,3,2,1,6,0,5) : 1
(4,3,2,5,0,1,6) : 2
(4,3,2,5,1,6) : 1
(4,3,2,5,6,0,1) : 1
(4,3,2,5,6,1,0) : 1
(4,3,2,6,0,5,1) : 1
(4,3,2,6,5,1,0) : 1
(4,3,5) : 1
(4,3,5,2,0,6,1) : 1
(4,3,5,2,6,1,0) : 1
(4,3,5,6,2,0,1) : 1
(4,3,6) : 1
(4,3,6,0,1,2,5) : 2
(4,3,6,0,2,1,5) : 1
(4,3,6,0,2,5,1) : 3
(4,3,6,0,5,1,2) : 1
(4,3,6,0,5,2,1) : 3
(4,3,6,1,0,2,5) : 1
(4,3,6,2,0,5,1) : 3
(4,3,6,2,1,0,5) : 1
(4,3,6,2,5,0,1) : 1
(4,3,6,2,5,1,0) : 1
(4,3,6,5,0,2,1) : 2
(4,3,6,5,1,2,0) : 1
(4,3,6,5,2,0,1) : 2
(4,5) : 1
(4,5,0,1,2,3,6) : 2
(4,5,0,2,6,3,1) : 1
(4,5,0,6) : 2
(4,5,0,6,1,2,3) : 2
(4,5,0,6,2,1,3) : 3
(4,5,0,6,2,3,1) : 1
(4,5,0,6,3,1,2) : 3
(4,5,0,6,3,2,1) : 3
(4,5,1,0,6,2,3) : 1
(4,5,2,0,1,6,3) : 1
(4,5,2,0,3,6,1) : 1
(4,5,2,0,6,3,1) : 3
(4,5,2,1,0) : 1
(4,5,2,1,0,3,6) : 3
(4,5,2,1,0,6) : 1
(4,5,2,1,3,6,0) : 1
(4,5,2,6,3,1,0) : 1
(4,5,3,6,0,1,2) : 1
(4,5,6) : 2
(4,5,6,0,2,3,1) : 1
(4,5,6,0,3,1,2) : 1
(4,5,6,3,2,0,1) : 1
(4,5,6,3,2,1,0) : 7
(4,6) : 15
(4,6,0) : 7
(4,6,0,1,2,5,3) : 2
(4,6,0,2,5,1,3) : 2
(4,6,0,3,1,2,5) : 1
(4,6,0,3,1,5,2) : 1
(4,6,0,3,2,1,5) : 1
(4,6,0,3,2,5,1) : 4
(4,6,0,3,5,2,1) : 3
(4,6,0,5,1,2,3) : 5
(4,6,0,5,2,1,3) : 1
(4,6,0,5,2,3,1) : 3
(4,6,0,5,3,2,1) : 3
(4,6,1,0,2,5,3) : 1
(4,6,2,1,0,3,5) : 1
(4,6,2,5,0,1,3) : 1
(4,6,3,0) : 1
(4,6,3,0,1,2,5) : 1
(4,6,3,0,5,2,1) : 4
(4,6,3,2,5,1,0) : 1
(4,6,5,0,1,2,3) : 2
(4,6,5,1,0,2,3) : 1
(4,6,5,2,0,1,3) : 2
(4,6,5,3,1,2,0) : 1
(4,6,5,3,2,1,0) : 1
(5) : 210
(5,0) : 22
(5,0,1) : 1
(5,0,1,2,4,6,3) : 1
(5,0,1,2,6,4,3) : 1
(5,0,1,4,3,6,2) : 1
(5,0,1,4,6,3,2) : 2
(5,0,2) : 4
(5,0,2,4,1,6,3) : 2
(5,0,2,4,3,1,6) : 2
(5,0,2,4,6,1,3) : 1
(5,0,2,4,6,3,1) : 3
(5,0,2,6,4,1,3) : 1
(5,0,2,6,4,3,1) : 3
(5,0,3,1,2,4,6) : 2
(5,0,3,2,1,4,6) : 1
(5,0,3,2,6,1,4) : 1
(5,0,3,4,2,6,1) : 1
(5,0,3,6,2,4,1) : 1
(5,0,3,6,4,2,1) : 3
(5,0,4) : 2
(5,0,4,1,2,3,6) : 1
(5,0,4,2,1,6,3) : 2
(5,0,4,2,6,1,3) : 1
(5,0,4,2,6,3,1) : 2
(5,0,4,6) : 1
(5,0,4,6,1,2,3) : 3
(5,0,4,6,2,3,1) : 3
(5,0,4,6,3,2,1) : 4
(5,0,6) : 32
(5,0,6,1) : 1
(5,0,6,1,2,4,3) : 4
(5,0,6,1,3,2,4) : 1
(5,0,6,1,4,2,3) : 3
(5,0,6,2) : 1
(5,0,6,2,1,4,3) : 1
(5,0,6,2,3,1,4) : 1
(5,0,6,2,4,1,3) : 2
(5,0,6,2,4,3,1) : 5
(5,0,6,3,1,2,4) : 1
(5,0,6,3,4,2,1) : 2
(5,0,6,4) : 3
(5,0,6,4,1,2,3) : 10
(5,0,6,4,2) : 1
(5,0,6,4,2,1,3) : 19
(5,0,6,4,2,3,1) : 56
(5,0,6,4,3,2,1) : 8
(5,1,0) : 1
(5,1,0,2,4,3,6) : 1
(5,1,0,2,6,4,3) : 1
(5,1,0,6,2,4,3) : 1
(5,1,0,6,4,3,2) : 1
(5,1,2,3,4,6,0) : 1
(5,1,2,4,6,0,3) : 1
(5,1,3,6,4,0) : 1
(5,1,4,2,0,6,3) : 1
(5,2) : 2
(5,2,0,1,4,3) : 1
(5,2,0,1,4,3,6) : 1
(5,2,0,1,4,6,3) : 1
(5,2,0,1,6,4,3) : 1
(5,2,0,3,1,4,6) : 1
(5,2,0,3,4,6,1) : 1
(5,2,0,4) : 1
(5,2,0,4,3,1,6) : 1
(5,2,0,4,6,1,3) : 1
(5,2,0,4,6,3,1) : 3
(5,2,0,6,1,3,4) : 2
(5,2,0,6,4,1,3) : 1
(5,2,1,4,0,3,6) : 1
(5,2,1,4,3,6,0) : 1
(5,2,1,6,0,4,3) : 1
(5,2,3,1,6,0,4) : 1
(5,2,4) : 1
(5,2,4,0,3,6,1) : 1
(5,2,4,0,6,3,1) : 2
(5,2,4,1,0,6,3) : 1
(5,2,4,1,6,0,3) : 1
(5,2,4,6,0,1,3) : 1
(5,2,4,6,3,1,0) : 1
(5,2,6,0,1,4,3) : 1
(5,2,6,0,3,4,1) : 1
(5,3) : 1
(5,3,0,6,4,2,1) : 1
(5,3,1,0,2,4,6) : 1
(5,3,1,0,6,4) : 1
(5,3,2,4,1,0,6) : 1
(5,3,2,4,6,0,1) : 1
(5,3,2,6,0,4,1) : 1
(5,3,4) : 1
(5,3,4,2,1,0,6) : 1
(5,3,4,2,1,6,0) : 1
(5,3,4,6,0,2,1) : 1
(5,3,4,6,2,1,0) : 1
(5,3,6,0,1,2,4) : 2
(5,3,6,0,2,4,1) : 1
(5,3,6,0,4,2,1) : 1
(5,4) : 2
(5,4,0) : 2
(5,4,0,1,3,6,2) : 1
(5,4,0,3,2,1,6) : 1
(5,4,0,3,6,1,2) : 1
(5,4,0,6,1,3,2) : 2
(5,4,0,6,2,1,3) : 2
(5,4,0,6,2,3,1) : 1
(5,4,0,6,3,1,2) : 1
(5,4,0,6,3,2,1) : 4
(5,4,2,0) : 1
(5,4,2,0,1,3,6) : 1
(5,4,2,0,3,1,6) : 1
(5,4,2,0,6,1,3) : 2
(5,4,2,0,6,3,1) : 2
(5,4,2,1,0,6,3) : 1
(5,4,2,1,6,0,3) : 1
(5,4,2,6,0,3,1) : 1
(5,4,2,6,3,0,1) : 1
(5,4,6,0) : 1
(5,4,6,0,3,1,2) : 1
(5,4,6,0,3,2,1) : 1
(5,4,6,3,2,0,1) : 1
(5,6) : 11
(5,6,0) : 12
(5,6,0,1,2,3,4) : 1
(5,6,0,1,2,4,3) : 4
(5,6,0,2) : 1
(5,6,0,2,1,3,4) : 1
(5,6,0,2,1,4,3) : 1
(5,6,0,2,4,1,3) : 2
(5,6,0,2,4,3,1) : 3
(5,6,0,3) : 1
(5,6,0,3,1,4,2) : 1
(5,6,0,3,2,1,4) : 1
(5,6,0,3,4,2,1) : 1
(5,6,0,4) : 2
(5,6,0,4,1,2,3) : 4
(5,6,0,4,1,3,2) : 1
(5,6,0,4,2) : 1
(5,6,0,4,2,1,3) : 3
(5,6,0,4,2,3,1) : 3
(5,6,1,0,2,3) : 1
(5,6,1,0,2,3,4) : 1
(5,6,1,0,4,2,3) : 1
(5,6,2) : 1
(5,6,2,0,1,4,3) : 1
(5,6,2,1,0,4,3) : 1
(5,6,2,1,4,3,0) : 1
(5,6,2,3,4,1,0) : 1
(5,6,3) : 2
(5,6,3,0,2,4,1) : 1
(5,6,3,2,4,0,1) : 1
(5,6,3,4,1,2,0) : 1
(5,6,4,0,1,2,3) : 3
(5,6,4,0,2,1,3) : 1
(5,6,4,0,3,2,1) : 2
(5,6,4,2,0,3,1) : 1
(5,6,4,2,1,0,3) : 2
(5,6,4,2,3,0,1) : 1
(5,6,4,2,3,1,0) : 1
(5,6,4,3,2,1,0) : 2
(6) : 11366
(6,0) : 1183
(6,0,1) : 35
(6,0,1,2) : 2
(6,0,1,2,3,4) : 1
(6,0,1,2,3,4,5) : 67
(6,0,1,2,3,5,4) : 4
(6,0,1,2,4) : 1
(6,0,1,2,4,3,5) : 6
(6,0,1,2,4,5,3) : 76
(6,0,1,2,5) : 2
(6,0,1,2,5,3,4) : 2
(6,0,1,2,5,4) : 1
(6,0,1,2,5,4,3) : 43
(6,0,1,3,2,4,5) : 11
(6,0,1,3,2,5,4) : 2
(6,0,1,3,4,2,5) : 2
(6,0,1,3,4,5,2) : 5
(6,0,1,3,5,2) : 1
(6,0,1,3,5,4,2) : 3
(6,0,1,4) : 6
(6,0,1,4,2,3) : 1
(6,0,1,4,2,3,5) : 3
(6,0,1,4,2,5,3) : 13
(6,0,1,4,3) : 1
(6,0,1,4,5,2) : 1
(6,0,1,4,5,2,3) : 19
(6,0,1,4,5,3,2) : 2
(6,0,1,5) : 5
(6,0,1,5,2) : 1
(6,0,1,5,2,3,4) : 2
(6,0,1,5,2,4,3) : 26
(6,0,1,5,3,2,4) : 2
(6,0,1,5,3,4,2) : 2
(6,0,1,5,4,2,3) : 26
(6,0,1,5,4,3) : 1
(6,0,1,5,4,3,2) : 5
(6,0,2) : 38
(6,0,2,1,3,4) : 1
(6,0,2,1,3,4,5) : 15
(6,0,2,1,3,5,4) : 1
(6,0,2,1,4,3,5) : 4
(6,0,2,1,4,5,3) : 30
(6,0,2,1,5,3,4) : 2
(6,0,2,1,5,4,3) : 23
(6,0,2,3) : 2
(6,0,2,3,1,4,5) : 11
(6,0,2,3,1,5,4) : 1
(6,0,2,3,4,1,5) : 7
(6,0,2,3,4,5,1) : 7
(6,0,2,3,5,1,4) : 1
(6,0,2,3,5,4,1) : 8
(6,0,2,4) : 3
(6,0,2,4,1,3,5) : 8
(6,0,2,4,1,5) : 1
(6,0,2,4,1,5,3) : 19
(6,0,2,4,3,1,5) : 6
(6,0,2,4,3,5,1) : 8
(6,0,2,4,5) : 1
(6,0,2,4,5,1) : 1
(6,0,2,4,5,1,3) : 77
(6,0,2,4,5,3,1) : 34
(6,0,2,5) : 3
(6,0,2,5,1,3,4) : 9
(6,0,2,5,1,4,3) : 21
(6,0,2,5,3,1,4) : 1
(6,0,2,5,3,4,1) : 7
(6,0,2,5,4,1,3) : 47
(6,0,2,5,4,3,1) : 14
(6,0,3) : 59
(6,0,3,1,2,4,5) : 25
(6,0,3,1,2,5,4) : 2
(6,0,3,1,4,2,5) : 2
(6,0,3,1,4,5) : 1
(6,0,3,1,4,5,2) : 4
(6,0,3,1,5,2,4) : 3
(6,0,3,1,5,4,2) : 8
(6,0,3,2) : 1
(6,0,3,2,1,4) : 1
(6,0,3,2,1,4,5) : 11
(6,0,3,2,4,1,5) : 3
(6,0,3,2,4,5) : 1
(6,0,3,2,4,5,1) : 17
(6,0,3,2,5,1,4) : 4
(6,0,3,2,5,4,1) : 13
(6,0,3,4) : 4
(6,0,3,4,1,2,5) : 7
(6,0,3,4,2,1,5) : 11
(6,0,3,4,2,5,1) : 17
(6,0,3,4,5,1,2) : 5
(6,0,3,4,5,2) : 1
(6,0,3,4,5,2,1) : 27
(6,0,3,5) : 1
(6,0,3,5,1,2,4) : 7
(6,0,3,5,1,4,2) : 5
(6,0,3,5,2,1,4) : 8
(6,0,3,5,2,4,1) : 11
(6,0,3,5,4,1) : 1
(6,0,3,5,4,1,2) : 4
(6,0,3,5,4,2,1) : 34
(6,0,4) : 2424
(6,0,4,1) : 3
(6,0,4,1,2,3) : 1
(6,0,4,1,2,3,5) : 28
(6,0,4,1,2,5) : 5
(6,0,4,1,2,5,3) : 40
(6,0,4,1,3,2,5) : 4
(6,0,4,1,5,2,3) : 40
(6,0,4,1,5,3,2) : 3
(6,0,4,2) : 7
(6,0,4,2,1,3,5) : 11
(6,0,4,2,1,5,3) : 40
(6,0,4,2,3,1,5) : 7
(6,0,4,2,3,5,1) : 18
(6,0,4,2,5) : 1
(6,0,4,2,5,1) : 4
(6,0,4,2,5,1,3) : 74
(6,0,4,2,5,3,1) : 34
(6,0,4,3) : 1
(6,0,4,3,1,2,5) : 7
(6,0,4,3,1,5,2) : 4
(6,0,4,3,2,1) : 1
(6,0,4,3,2,1,5) : 19
(6,0,4,3,2,5,1) : 16
(6,0,4,3,5,1,2) : 6
(6,0,4,3,5,2,1) : 13
(6,0,4,5) : 18
(6,0,4,5,1) : 2
(6,0,4,5,1,2) : 2
(6,0,4,5,1,2,3) : 82
(6,0,4,5,1,3,2) : 7
(6,0,4,5,2) : 1
(6,0,4,5,2,1) : 2
(6,0,4,5,2,1,3) : 128
(6,0,4,5,2,3,1) : 55
(6,0,4,5,3,1,2) : 2
(6,0,4,5,3,2,1) : 57
(6,0,5) : 220
(6,0,5,1) : 2
(6,0,5,1,2,3,4) : 11
(6,0,5,1,2,4,3) : 45
(6,0,5,1,3,2,4) : 4
(6,0,5,1,3,4,2) : 7
(6,0,5,1,4) : 1
(6,0,5,1,4,2,3) : 35
(6,0,5,1,4,3,2) : 3
(6,0,5,2) : 4
(6,0,5,2,1,3,4) : 4
(6,0,5,2,1,4) : 1
(6,0,5,2,1,4,3) : 37
(6,0,5,2,3,1) : 1
(6,0,5,2,3,1,4) : 3
(6,0,5,2,3,4,1) : 9
(6,0,5,2,4) : 2
(6,0,5,2,4,1,3) : 64
(6,0,5,2,4,3) : 2
(6,0,5,2,4,3,1) : 38
(6,0,5,3) : 3
(6,0,5,3,1,2,4) : 2
(6,0,5,3,1,4,2) : 3
(6,0,5,3,2,1,4) : 7
(6,0,5,3,2,4,1) : 19
(6,0,5,3,4,1,2) : 2
(6,0,5,3,4,2,1) : 13
(6,0,5,4) : 9
(6,0,5,4,1) : 1
(6,0,5,4,1,2,3) : 74
(6,0,5,4,1,3,2) : 4
(6,0,5,4,2,1) : 1
(6,0,5,4,2,1,3) : 152
(6,0,5,4,2,3) : 1
(6,0,5,4,2,3,1) : 76
(6,0,5,4,3,1,2) : 10
(6,0,5,4,3,2,1) : 41
(6,1) : 33
(6,1,0) : 6
(6,1,0,2) : 1
(6,1,0,2,3,4,5) : 13
(6,1,0,2,4,3,5) : 2
(6,1,0,2,4,5,3) : 8
(6,1,0,2,5,3,4) : 2
(6,1,0,2,5,4,3) : 4
(6,1,0,3,2,4,5) : 2
(6,1,0,3,2,5,4) : 2
(6,1,0,3,4,2,5) : 6
(6,1,0,3,4,5,2) : 3
(6,1,0,3,5,2,4) : 1
(6,1,0,3,5,4,2) : 2
(6,1,0,4) : 1
(6,1,0,4,2,3,5) : 1
(6,1,0,4,2,5,3) : 2
(6,1,0,4,5,2,3) : 5
(6,1,0,4,5,3,2) : 2
(6,1,0,5) : 1
(6,1,0,5,2,3,4) : 1
(6,1,0,5,2,4,3) : 5
(6,1,0,5,3,2,4) : 2
(6,1,0,5,4,2,3) : 4
(6,1,0,5,4,3,2) : 2
(6,1,2) : 1
(6,1,2,0,4,5,3) : 6
(6,1,2,3) : 1
(6,1,2,3,0,4,5) : 1
(6,1,2,3,4,5,0) : 3
(6,1,2,3,5,4,0) : 1
(6,1,2,4,5,0,3) : 8
(6,1,2,4,5,3,0) : 5
(6,1,2,5,0,4,3) : 1
(6,1,2,5,3,4,0) : 1
(6,1,2,5,4,0,3) : 2
(6,1,2,5,4,3,0) : 2
(6,1,3) : 6
(6,1,3,0) : 1
(6,1,3,0,2,4,5) : 2
(6,1,3,0,2,5,4) : 1
(6,1,3,0,4,5,2) : 1
(6,1,3,2,4,0,5) : 1
(6,1,3,2,4,5,0) : 1
(6,1,3,2,5,0,4) : 1
(6,1,3,4,2,0,5) : 2
(6,1,3,4,2,5,0) : 1
(6,1,3,4,5,0) : 2
(6,1,3,4,5,0,2) : 3
(6,1,3,4,5,2,0) : 1
(6,1,3,5,0,4,2) : 1
(6,1,3,5,4,0,2) : 1
(6,1,3,5,4,2,0) : 2
(6,1,4) : 2
(6,1,4,0,2,5,3) : 2
(6,1,4,0,5,2,3) : 1
(6,1,4,0,5,3,2) : 1
(6,1,4,2,0,5,3) : 2
(6,1,4,2,3) : 1
(6,1,4,2,3,0,5) : 3
(6,1,4,2,3,5,0) : 1
(6,1,4,2,5,0,3) : 1
(6,1,4,3,2,5,0) : 1
(6,1,4,5,0,2,3) : 3
(6,1,5,0,2,4,3) : 2
(6,1,5,0,3,2,4) : 1
(6,1,5,0,4,2,3) : 1
(6,1,5,2,0,4,3) : 1
(6,1,5,2,4,0,3) : 1
(6,1,5,3,0,2,4) : 1
(6,1,5,3,2,4,0) : 1
(6,1,5,3,4,2,0) : 1
(6,1,5,4,0,2,3) : 3
(6,1,5,4,0,3,2) : 1
(6,1,5,4,2,0,3) : 2
(6,1,5,4,3,2,0) : 1
(6,2) : 32
(6,2,0) : 16
(6,2,0,1,3,4,5) : 3
(6,2,0,1,3,5,4) : 1
(6,2,0,1,4,3,5) : 1
(6,2,0,1,4,5,3) : 10
(6,2,0,1,5,3,4) : 2
(6,2,0,1,5,4,3) : 5
(6,2,0,3,1,4,5) : 1
(6,2,0,3,4,1,5) : 1
(6,2,0,3,4,5,1) : 2
(6,2,0,3,5,1,4) : 1
(6,2,0,3,5,4,1) : 4
(6,2,0,4) : 1
(6,2,0,4,3,1) : 1
(6,2,0,4,3,1,5) : 1
(6,2,0,4,3,5,1) : 2
(6,2,0,4,5,1,3) : 12
(6,2,0,4,5,3,1) : 1
(6,2,0,5,1,3,4) : 1
(6,2,0,5,1,4,3) : 3
(6,2,0,5,3,1,4) : 1
(6,2,0,5,3,4,1) : 1
(6,2,0,5,4,1,3) : 8
(6,2,0,5,4,3,1) : 1
(6,2,1) : 3
(6,2,1,0,3,4,5) : 6
(6,2,1,0,4,3,5) : 1
(6,2,1,0,4,5,3) : 4
(6,2,1,0,5,4,3) : 6
(6,2,1,3,0,4,5) : 1
(6,2,1,4,0,3,5) : 1
(6,2,1,4,5,0,3) : 3
(6,2,1,4,5,3,0) : 1
(6,2,1,5,0,3,4) : 1
(6,2,1,5,0,4,3) : 1
(6,2,1,5,3,4,0) : 1
(6,2,1,5,4,0,3) : 3
(6,2,1,5,4,3) : 1
(6,2,3) : 1
(6,2,3,0) : 1
(6,2,3,0,1,5,4) : 1
(6,2,3,0,4,1,5) : 2
(6,2,3,0,4,5,1) : 1
(6,2,3,0,5,4,1) : 2
(6,2,3,1,0,4,5) : 2
(6,2,3,1,4,5,0) : 1
(6,2,3,4,0,1,5) : 1
(6,2,3,4,1) : 1
(6,2,3,4,1,0,5) : 1
(6,2,3,4,5,0,1) : 2
(6,2,3,4,5,1,0) : 3
(6,2,3,5,0,1,4) : 1
(6,2,3,5,1,4,0) : 1
(6,2,3,5,4,1,0) : 4
(6,2,4) : 5
(6,2,4,0) : 2
(6,2,4,0,1,5,3) : 4
(6,2,4,0,5,1,3) : 1
(6,2,4,0,5,3,1) : 1
(6,2,4,1,3) : 1
(6,2,4,1,3,5,0) : 1
(6,2,4,1,5,0,3) : 1
(6,2,4,3,1,0,5) : 2
(6,2,4,3,5,1,0) : 1
(6,2,4,5) : 2
(6,2,4,5,0,1,3) : 10
(6,2,4,5,1,0,3) : 13
(6,2,4,5,1,3,0) : 2
(6,2,4,5,3,0,1) : 1
(6,2,4,5,3,1,0) : 2
(6,2,5) : 2
(6,2,5,0,1,4,3) : 6
(6,2,5,0,3,1,4) : 2
(6,2,5,0,4,1,3) : 1
(6,2,5,0,4,3,1) : 2
(6,2,5,3,1,0,4) : 2
(6,2,5,3,4,0,1) : 1
(6,2,5,3,4,1,0) : 2
(6,2,5,4,0,1,3) : 4
(6,2,5,4,0,3,1) : 3
(6,2,5,4,1,0) : 1
(6,2,5,4,1,0,3) : 1
(6,2,5,4,1,3,0) : 1
(6,2,5,4,3,1,0) : 3
(6,3) : 128
(6,3,0) : 30
(6,3,0,1) : 2
(6,3,0,1,2,4,5) : 21
(6,3,0,1,2,5,4) : 8
(6,3,0,1,4,2,5) : 4
(6,3,0,1,4,5) : 1
(6,3,0,1,4,5,2) : 1
(6,3,0,1,5,2,4) : 4
(6,3,0,1,5,4,2) : 5
(6,3,0,2,1,4,5) : 3
(6,3,0,2,4,1,5) : 3
(6,3,0,2,4,5,1) : 8
(6,3,0,2,5,1,4) : 3
(6,3,0,2,5,4,1) : 6
(6,3,0,4) : 1
(6,3,0,4,1,2,5) : 3
(6,3,0,4,1,5,2) : 2
(6,3,0,4,2,1,5) : 5
(6,3,0,4,2,5,1) : 7
(6,3,0,4,5,1,2) : 4
(6,3,0,4,5,2,1) : 14
(6,3,0,5) : 1
(6,3,0,5,1,2,4) : 4
(6,3,0,5,1,4,2) : 2
(6,3,0,5,2,1,4) : 2
(6,3,0,5,2,4,1) : 4
(6,3,0,5,4,1,2) : 1
(6,3,0,5,4,2,1) : 11
(6,3,1) : 5
(6,3,1,0) : 1
(6,3,1,0,2,4,5) : 4
(6,3,1,0,2,5,4) : 1
(6,3,1,0,4,5) : 1
(6,3,1,0,5,2,4) : 1
(6,3,1,0,5,4,2) : 2
(6,3,1,2,0,4,5) : 3
(6,3,1,2,4,5) : 1
(6,3,1,2,4,5,0) : 3
(6,3,1,2,5,0,4) : 2
(6,3,1,4,2,5,0) : 1
(6,3,1,4,5,0) : 1
(6,3,1,4,5,0,2) : 2
(6,3,1,4,5,2,0) : 1
(6,3,1,5,2,4,0) : 3
(6,3,1,5,4,2,0) : 2
(6,3,2) : 4
(6,3,2,0,1,4,5) : 2
(6,3,2,0,1,5,4) : 1
(6,3,2,0,4,1,5) : 1
(6,3,2,0,4,5,1) : 10
(6,3,2,0,5,4,1) : 2
(6,3,2,1,0,4,5) : 3
(6,3,2,1,0,5,4) : 1
(6,3,2,1,4,5,0) : 1
(6,3,2,1,5,0,4) : 1
(6,3,2,1,5,4,0) : 2
(6,3,2,4,0,5,1) : 1
(6,3,2,4,1,0,5) : 1
(6,3,2,4,5,1,0) : 6
(6,3,2,5) : 1
(6,3,2,5,0,4,1) : 1
(6,3,2,5,1,0,4) : 1
(6,3,2,5,4,0,1) : 6
(6,3,2,5,4,1,0) : 5
(6,3,4) : 9
(6,3,4,0) : 2
(6,3,4,0,1,2,5) : 2
(6,3,4,0,1,5,2) : 1
(6,3,4,0,2,5,1) : 3
(6,3,4,0,5,1) : 1
(6,3,4,0,5,2,1) : 1
(6,3,4,1,0,2,5) : 2
(6,3,4,1,2,0,5) : 1
(6,3,4,2,0,1,5) : 2
(6,3,4,2,0,5,1) : 1
(6,3,4,2,1,0,5) : 2
(6,3,4,2,1,5,0) : 3
(6,3,4,2,5,0,1) : 1
(6,3,4,2,5,1,0) : 3
(6,3,4,5,0,1,2) : 3
(6,3,4,5,2,0,1) : 3
(6,3,4,5,2,1,0) : 15
(6,3,5) : 1
(6,3,5,0) : 2
(6,3,5,0,1,2,4) : 1
(6,3,5,0,2,4,1) : 2
(6,3,5,1,2,0,4) : 1
(6,3,5,2,0,1,4) : 1
(6,3,5,2,4,0,1) : 2
(6,3,5,4) : 1
(6,3,5,4,0,1,2) : 1
(6,3,5,4,1,2,0) : 1
(6,3,5,4,2,0,1) : 4
(6,3,5,4,2,1,0) : 11
(6,4) : 27
(6,4,0) : 34
(6,4,0,1,2,3,5) : 2
(6,4,0,1,2,5,3) : 5
(6,4,0,1,3,2,5) : 1
(6,4,0,2) : 1
(6,4,0,2,1,3,5) : 2
(6,4,0,2,1,5,3) : 4
(6,4,0,2,3,5,1) : 1
(6,4,0,2,5,1,3) : 9
(6,4,0,2,5,3) : 1
(6,4,0,2,5,3,1) : 8
(6,4,0,3,1,2,5) : 2
(6,4,0,3,1,5,2) : 1
(6,4,0,3,2,1,5) : 5
(6,4,0,3,2,5,1) : 5
(6,4,0,3,5,2,1) : 6
(6,4,0,5) : 2
(6,4,0,5,1,2,3) : 3
(6,4,0,5,2,1,3) : 10
(6,4,0,5,2,3,1) : 11
(6,4,0,5,3,2,1) : 4
(6,4,1) : 3
(6,4,1,0) : 1
(6,4,1,0,2,5,3) : 4
(6,4,1,2,0,3,5) : 1
(6,4,1,2,0,5,3) : 1
(6,4,1,2,5,3,0) : 1
(6,4,1,3,2,5,0) : 1
(6,4,1,3,5,0,2) : 1
(6,4,1,3,5,2,0) : 2
(6,4,1,5) : 1
(6,4,1,5,0,2,3) : 2
(6,4,1,5,2,0,3) : 1
(6,4,2) : 5
(6,4,2,0) : 1
(6,4,2,0,1,3) : 1
(6,4,2,0,1,3,5) : 3
(6,4,2,0,1,5,3) : 5
(6,4,2,0,3,1) : 1
(6,4,2,0,3,1,5) : 1
(6,4,2,0,3,5,1) : 5
(6,4,2,0,5,1,3) : 1
(6,4,2,0,5,3,1) : 5
(6,4,2,1,0,3,5) : 1
(6,4,2,1,0,5,3) : 4
(6,4,2,1,3,5,0) : 2
(6,4,2,1,5,3,0) : 3
(6,4,2,3,1,0,5) : 1
(6,4,2,3,1,5,0) : 1
(6,4,2,3,5,1,0) : 1
(6,4,2,5) : 1
(6,4,2,5,0,1,3) : 8
(6,4,2,5,0,3,1) : 1
(6,4,2,5,1,0) : 1
(6,4,2,5,1,0,3) : 6
(6,4,2,5,1,3,0) : 1
(6,4,2,5,3,0,1) : 1
(6,4,2,5,3,1,0) : 2
(6,4,3) : 1
(6,4,3,0) : 1
(6,4,3,0,1,2,5) : 1
(6,4,3,0,2,1,5) : 1
(6,4,3,0,5,2,1) : 2
(6,4,3,1,0,2,5) : 1
(6,4,3,1,2,0,5) : 3
(6,4,3,2,0) : 1
(6,4,3,2,0,5,1) : 1
(6,4,3,2,1,5,0) : 2
(6,4,3,2,5,1,0) : 1
(6,4,3,5,0,2,1) : 1
(6,4,3,5,1,0,2) : 1
(6,4,3,5,2,0,1) : 1
(6,4,3,5,2,1,0) : 2
(6,4,5) : 6
(6,4,5,0,1,2,3) : 3
(6,4,5,0,2,1,3) : 1
(6,4,5,0,2,3,1) : 4
(6,4,5,0,3,1,2) : 1
(6,4,5,1,2,0,3) : 2
(6,4,5,2) : 1
(6,4,5,2,0,1,3) : 3
(6,4,5,2,0,3,1) : 2
(6,4,5,2,1,0,3) : 7
(6,4,5,2,1,3,0) : 1
(6,4,5,2,3,0,1) : 1
(6,4,5,2,3,1,0) : 1
(6,4,5,3,1,2,0) : 4
(6,4,5,3,2,0,1) : 1
(6,4,5,3,2,1,0) : 9
(6,5) : 31
(6,5,0) : 23
(6,5,0,1) : 1
(6,5,0,1,2,3,4) : 8
(6,5,0,1,2,4,3) : 10
(6,5,0,1,4,2,3) : 6
(6,5,0,2) : 1
(6,5,0,2,1,3,4) : 2
(6,5,0,2,1,4,3) : 4
(6,5,0,2,3,1,4) : 2
(6,5,0,2,3,4,1) : 1
(6,5,0,2,4,1,3) : 15
(6,5,0,2,4,3,1) : 6
(6,5,0,3,1,4,2) : 1
(6,5,0,3,2,1,4) : 1
(6,5,0,3,2,4,1) : 3
(6,5,0,3,4,2,1) : 4
(6,5,0,4) : 5
(6,5,0,4,1,2,3) : 8
(6,5,0,4,2,1,3) : 12
(6,5,0,4,2,3,1) : 18
(6,5,0,4,3,2,1) : 4
(6,5,1) : 1
(6,5,1,0,2,4) : 1
(6,5,1,0,2,4,3) : 6
(6,5,1,0,4,2,3) : 1
(6,5,1,2,0,4,3) : 1
(6,5,1,2,4,0,3) : 2
(6,5,1,3,0,4,2) : 1
(6,5,2) : 1
(6,5,2,0,1,4,3) : 9
(6,5,2,0,4,1,3) : 7
(6,5,2,0,4,3,1) : 3
(6,5,2,1,0,3,4) : 2
(6,5,2,1,0,4) : 1
(6,5,2,1,0,4,3) : 1
(6,5,2,1,4,0,3) : 2
(6,5,2,3,0,1,4) : 2
(6,5,2,3,0,4,1) : 2
(6,5,2,3,1,0,4) : 2
(6,5,2,3,4,1,0) : 1
(6,5,2,4,0,1,3) : 5
(6,5,2,4,1,0,3) : 4
(6,5,2,4,1,3,0) : 1
(6,5,2,4,3,1,0) : 1
(6,5,3) : 1
(6,5,3,0) : 2
(6,5,3,2,0,1,4) : 1
(6,5,3,4,0,1,2) : 1
(6,5,3,4,1,2,0) : 1
(6,5,3,4,2) : 1
(6,5,3,4,2,0,1) : 1
(6,5,3,4,2,1,0) : 3
(6,5,4) : 2
(6,5,4,0) : 1
(6,5,4,0,1,2,3) : 8
(6,5,4,0,2,1,3) : 4
(6,5,4,0,2,3,1) : 4
(6,5,4,0,3,1,2) : 1
(6,5,4,0,3,2,1) : 1
(6,5,4,1,0,2,3) : 3
(6,5,4,1,2,3,0) : 3
(6,5,4,2,0,1,3) : 5
(6,5,4,2,0,3,1) : 5
(6,5,4,2,1,0,3) : 26
(6,5,4,2,1,3) : 2
(6,5,4,2,1,3,0) : 4
(6,5,4,2,3,0,1) : 2
(6,5,4,2,3,1,0) : 4
(6,5,4,3,0,1,2) : 1
(6,5,4,3,0,2,1) : 1
(6,5,4,3,1,2,0) : 3
(6,5,4,3,2) : 1
(6,5,4,3,2,1) : 2
(6,5,4,3,2,1,0) : 83
