0, 1, 2, 3, 4, 5, 6
ACP,NLT,LIB,CDP,AJP,GRN,LAB
-+-+-+-+-
() : 479
(0) : 329
(0,1) : 9
(0,1,2) : 6
(0,1,2,3,4,5) : 1
(0,1,2,3,4,5,6) : 34
(0,1,2,3,4,6,5) : 2
(0,1,2,4,3,6,5) : 1
(0,1,2,4,5,6,3) : 2
(0,1,2,5,4,3,6) : 1
(0,1,2,5,4,6,3) : 1
(0,1,2,5,6,4,3) : 1
(0,1,2,6,5,3,4) : 2
(0,1,3) : 2
(0,1,3,2,5,4,6) : 1
(0,1,3,4,5,2,6) : 1
(0,1,4) : 1
(0,1,4,2,3,5,6) : 1
(0,1,4,2,6,5) : 1
(0,1,4,3,2,6,5) : 1
(0,1,4,3,6,5,2) : 1
(0,1,4,5,3,2,6) : 1
(0,1,4,5,6,2,3) : 2
(0,1,5) : 3
(0,1,5,2,6,4,3) : 1
(0,1,5,4,2,6,3) : 2
(0,1,5,4,6,2,3) : 1
(0,1,5,6,2,3,4) : 1
(0,1,5,6,4,2,3) : 1
(0,1,6,4,5,2,3) : 1
(0,1,6,5) : 1
(0,1,6,5,2,4,3) : 1
(0,2) : 14
(0,2,1,3) : 1
(0,2,1,3,4,5,6) : 3
(0,2,1,3,5,4,6) : 1
(0,2,1,4,3,6,5) : 1
(0,2,1,4,5,3,6) : 1
(0,2,1,4,5,6,3) : 3
(0,2,1,4,6,3,5) : 1
(0,2,1,4,6,5,3) : 2
(0,2,1,6,4,3,5) : 1
(0,2,1,6,4,5,3) : 1
(0,2,3) : 2
(0,2,3,4,1,6,5) : 1
(0,2,3,4,5,6) : 1
(0,2,3,4,5,6,1) : 1
(0,2,4) : 2
(0,2,4,1,3,6,5) : 1
(0,2,4,1,5,3,6) : 1
(0,2,4,1,5,6,3) : 2
(0,2,4,5,3,1,6) : 1
(0,2,4,5,6,3,1) : 2
(0,2,4,6,1,5,3) : 1
(0,2,5) : 6
(0,2,5,1,4,3,6) : 1
(0,2,5,1,4,6,3) : 1
(0,2,5,1,6,4,3) : 1
(0,2,5,4,1,3,6) : 1
(0,2,5,6) : 2
(0,2,5,6,1,3,4) : 3
(0,2,5,6,1,4,3) : 2
(0,2,5,6,3,4,1) : 1
(0,2,5,6,4,1,3) : 3
(0,2,5,6,4,3,1) : 1
(0,2,6) : 3
(0,2,6,4,5,1,3) : 1
(0,2,6,5) : 1
(0,2,6,5,1,3,4) : 1
(0,2,6,5,3,4,1) : 1
(0,2,6,5,4,1,3) : 1
(0,3) : 2
(0,3,1,6,4,5,2) : 1
(0,3,2) : 1
(0,3,2,6,5,4,1) : 1
(0,3,6) : 1
(0,3,6,1,2,5,4) : 1
(0,4) : 6
(0,4,1,3,5,6,2) : 1
(0,4,1,5,2,6,3) : 1
(0,4,1,5,6,2,3) : 1
(0,4,1,6,5,3,2) : 2
(0,4,2,1,3,5,6) : 2
(0,4,2,1,5,6,3) : 1
(0,4,2,1,6,5,3) : 1
(0,4,3,1,5,6,2) : 1
(0,4,3,1,6,5,2) : 1
(0,4,3,6,5,2,1) : 1
(0,4,5) : 3
(0,4,5,1,2,6,3) : 2
(0,4,5,1,3,6,2) : 1
(0,4,5,1,6,2,3) : 2
(0,4,5,1,6,3,2) : 1
(0,4,5,2,6,1,3) : 2
(0,4,5,3,1,2,6) : 1
(0,4,5,6) : 6
(0,4,5,6,1,2,3) : 9
(0,4,5,6,2) : 1
(0,4,5,6,2,1,3) : 1
(0,4,5,6,3,2,1) : 1
(0,4,6) : 2
(0,4,6,1,5,3,2) : 1
(0,4,6,2,3,5,1) : 1
(0,4,6,3,1,5,2) : 1
(0,4,6,5) : 1
(0,4,6,5,1,2,3) : 1
(0,4,6,5,2,1) : 1
(0,4,6,5,2,1,3) : 3
(0,4,6,5,2,3,1) : 1
(0,4,6,5,3,1,2) : 1
(0,5) : 29
(0,5,1,4,2,6,3) : 4
(0,5,1,4,3,2,6) : 1
(0,5,1,4,3,6,2) : 1
(0,5,1,6,4,2,3) : 2
(0,5,2) : 4
(0,5,2,1,3,4,6) : 1
(0,5,2,1,4,3,6) : 2
(0,5,2,3,4,1,6) : 1
(0,5,2,3,4,6,1) : 1
(0,5,2,4) : 1
(0,5,2,4,1,3,6) : 1
(0,5,2,4,1,6,3) : 1
(0,5,2,4,3,1,6) : 1
(0,5,2,4,6,1,3) : 2
(0,5,2,6) : 2
(0,5,2,6,4,1,3) : 3
(0,5,3,2,4,1,6) : 1
(0,5,3,4,1,2,6) : 1
(0,5,3,6,1,4,2) : 1
(0,5,4) : 6
(0,5,4,1,3,2,6) : 2
(0,5,4,1,6,2) : 1
(0,5,4,1,6,2,3) : 2
(0,5,4,1,6,3,2) : 1
(0,5,4,2,3,1,6) : 1
(0,5,4,2,6,1,3) : 3
(0,5,4,3,1,6,2) : 1
(0,5,4,6) : 14
(0,5,4,6,1,2,3) : 10
(0,5,4,6,1,3,2) : 2
(0,5,4,6,2) : 1
(0,5,4,6,2,1,3) : 5
(0,5,4,6,3,1,2) : 1
(0,5,4,6,3,2,1) : 2
(0,5,6) : 32
(0,5,6,1,2,3,4) : 1
(0,5,6,1,2,4,3) : 6
(0,5,6,1,4,2,3) : 4
(0,5,6,1,4,3,2) : 1
(0,5,6,2) : 5
(0,5,6,2,1,3,4) : 3
(0,5,6,2,1,4,3) : 13
(0,5,6,2,3,4,1) : 2
(0,5,6,2,4,1,3) : 12
(0,5,6,2,4,3,1) : 4
(0,5,6,3,1,2,4) : 1
(0,5,6,3,2,4,1) : 1
(0,5,6,4) : 7
(0,5,6,4,1) : 2
(0,5,6,4,1,2,3) : 28
(0,5,6,4,1,3,2) : 5
(0,5,6,4,2,1,3) : 27
(0,5,6,4,2,3,1) : 5
(0,5,6,4,3,1,2) : 1
(0,5,6,4,3,2,1) : 3
(0,6) : 16
(0,6,1,4,5,2,3) : 2
(0,6,1,5,4,3,2) : 1
(0,6,2,1,3,4,5) : 1
(0,6,2,4,1,5,3) : 1
(0,6,2,5) : 3
(0,6,2,5,1,3,4) : 1
(0,6,2,5,4,1,3) : 2
(0,6,3,4,2,1,5) : 1
(0,6,4,1,3,2,5) : 1
(0,6,4,1,5,2,3) : 1
(0,6,4,1,5,3,2) : 1
(0,6,4,5) : 1
(0,6,5) : 24
(0,6,5,1,2,3,4) : 3
(0,6,5,1,4,2,3) : 2
(0,6,5,2) : 4
(0,6,5,2,1,3,4) : 1
(0,6,5,2,1,4,3) : 7
(0,6,5,2,3,4,1) : 1
(0,6,5,2,4,1,3) : 5
(0,6,5,2,4,3) : 1
(0,6,5,2,4,3,1) : 3
(0,6,5,3,2,4,1) : 1
(0,6,5,3,4,1,2) : 1
(0,6,5,4) : 2
(0,6,5,4,1) : 1
(0,6,5,4,1,2,3) : 11
(0,6,5,4,1,3,2) : 2
(0,6,5,4,2,1,3) : 11
(0,6,5,4,2,3,1) : 3
(0,6,5,4,3,1,2) : 1
(0,6,5,4,3,2) : 2
(0,6,5,4,3,2,1) : 3
(1) : 303
(1,0) : 5
(1,0,2) : 1
(1,0,2,3,4,5,6) : 5
(1,0,2,4,3,5) : 1
(1,0,2,4,3,6,5) : 1
(1,0,2,6,3,4,5) : 2
(1,0,2,6,4,3) : 1
(1,0,2,6,4,3,5) : 1
(1,0,3,2,4,5,6) : 2
(1,0,3,2,4,6,5) : 1
(1,0,3,2,6,5,4) : 1
(1,0,3,6,2) : 1
(1,0,4,2,3) : 1
(1,0,4,3,5,2,6) : 1
(1,0,4,3,5,6,2) : 1
(1,0,4,5,2,6,3) : 2
(1,0,4,5,3,2,6) : 1
(1,0,4,5,6,2,3) : 1
(1,0,4,6,5,2,3) : 1
(1,2) : 17
(1,2,0,3,4,5,6) : 2
(1,2,0,3,4,6,5) : 2
(1,2,0,4,3,5,6) : 2
(1,2,0,4,3,6,5) : 2
(1,2,0,4,5,3,6) : 1
(1,2,0,4,5,6,3) : 1
(1,2,0,5,3,6,4) : 1
(1,2,0,5,4,3,6) : 1
(1,2,3,0,4,5,6) : 1
(1,2,3,0,4,6,5) : 1
(1,2,3,4) : 1
(1,2,3,4,0,5,6) : 2
(1,2,3,4,5,0,6) : 1
(1,2,3,4,6,0,5) : 1
(1,2,3,5,0,4,6) : 1
(1,2,3,5,4,0,6) : 2
(1,2,3,6,5,4,0) : 3
(1,2,4) : 1
(1,2,4,0,3,5,6) : 1
(1,2,4,0,3,6,5) : 1
(1,2,4,0,5,6,3) : 1
(1,2,4,3,5,6,0) : 4
(1,2,4,5) : 1
(1,2,4,5,6,0,3) : 1
(1,2,4,6,0,3,5) : 1
(1,2,5,3) : 1
(1,2,5,4,3,0,6) : 1
(1,2,5,6,3,4,0) : 1
(1,2,5,6,4,0) : 1
(1,2,5,6,4,3,0) : 1
(1,2,6) : 2
(1,2,6,0,4,3,5) : 1
(1,2,6,3) : 1
(1,2,6,3,0,4,5) : 1
(1,2,6,3,0,5,4) : 1
(1,2,6,3,4,5,0) : 1
(1,2,6,4,5,3,0) : 1
(1,2,6,5,0,4,3) : 1
(1,2,6,5,3,0,4) : 1
(1,2,6,5,3,4,0) : 1
(1,2,6,5,4,0,3) : 2
(1,2,6,5,4,3,0) : 3
(1,3) : 2
(1,3,2,0,4,6,5) : 2
(1,3,2,4,5,0,6) : 1
(1,3,4,0,2,6,5) : 1
(1,3,4,0,6,2,5) : 3
(1,3,4,2,6,0,5) : 1
(1,3,4,5,6,0,2) : 1
(1,3,4,6) : 1
(1,3,5) : 1
(1,3,5,6) : 1
(1,3,5,6,4,0,2) : 1
(1,3,6) : 2
(1,4) : 7
(1,4,0,2,3,6,5) : 1
(1,4,0,5,6,2,3) : 1
(1,4,0,6,2,3,5) : 1
(1,4,0,6,5,2,3) : 1
(1,4,0,6,5,3,2) : 1
(1,4,2,5,3,0,6) : 1
(1,4,3,2,0,5,6) : 1
(1,4,3,2,5,6,0) : 1
(1,4,5) : 2
(1,4,5,0,2,6,3) : 1
(1,4,5,0,6,2,3) : 1
(1,4,5,2,0,6,3) : 1
(1,4,5,2,3,0,6) : 1
(1,4,5,6) : 2
(1,4,5,6,2,0,3) : 1
(1,4,6,0,2,5,3) : 1
(1,4,6,2,5,0,3) : 1
(1,4,6,2,5,3,0) : 1
(1,4,6,5,2,0,3) : 2
(1,4,6,5,3,0,2) : 1
(1,5) : 8
(1,5,0,3,2,6,4) : 1
(1,5,0,4,3) : 1
(1,5,2) : 2
(1,5,2,3,4,0,6) : 1
(1,5,2,3,4,6,0) : 1
(1,5,2,4,0,3,6) : 1
(1,5,2,6,0,3,4) : 1
(1,5,2,6,0,4,3) : 1
(1,5,3) : 1
(1,5,3,0,4,6,2) : 1
(1,5,3,2,6,0,4) : 1
(1,5,4) : 2
(1,5,4,0,2,3,6) : 1
(1,5,4,0,2,6,3) : 1
(1,5,4,2,3,6,0) : 1
(1,5,4,6) : 1
(1,5,4,6,3,2,0) : 1
(1,5,6) : 2
(1,5,6,0) : 1
(1,5,6,0,2,3,4) : 1
(1,5,6,2) : 1
(1,5,6,4,0,2,3) : 2
(1,5,6,4,0,3,2) : 1
(1,5,6,4,2,0,3) : 1
(1,6) : 8
(1,6,0,4,5,3,2) : 1
(1,6,0,5,4) : 1
(1,6,2,4,3,5,0) : 1
(1,6,2,5,0,3,4) : 2
(1,6,2,5,0,4,3) : 1
(1,6,2,5,4,3,0) : 1
(1,6,3,0) : 1
(1,6,3,2,4,0,5) : 1
(1,6,4,0,2,3,5) : 1
(1,6,4,0,5,3,2) : 1
(1,6,4,2,0,5,3) : 1
(1,6,5) : 2
(1,6,5,0,4,3,2) : 1
(1,6,5,2) : 1
(1,6,5,2,0,4,3) : 2
(1,6,5,2,3,4,0) : 1
(1,6,5,2,4,0,3) : 2
(1,6,5,2,4,3,0) : 1
(1,6,5,4) : 2
(1,6,5,4,0) : 1
(1,6,5,4,0,3,2) : 1
(1,6,5,4,2,3,0) : 1
(1,6,5,4,3,2,0) : 2
(2) : 8677
(2,0) : 37
(2,0,1) : 3
(2,0,1,3,4,5,6) : 30
(2,0,1,3,4,6,5) : 15
(2,0,1,3,5,6,4) : 3
(2,0,1,3,6,5,4) : 1
(2,0,1,4) : 1
(2,0,1,4,3,5,6) : 12
(2,0,1,4,3,6,5) : 9
(2,0,1,4,5,3,6) : 4
(2,0,1,4,5,6) : 2
(2,0,1,4,5,6,3) : 13
(2,0,1,4,6,3,5) : 3
(2,0,1,4,6,5,3) : 6
(2,0,1,5,4,3,6) : 1
(2,0,1,5,4,6,3) : 5
(2,0,1,5,6) : 1
(2,0,1,5,6,3,4) : 1
(2,0,1,5,6,4,3) : 7
(2,0,1,6,3,4,5) : 4
(2,0,1,6,3,5,4) : 1
(2,0,1,6,4,3,5) : 4
(2,0,1,6,5,4,3) : 3
(2,0,3,1,4,5,6) : 3
(2,0,3,1,4,6,5) : 2
(2,0,3,1,6,5,4) : 2
(2,0,3,4) : 1
(2,0,3,4,1,5,6) : 2
(2,0,3,4,1,6,5) : 4
(2,0,3,4,5,6,1) : 3
(2,0,3,5,1,6,4) : 1
(2,0,3,5,6,1,4) : 2
(2,0,3,6,1,4,5) : 1
(2,0,3,6,4,1,5) : 1
(2,0,4) : 1
(2,0,4,1) : 1
(2,0,4,1,3,5,6) : 12
(2,0,4,1,3,6,5) : 3
(2,0,4,1,5,3,6) : 1
(2,0,4,1,5,6,3) : 6
(2,0,4,1,6,5,3) : 1
(2,0,4,3,1,5,6) : 3
(2,0,4,3,1,6,5) : 1
(2,0,4,5,1,3,6) : 2
(2,0,4,5,1,6,3) : 4
(2,0,4,5,3,1,6) : 1
(2,0,4,5,6,1,3) : 3
(2,0,4,5,6,3,1) : 4
(2,0,4,6,1,3,5) : 2
(2,0,4,6,1,5,3) : 2
(2,0,4,6,5,1,3) : 1
(2,0,4,6,5,3,1) : 3
(2,0,5) : 9
(2,0,5,1) : 1
(2,0,5,1,3,4,6) : 1
(2,0,5,1,4,3,6) : 3
(2,0,5,1,4,6,3) : 1
(2,0,5,1,6,3,4) : 2
(2,0,5,1,6,4,3) : 2
(2,0,5,3,1,4,6) : 1
(2,0,5,3,6,4,1) : 2
(2,0,5,4) : 1
(2,0,5,4,1,3,6) : 1
(2,0,5,4,1,6,3) : 2
(2,0,5,4,6,1,3) : 2
(2,0,5,4,6,3,1) : 1
(2,0,5,6,1,3,4) : 3
(2,0,5,6,1,4,3) : 3
(2,0,5,6,4,1,3) : 3
(2,0,5,6,4,3,1) : 4
(2,0,6) : 3
(2,0,6,1,3,4,5) : 2
(2,0,6,1,4,5,3) : 2
(2,0,6,1,5) : 1
(2,0,6,1,5,3,4) : 1
(2,0,6,3,5,4,1) : 2
(2,0,6,4,1,3,5) : 1
(2,0,6,4,1,5,3) : 3
(2,0,6,4,3,1,5) : 2
(2,0,6,4,3,5,1) : 1
(2,0,6,4,5,1,3) : 2
(2,0,6,4,5,3,1) : 1
(2,0,6,5) : 1
(2,0,6,5,1,4,3) : 6
(2,0,6,5,4,1,3) : 6
(2,0,6,5,4,3,1) : 4
(2,1) : 68
(2,1,0) : 4
(2,1,0,3) : 1
(2,1,0,3,4) : 1
(2,1,0,3,4,5,6) : 24
(2,1,0,3,4,6,5) : 13
(2,1,0,3,5,4,6) : 2
(2,1,0,3,5,6,4) : 1
(2,1,0,3,6) : 1
(2,1,0,3,6,4,5) : 2
(2,1,0,3,6,5,4) : 1
(2,1,0,4) : 1
(2,1,0,4,3,5,6) : 10
(2,1,0,4,3,6,5) : 14
(2,1,0,4,5,3,6) : 4
(2,1,0,4,5,6,3) : 7
(2,1,0,4,6,3,5) : 5
(2,1,0,4,6,5,3) : 2
(2,1,0,5,3,4,6) : 1
(2,1,0,5,4,3,6) : 2
(2,1,0,5,4,6) : 1
(2,1,0,5,4,6,3) : 1
(2,1,0,5,6,3,4) : 1
(2,1,0,5,6,4,3) : 2
(2,1,0,6,3,4,5) : 3
(2,1,0,6,4,3,5) : 1
(2,1,0,6,5,3,4) : 1
(2,1,0,6,5,4,3) : 5
(2,1,3) : 3
(2,1,3,0,4,5,6) : 8
(2,1,3,0,4,6,5) : 9
(2,1,3,0,5,4,6) : 1
(2,1,3,0,5,6) : 1
(2,1,3,0,6,4,5) : 1
(2,1,3,0,6,5,4) : 1
(2,1,3,4,0,5,6) : 13
(2,1,3,4,0,6,5) : 10
(2,1,3,4,5,0,6) : 3
(2,1,3,4,5,6) : 1
(2,1,3,4,5,6,0) : 2
(2,1,3,4,6,0,5) : 1
(2,1,3,5,0) : 1
(2,1,3,5,4,0,6) : 3
(2,1,3,5,6,4,0) : 1
(2,1,3,6,4,0,5) : 1
(2,1,3,6,4,5,0) : 1
(2,1,4) : 4
(2,1,4,0) : 1
(2,1,4,0,3,5,6) : 12
(2,1,4,0,3,6,5) : 6
(2,1,4,0,5,6,3) : 1
(2,1,4,0,6,5,3) : 4
(2,1,4,3,0,5,6) : 5
(2,1,4,3,0,6,5) : 3
(2,1,4,3,5,0,6) : 1
(2,1,4,3,5,6,0) : 2
(2,1,4,3,6,0,5) : 1
(2,1,4,3,6,5,0) : 2
(2,1,4,5) : 2
(2,1,4,5,0,3,6) : 10
(2,1,4,5,0,6,3) : 2
(2,1,4,5,3,0,6) : 1
(2,1,4,5,3,6,0) : 3
(2,1,4,5,6,0,3) : 3
(2,1,4,6) : 1
(2,1,4,6,0,3,5) : 3
(2,1,4,6,5,0,3) : 4
(2,1,4,6,5,3,0) : 2
(2,1,5) : 12
(2,1,5,0,3,4,6) : 2
(2,1,5,0,4,3,6) : 1
(2,1,5,0,6,3,4) : 1
(2,1,5,0,6,4,3) : 1
(2,1,5,3,4,0,6) : 3
(2,1,5,3,4,6,0) : 1
(2,1,5,3,6,4,0) : 1
(2,1,5,4,0,3,6) : 1
(2,1,5,4,0,6,3) : 1
(2,1,5,4,3,0,6) : 3
(2,1,5,4,6,0,3) : 1
(2,1,5,4,6,3,0) : 1
(2,1,5,6) : 1
(2,1,5,6,0,4,3) : 1
(2,1,5,6,3,4,0) : 1
(2,1,5,6,4,0,3) : 6
(2,1,5,6,4,3,0) : 2
(2,1,6) : 1
(2,1,6,0,3,4,5) : 3
(2,1,6,0,3,5,4) : 1
(2,1,6,0,4,3,5) : 3
(2,1,6,0,4,5,3) : 1
(2,1,6,3,0,4,5) : 2
(2,1,6,3,4,0,5) : 1
(2,1,6,3,4,5,0) : 1
(2,1,6,4,0,3,5) : 1
(2,1,6,4,5,0) : 1
(2,1,6,4,5,0,3) : 1
(2,1,6,4,5,3,0) : 2
(2,1,6,5) : 2
(2,1,6,5,0,3,4) : 2
(2,1,6,5,0,4,3) : 1
(2,1,6,5,3,0,4) : 2
(2,1,6,5,3,4,0) : 1
(2,1,6,5,4,0,3) : 1
(2,1,6,5,4,3,0) : 5
(2,3) : 81
(2,3,0,1) : 1
(2,3,0,1,4,5,6) : 8
(2,3,0,1,4,6,5) : 14
(2,3,0,1,5,6,4) : 2
(2,3,0,1,6,4,5) : 3
(2,3,0,4,1,5,6) : 6
(2,3,0,4,1,6,5) : 5
(2,3,0,4,5,6,1) : 1
(2,3,0,5,1,4,6) : 1
(2,3,0,5,4,1,6) : 1
(2,3,0,5,6,4,1) : 1
(2,3,0,6,1,4,5) : 1
(2,3,0,6,4,1,5) : 1
(2,3,1) : 5
(2,3,1,0) : 2
(2,3,1,0,4,5,6) : 11
(2,3,1,0,4,6,5) : 10
(2,3,1,0,5,6,4) : 1
(2,3,1,0,6,5,4) : 1
(2,3,1,4) : 1
(2,3,1,4,0,5,6) : 8
(2,3,1,4,0,6,5) : 17
(2,3,1,4,5,0,6) : 2
(2,3,1,4,5,6,0) : 2
(2,3,1,4,6,5,0) : 5
(2,3,1,5,4,6,0) : 1
(2,3,1,5,6,0,4) : 1
(2,3,1,5,6,4,0) : 4
(2,3,1,6) : 1
(2,3,1,6,0,4,5) : 3
(2,3,1,6,4,0,5) : 1
(2,3,1,6,4,5,0) : 1
(2,3,1,6,5,4,0) : 1
(2,3,4) : 3
(2,3,4,0,1,5,6) : 6
(2,3,4,0,1,6,5) : 2
(2,3,4,0,5,1,6) : 1
(2,3,4,0,6,1,5) : 1
(2,3,4,0,6,5,1) : 1
(2,3,4,1,0,5,6) : 18
(2,3,4,1,0,6,5) : 7
(2,3,4,1,5,0,6) : 1
(2,3,4,1,5,6,0) : 1
(2,3,4,1,6,0,5) : 1
(2,3,4,5,0,6) : 1
(2,3,4,5,1,0,6) : 2
(2,3,4,5,6) : 3
(2,3,4,5,6,0,1) : 3
(2,3,4,5,6,1,0) : 4
(2,3,4,6) : 1
(2,3,4,6,1,0,5) : 1
(2,3,4,6,5,0,1) : 1
(2,3,5) : 6
(2,3,5,0,1,4,6) : 2
(2,3,5,0,4,1,6) : 2
(2,3,5,1,4,0,6) : 5
(2,3,5,1,4,6,0) : 1
(2,3,5,4,0,1,6) : 1
(2,3,5,4,1,0,6) : 4
(2,3,5,6,0,1,4) : 2
(2,3,5,6,0,4,1) : 1
(2,3,5,6,1,0,4) : 1
(2,3,5,6,4,0,1) : 3
(2,3,5,6,4,1,0) : 5
(2,3,6) : 4
(2,3,6,0,1) : 1
(2,3,6,0,1,4,5) : 3
(2,3,6,0,4,1,5) : 2
(2,3,6,1,0,4,5) : 3
(2,3,6,1,0,5,4) : 2
(2,3,6,1,4,0,5) : 1
(2,3,6,1,5,0,4) : 2
(2,3,6,1,5,4,0) : 1
(2,3,6,4) : 1
(2,3,6,4,0,1,5) : 1
(2,3,6,4,0,5,1) : 1
(2,3,6,4,1,0,5) : 1
(2,3,6,4,5,0,1) : 1
(2,3,6,4,5,1,0) : 2
(2,3,6,5,0,4,1) : 1
(2,3,6,5,1,0,4) : 1
(2,3,6,5,1,4,0) : 2
(2,3,6,5,4,0,1) : 1
(2,3,6,5,4,1,0) : 8
(2,4) : 38
(2,4,0) : 1
(2,4,0,1,3,5,6) : 3
(2,4,0,1,3,6,5) : 7
(2,4,0,1,5,3,6) : 3
(2,4,0,1,5,6,3) : 3
(2,4,0,1,6,5,3) : 3
(2,4,0,3) : 1
(2,4,0,5) : 1
(2,4,0,5,1,3,6) : 1
(2,4,0,5,1,6,3) : 1
(2,4,0,5,3,6,1) : 1
(2,4,0,5,6,1,3) : 1
(2,4,0,6,1,3,5) : 1
(2,4,0,6,3,1,5) : 2
(2,4,1) : 10
(2,4,1,0,3,5,6) : 8
(2,4,1,0,3,6,5) : 7
(2,4,1,0,5,3,6) : 3
(2,4,1,0,5,6,3) : 4
(2,4,1,0,6,3,5) : 1
(2,4,1,0,6,5) : 1
(2,4,1,0,6,5,3) : 6
(2,4,1,3,0,5,6) : 3
(2,4,1,3,0,6,5) : 5
(2,4,1,3,5,6,0) : 2
(2,4,1,3,6,0,5) : 1
(2,4,1,3,6,5,0) : 1
(2,4,1,5,0,6,3) : 5
(2,4,1,5,3,0,6) : 2
(2,4,1,5,6,0,3) : 2
(2,4,1,5,6,3) : 1
(2,4,1,6,0,5,3) : 2
(2,4,1,6,3,0,5) : 1
(2,4,1,6,5,0) : 2
(2,4,1,6,5,0,3) : 2
(2,4,1,6,5,3,0) : 3
(2,4,3) : 2
(2,4,3,0,1,5,6) : 2
(2,4,3,0,1,6,5) : 2
(2,4,3,1,0,5,6) : 6
(2,4,3,1,0,6,5) : 3
(2,4,3,1,6,5,0) : 4
(2,4,3,5,6,0,1) : 1
(2,4,3,6,0,1,5) : 1
(2,4,5) : 6
(2,4,5,0,1,3,6) : 3
(2,4,5,0,1,6,3) : 2
(2,4,5,0,3,1,6) : 1
(2,4,5,0,6,1,3) : 1
(2,4,5,1,0,3,6) : 6
(2,4,5,1,0,6,3) : 3
(2,4,5,1,3,0,6) : 1
(2,4,5,1,3,6) : 2
(2,4,5,1,3,6,0) : 1
(2,4,5,1,6,0,3) : 3
(2,4,5,1,6,3,0) : 2
(2,4,5,3,0,1,6) : 1
(2,4,5,3,1,0,6) : 2
(2,4,5,3,1,6,0) : 1
(2,4,5,3,6,1,0) : 1
(2,4,5,6) : 1
(2,4,5,6,0,1,3) : 6
(2,4,5,6,1,0,3) : 11
(2,4,5,6,1,3) : 1
(2,4,5,6,1,3,0) : 1
(2,4,5,6,3,0,1) : 1
(2,4,5,6,3,1,0) : 1
(2,4,6) : 3
(2,4,6,0) : 1
(2,4,6,0,1,3,5) : 1
(2,4,6,0,1,5,3) : 3
(2,4,6,0,3,5,1) : 1
(2,4,6,0,5,3,1) : 1
(2,4,6,1,0,3,5) : 2
(2,4,6,1,0,5,3) : 1
(2,4,6,1,5,0,3) : 1
(2,4,6,1,5,3,0) : 1
(2,4,6,3,1,5,0) : 1
(2,4,6,3,5,1,0) : 1
(2,4,6,5) : 1
(2,4,6,5,0,1,3) : 3
(2,4,6,5,1,0,3) : 5
(2,4,6,5,1,3,0) : 1
(2,4,6,5,3,1,0) : 1
(2,5) : 307
(2,5,0) : 9
(2,5,0,1) : 1
(2,5,0,1,3,4,6) : 18
(2,5,0,1,4) : 2
(2,5,0,1,4,3,6) : 10
(2,5,0,1,4,6,3) : 11
(2,5,0,1,6,4,3) : 7
(2,5,0,3,1,4,6) : 2
(2,5,0,3,4,1,6) : 4
(2,5,0,3,4,6,1) : 1
(2,5,0,4) : 2
(2,5,0,4,1,3,6) : 5
(2,5,0,4,1,6) : 2
(2,5,0,4,1,6,3) : 5
(2,5,0,4,3,1,6) : 1
(2,5,0,4,3,6,1) : 1
(2,5,0,4,6,1,3) : 3
(2,5,0,4,6,3,1) : 2
(2,5,0,6) : 3
(2,5,0,6,1,3,4) : 1
(2,5,0,6,1,4,3) : 3
(2,5,0,6,3,1,4) : 1
(2,5,0,6,4,1,3) : 2
(2,5,0,6,4,3,1) : 1
(2,5,1) : 9
(2,5,1,0) : 2
(2,5,1,0,3,4,6) : 6
(2,5,1,0,3,6,4) : 1
(2,5,1,0,4,3,6) : 12
(2,5,1,0,4,6,3) : 6
(2,5,1,0,6,3,4) : 3
(2,5,1,0,6,4,3) : 3
(2,5,1,3,0,4,6) : 5
(2,5,1,3,4,0,6) : 2
(2,5,1,3,4,6) : 1
(2,5,1,3,6,4,0) : 1
(2,5,1,4,0,3,6) : 5
(2,5,1,4,0,6,3) : 4
(2,5,1,4,3,0,6) : 3
(2,5,1,4,6,0,3) : 3
(2,5,1,4,6,3,0) : 2
(2,5,1,6) : 2
(2,5,1,6,0,4,3) : 3
(2,5,1,6,3,0,4) : 4
(2,5,1,6,3,4,0) : 2
(2,5,1,6,4,0,3) : 4
(2,5,1,6,4,3,0) : 5
(2,5,3) : 3
(2,5,3,0) : 1
(2,5,3,0,1,4,6) : 1
(2,5,3,0,4,6,1) : 2
(2,5,3,0,6) : 1
(2,5,3,1,0,4,6) : 9
(2,5,3,1,0,6,4) : 1
(2,5,3,1,4,0,6) : 1
(2,5,3,1,6,0,4) : 1
(2,5,3,1,6,4,0) : 1
(2,5,3,4,0,1,6) : 5
(2,5,3,4,0,6,1) : 1
(2,5,3,4,1,0,6) : 7
(2,5,3,4,1,6,0) : 2
(2,5,3,4,6,0,1) : 1
(2,5,3,4,6,1,0) : 2
(2,5,3,6,0,1,4) : 1
(2,5,3,6,1,0) : 1
(2,5,3,6,1,0,4) : 4
(2,5,3,6,4,0,1) : 1
(2,5,4) : 20
(2,5,4,0) : 1
(2,5,4,0,1,3,6) : 6
(2,5,4,0,1,6) : 1
(2,5,4,0,1,6,3) : 6
(2,5,4,0,3,1,6) : 1
(2,5,4,0,3,6) : 1
(2,5,4,0,6) : 2
(2,5,4,0,6,1,3) : 2
(2,5,4,1) : 1
(2,5,4,1,0,3,6) : 11
(2,5,4,1,0,6,3) : 5
(2,5,4,1,3,0,6) : 1
(2,5,4,1,6,0,3) : 5
(2,5,4,1,6,3,0) : 2
(2,5,4,3,0,1,6) : 2
(2,5,4,3,1,0,6) : 7
(2,5,4,3,6,0,1) : 2
(2,5,4,3,6,1,0) : 3
(2,5,4,6) : 4
(2,5,4,6,0,1,3) : 8
(2,5,4,6,1,0,3) : 4
(2,5,4,6,1,3,0) : 2
(2,5,4,6,3,0,1) : 3
(2,5,4,6,3,1,0) : 4
(2,5,6) : 104
(2,5,6,0) : 2
(2,5,6,0,1,3,4) : 8
(2,5,6,0,1,4,3) : 18
(2,5,6,0,3,1,4) : 3
(2,5,6,0,3,4,1) : 3
(2,5,6,0,4,1,3) : 20
(2,5,6,0,4,3,1) : 6
(2,5,6,1) : 2
(2,5,6,1,0) : 1
(2,5,6,1,0,3) : 1
(2,5,6,1,0,3,4) : 8
(2,5,6,1,0,4,3) : 24
(2,5,6,1,3,0,4) : 1
(2,5,6,1,3,4,0) : 9
(2,5,6,1,4,0) : 1
(2,5,6,1,4,0,3) : 16
(2,5,6,1,4,3,0) : 12
(2,5,6,3) : 2
(2,5,6,3,0,1,4) : 4
(2,5,6,3,0,4,1) : 2
(2,5,6,3,1,0,4) : 2
(2,5,6,3,1,4,0) : 6
(2,5,6,3,4,0,1) : 6
(2,5,6,3,4,1,0) : 7
(2,5,6,4) : 4
(2,5,6,4,0,1,3) : 32
(2,5,6,4,0,3,1) : 4
(2,5,6,4,1,0) : 2
(2,5,6,4,1,0,3) : 28
(2,5,6,4,1,3) : 2
(2,5,6,4,1,3,0) : 9
(2,5,6,4,3,0,1) : 4
(2,5,6,4,3,1,0) : 21
(2,6) : 170
(2,6,0) : 2
(2,6,0,1) : 1
(2,6,0,1,3,4,5) : 13
(2,6,0,1,4,3,5) : 10
(2,6,0,1,4,5,3) : 1
(2,6,0,1,5,3,4) : 2
(2,6,0,1,5,4,3) : 1
(2,6,0,3,1,4,5) : 3
(2,6,0,3,4,1,5) : 1
(2,6,0,3,4,5,1) : 2
(2,6,0,3,5,4,1) : 1
(2,6,0,4,1,3,5) : 5
(2,6,0,4,1,5,3) : 2
(2,6,0,4,3,1,5) : 3
(2,6,0,4,3,5,1) : 2
(2,6,0,4,5,1,3) : 1
(2,6,0,4,5,3,1) : 1
(2,6,0,5) : 1
(2,6,0,5,1,3,4) : 1
(2,6,0,5,1,4,3) : 7
(2,6,0,5,3,1,4) : 1
(2,6,0,5,4,1,3) : 6
(2,6,0,5,4,3,1) : 1
(2,6,1) : 7
(2,6,1,0) : 1
(2,6,1,0,3,4,5) : 5
(2,6,1,0,4,3,5) : 4
(2,6,1,0,4,5,3) : 5
(2,6,1,0,5) : 1
(2,6,1,0,5,4,3) : 1
(2,6,1,3,0,4,5) : 3
(2,6,1,3,4,0,5) : 1
(2,6,1,3,4,5,0) : 2
(2,6,1,4,0,3,5) : 2
(2,6,1,4,5,0,3) : 4
(2,6,1,4,5,3,0) : 1
(2,6,1,5) : 1
(2,6,1,5,0,4,3) : 2
(2,6,1,5,3,0,4) : 2
(2,6,1,5,3,4,0) : 4
(2,6,1,5,4,0,3) : 4
(2,6,1,5,4,3,0) : 2
(2,6,3) : 8
(2,6,3,0,1,4,5) : 1
(2,6,3,0,1,5,4) : 1
(2,6,3,0,4,1,5) : 1
(2,6,3,1,0,4,5) : 7
(2,6,3,1,4,0,5) : 1
(2,6,3,1,4,5,0) : 2
(2,6,3,1,5,4,0) : 1
(2,6,3,4,0,1,5) : 2
(2,6,3,4,0,5,1) : 1
(2,6,3,4,1,0,5) : 5
(2,6,3,4,5,0,1) : 2
(2,6,3,4,5,1,0) : 4
(2,6,3,5,0,1,4) : 1
(2,6,3,5,1,0,4) : 1
(2,6,3,5,1,4,0) : 1
(2,6,3,5,4,0,1) : 2
(2,6,3,5,4,1,0) : 2
(2,6,4) : 1
(2,6,4,0) : 1
(2,6,4,0,1,3,5) : 4
(2,6,4,0,1,5,3) : 4
(2,6,4,0,3,1,5) : 1
(2,6,4,0,5,1,3) : 2
(2,6,4,1,0,3,5) : 12
(2,6,4,1,0,5,3) : 4
(2,6,4,1,5,0,3) : 3
(2,6,4,1,5,3) : 1
(2,6,4,1,5,3,0) : 1
(2,6,4,3,1,0,5) : 3
(2,6,4,3,1,5,0) : 1
(2,6,4,3,5,0,1) : 1
(2,6,4,5) : 1
(2,6,4,5,0,1,3) : 3
(2,6,4,5,0,3,1) : 2
(2,6,4,5,1,0,3) : 6
(2,6,4,5,1,3,0) : 1
(2,6,4,5,3,1,0) : 3
(2,6,5) : 90
(2,6,5,0) : 4
(2,6,5,0,1,3,4) : 18
(2,6,5,0,1,4,3) : 22
(2,6,5,0,3,1,4) : 3
(2,6,5,0,3,4,1) : 3
(2,6,5,0,4,1,3) : 14
(2,6,5,0,4,3,1) : 6
(2,6,5,1,0,3,4) : 5
(2,6,5,1,0,4,3) : 14
(2,6,5,1,3,0,4) : 2
(2,6,5,1,3,4,0) : 6
(2,6,5,1,4,0,3) : 12
(2,6,5,1,4,3,0) : 5
(2,6,5,3,0,1,4) : 4
(2,6,5,3,0,4,1) : 2
(2,6,5,3,1,0,4) : 6
(2,6,5,3,1,4,0) : 5
(2,6,5,3,4,0,1) : 5
(2,6,5,3,4,1,0) : 4
(2,6,5,4) : 5
(2,6,5,4,0,1,3) : 23
(2,6,5,4,0,3,1) : 2
(2,6,5,4,1,0,3) : 22
(2,6,5,4,1,3,0) : 5
(2,6,5,4,3,0,1) : 7
(2,6,5,4,3,1,0) : 23
(3) : 207
(3,0) : 1
(3,0,1,2,6,5,4) : 1
(3,0,1,4,5,6,2) : 1
(3,0,1,5) : 1
(3,0,2,6) : 1
(3,0,5,4,2,1,6) : 1
(3,0,6) : 1
(3,0,6,2,5,1,4) : 1
(3,1,0,2,6,4,5) : 1
(3,1,0,4,5,6,2) : 2
(3,1,2,4,0,5,6) : 1
(3,1,2,4,5,6,0) : 1
(3,1,2,5,0,4,6) : 1
(3,1,4,6,2,0,5) : 1
(3,1,6,2,0,4,5) : 1
(3,2) : 32
(3,2,0) : 1
(3,2,0,1) : 1
(3,2,0,1,4,5,6) : 1
(3,2,0,1,4,6,5) : 7
(3,2,0,1,6) : 1
(3,2,0,4,6,5,1) : 1
(3,2,0,6,1,4,5) : 1
(3,2,0,6,5,4,1) : 1
(3,2,1) : 2
(3,2,1,0,4,5,6) : 3
(3,2,1,0,4,6,5) : 2
(3,2,1,0,6,5,4) : 1
(3,2,1,4,0,5,6) : 1
(3,2,1,4,0,6,5) : 2
(3,2,1,4,6,0,5) : 1
(3,2,1,5,4,6) : 1
(3,2,1,6,0,4,5) : 1
(3,2,4,0) : 1
(3,2,4,0,1,5,6) : 2
(3,2,4,0,1,6,5) : 1
(3,2,4,0,6,5,1) : 1
(3,2,4,1,0,5,6) : 1
(3,2,4,1,0,6,5) : 2
(3,2,4,5,0,1,6) : 1
(3,2,4,5,1,0,6) : 1
(3,2,4,5,1,6,0) : 1
(3,2,4,5,6,0,1) : 1
(3,2,4,5,6,1,0) : 1
(3,2,4,6,0,1,5) : 1
(3,2,4,6,1,0,5) : 1
(3,2,5) : 1
(3,2,5,1,4,0,6) : 1
(3,2,5,4,0,1,6) : 1
(3,2,5,4,1,0,6) : 1
(3,2,5,6) : 1
(3,2,5,6,0,4,1) : 1
(3,2,5,6,4,0,1) : 1
(3,2,6) : 4
(3,2,6,0) : 1
(3,2,6,0,1,5,4) : 2
(3,2,6,0,4,1,5) : 1
(3,2,6,0,5,1,4) : 1
(3,2,6,1,0,4,5) : 3
(3,2,6,1,0,5,4) : 3
(3,2,6,1,4,5,0) : 2
(3,2,6,1,5,4,0) : 2
(3,2,6,4,5) : 1
(3,2,6,5,0,1,4) : 3
(3,2,6,5,1,0,4) : 1
(3,2,6,5,4,1,0) : 1
(3,4,0,6,5,1,2) : 1
(3,4,1,0,6,2,5) : 1
(3,4,1,2,6,5,0) : 1
(3,4,2,1) : 1
(3,4,2,1,0,5,6) : 1
(3,4,5,1,0,2,6) : 1
(3,4,5,2,0,1,6) : 1
(3,4,5,2,6,1,0) : 1
(3,4,5,6,1,2,0) : 1
(3,4,5,6,2,1,0) : 1
(3,4,6) : 1
(3,4,6,2,5,1,0) : 1
(3,5) : 2
(3,5,0,6) : 1
(3,5,1,0,4,2,6) : 1
(3,5,2) : 1
(3,5,4,0,1,2,6) : 1
(3,5,4,6,2,0,1) : 2
(3,5,6,0,2,1) : 1
(3,5,6,1,0,4,2) : 1
(3,5,6,1,4,0,2) : 1
(3,5,6,2,0,4,1) : 1
(3,5,6,2,4,0,1) : 1
(3,5,6,4,1,2,0) : 1
(3,5,6,4,2,1) : 1
(3,6) : 7
(3,6,0,2,1,4,5) : 1
(3,6,0,4,1,5,2) : 1
(3,6,1) : 1
(3,6,1,0,2,4,5) : 1
(3,6,1,2,0,4,5) : 1
(3,6,1,2,0,5,4) : 1
(3,6,1,4,2,0,5) : 1
(3,6,2) : 1
(3,6,2,0,1,4,5) : 1
(3,6,2,1,0,4,5) : 1
(3,6,2,1,0,5,4) : 1
(3,6,2,1,4,0,5) : 1
(3,6,2,1,4,5,0) : 1
(3,6,2,1,5,0,4) : 2
(3,6,2,4,1,0,5) : 1
(3,6,2,5,1,0,4) : 1
(3,6,4,1,0,2,5) : 1
(3,6,4,2,5,1,0) : 1
(3,6,5) : 5
(3,6,5,0,2,4,1) : 1
(3,6,5,1,4,2,0) : 1
(3,6,5,4,2,0,1) : 1
(3,6,5,4,2,1,0) : 2
(4) : 442
(4,0) : 8
(4,0,1) : 1
(4,0,1,2,3,6,5) : 1
(4,0,1,2,5,3) : 1
(4,0,1,2,6,5,3) : 1
(4,0,1,3,2,5,6) : 1
(4,0,1,3,2,6,5) : 1
(4,0,1,3,5,2,6) : 1
(4,0,1,5) : 1
(4,0,1,5,6,2,3) : 3
(4,0,2,6,5,1,3) : 1
(4,0,3,5,6,2,1) : 1
(4,0,5) : 5
(4,0,5,1,2,3,6) : 1
(4,0,5,1,6,2,3) : 1
(4,0,5,2,1,3,6) : 1
(4,0,5,2,1,6,3) : 1
(4,0,5,2,6,1,3) : 2
(4,0,5,2,6,3,1) : 1
(4,0,5,6) : 5
(4,0,5,6,1,2) : 2
(4,0,5,6,1,2,3) : 6
(4,0,5,6,1,3,2) : 2
(4,0,5,6,2,1,3) : 3
(4,0,5,6,2,3,1) : 2
(4,0,5,6,3,1,2) : 1
(4,0,6) : 2
(4,0,6,2,3,1,5) : 1
(4,0,6,5,2,1,3) : 1
(4,1) : 6
(4,1,0) : 1
(4,1,0,2,3,5,6) : 1
(4,1,0,2,5,6,3) : 1
(4,1,0,3,6,5,2) : 1
(4,1,0,5,2,6) : 1
(4,1,0,5,2,6,3) : 4
(4,1,0,5,3,2,6) : 2
(4,1,0,5,6,2,3) : 1
(4,1,0,6,2,5,3) : 1
(4,1,2,5,0,3,6) : 2
(4,1,2,5,0,6,3) : 1
(4,1,2,5,3,6,0) : 1
(4,1,2,5,6,0,3) : 1
(4,1,2,5,6,3) : 1
(4,1,2,6,5,0,3) : 1
(4,1,2,6,5,3) : 1
(4,1,3) : 1
(4,1,3,0,5,6,2) : 1
(4,1,3,2,6,5,0) : 1
(4,1,5) : 2
(4,1,5,0,2,3,6) : 1
(4,1,5,0,2,6,3) : 1
(4,1,5,0,6,2,3) : 2
(4,1,5,2,6,3,0) : 1
(4,1,6) : 1
(4,2) : 8
(4,2,0) : 1
(4,2,0,1,5,6,3) : 2
(4,2,0,1,6,3,5) : 1
(4,2,0,3,5,6,1) : 1
(4,2,0,5,6,3,1) : 1
(4,2,0,6,1,5,3) : 1
(4,2,0,6,5,1,3) : 1
(4,2,1,0,3,6,5) : 1
(4,2,1,0,5,3,6) : 1
(4,2,1,3,0,6,5) : 1
(4,2,1,3,5,0,6) : 1
(4,2,1,5) : 1
(4,2,1,5,6,0,3) : 1
(4,2,3,1,6,5,0) : 1
(4,2,5) : 8
(4,2,5,1,0,6,3) : 1
(4,2,5,1,3,6,0) : 1
(4,2,5,3,0,1,6) : 1
(4,2,5,3,1,0,6) : 1
(4,2,5,6,0,1,3) : 1
(4,2,5,6,1,0,3) : 1
(4,2,6) : 1
(4,2,6,3,5,0,1) : 1
(4,2,6,5) : 1
(4,2,6,5,0,1,3) : 1
(4,2,6,5,1,0,3) : 2
(4,2,6,5,3,1,0) : 1
(4,3,0,1,2,5,6) : 1
(4,3,1,0,5,2,6) : 1
(4,3,2,1,0,5,6) : 1
(4,3,2,1,5,6) : 1
(4,3,2,6) : 1
(4,3,5,0,2,1,6) : 1
(4,3,5,6,2,1,0) : 1
(4,3,6,5,1,0,2) : 2
(4,5) : 48
(4,5,0) : 3
(4,5,0,1,2,3,6) : 3
(4,5,0,1,2,6,3) : 2
(4,5,0,1,3,2,6) : 1
(4,5,0,1,3,6,2) : 2
(4,5,0,1,6,2) : 1
(4,5,0,1,6,2,3) : 7
(4,5,0,1,6,3,2) : 2
(4,5,0,2,3,1,6) : 1
(4,5,0,3,6,1,2) : 1
(4,5,0,6) : 8
(4,5,0,6,1) : 1
(4,5,0,6,1,2,3) : 9
(4,5,0,6,1,3,2) : 2
(4,5,0,6,2,1,3) : 3
(4,5,0,6,2,3,1) : 1
(4,5,1) : 4
(4,5,1,0,3,2,6) : 1
(4,5,1,0,3,6,2) : 5
(4,5,1,0,6,2,3) : 4
(4,5,1,0,6,3,2) : 1
(4,5,1,2,0,3,6) : 1
(4,5,1,2,0,6,3) : 1
(4,5,1,2,6) : 1
(4,5,1,3,0,2,6) : 1
(4,5,1,6) : 1
(4,5,1,6,2,0,3) : 1
(4,5,2) : 4
(4,5,2,0) : 1
(4,5,2,1,0,6,3) : 1
(4,5,2,3,1,6,0) : 1
(4,5,2,6) : 3
(4,5,2,6,0,1,3) : 2
(4,5,2,6,1,0,3) : 1
(4,5,2,6,3,0,1) : 1
(4,5,2,6,3,1,0) : 1
(4,5,3,1,0) : 1
(4,5,3,1,6,2,0) : 1
(4,5,3,2,1,0,6) : 1
(4,5,3,6,2,1,0) : 1
(4,5,6) : 19
(4,5,6,0) : 11
(4,5,6,0,1,2) : 1
(4,5,6,0,1,2,3) : 13
(4,5,6,0,1,3,2) : 8
(4,5,6,0,2,1,3) : 4
(4,5,6,0,3,1,2) : 1
(4,5,6,1,0,2,3) : 6
(4,5,6,1,0,3,2) : 4
(4,5,6,1,2,0,3) : 2
(4,5,6,1,2,3,0) : 3
(4,5,6,1,3,0,2) : 3
(4,5,6,2) : 1
(4,5,6,2,0,1,3) : 3
(4,5,6,2,1) : 1
(4,5,6,2,1,0,3) : 9
(4,5,6,2,1,3,0) : 2
(4,5,6,2,3,1,0) : 1
(4,5,6,3,2,1,0) : 2
(4,6) : 16
(4,6,0,1,2,3,5) : 1
(4,6,1,0,2,5,3) : 1
(4,6,1,0,3,5,2) : 1
(4,6,1,0,5,2,3) : 1
(4,6,1,2,0,3,5) : 1
(4,6,1,2,5,3,0) : 1
(4,6,1,3,2,0,5) : 1
(4,6,1,3,5,0,2) : 1
(4,6,1,5,0,2,3) : 1
(4,6,1,5,0,3,2) : 1
(4,6,2,1,0,3,5) : 1
(4,6,2,1,3,5,0) : 2
(4,6,2,3,0,1,5) : 2
(4,6,2,5,0) : 1
(4,6,2,5,0,1,3) : 1
(4,6,3) : 1
(4,6,3,5,1,0,2) : 1
(4,6,5) : 17
(4,6,5,0) : 1
(4,6,5,0,1,2) : 1
(4,6,5,0,1,2,3) : 6
(4,6,5,0,1,3,2) : 2
(4,6,5,0,2,1,3) : 4
(4,6,5,0,2,3,1) : 3
(4,6,5,1,0,2,3) : 6
(4,6,5,1,2,0,3) : 3
(4,6,5,1,2,3,0) : 1
(4,6,5,1,3,0,2) : 1
(4,6,5,2,0,1,3) : 3
(4,6,5,2,1,0,3) : 4
(4,6,5,2,3,0,1) : 2
(4,6,5,3,0,1,2) : 2
(4,6,5,3,2,1,0) : 2
(5) : 5660
(5,0) : 131
(5,0,1) : 4
(5,0,1,2) : 2
(5,0,1,2,3,4,6) : 7
(5,0,1,2,4,3,6) : 2
(5,0,1,2,4,6,3) : 2
(5,0,1,2,6,4,3) : 2
(5,0,1,3,2,4,6) : 1
(5,0,1,3,4,6,2) : 1
(5,0,1,3,6,4,2) : 1
(5,0,1,4) : 2
(5,0,1,4,2,3,6) : 1
(5,0,1,4,2,6,3) : 2
(5,0,1,4,3,2,6) : 2
(5,0,1,4,3,6,2) : 6
(5,0,1,4,6) : 1
(5,0,1,4,6,2,3) : 14
(5,0,1,4,6,3,2) : 5
(5,0,1,6) : 8
(5,0,1,6,2,3,4) : 1
(5,0,1,6,2,4,3) : 2
(5,0,1,6,4,2,3) : 8
(5,0,1,6,4,3,2) : 4
(5,0,2) : 8
(5,0,2,1) : 3
(5,0,2,1,4,3,6) : 2
(5,0,2,1,4,6,3) : 1
(5,0,2,1,6,4,3) : 1
(5,0,2,4) : 3
(5,0,2,4,1,3,6) : 2
(5,0,2,4,1,6,3) : 5
(5,0,2,4,3,1,6) : 1
(5,0,2,4,3,6,1) : 1
(5,0,2,4,6,1,3) : 4
(5,0,2,4,6,3,1) : 1
(5,0,2,6) : 7
(5,0,2,6,1,3,4) : 1
(5,0,2,6,1,4,3) : 5
(5,0,2,6,3,4,1) : 2
(5,0,2,6,4,1,3) : 12
(5,0,2,6,4,3,1) : 5
(5,0,3) : 2
(5,0,3,1) : 1
(5,0,3,1,2,6,4) : 1
(5,0,3,1,4,6,2) : 1
(5,0,3,4,1,6,2) : 1
(5,0,3,6) : 2
(5,0,3,6,2,4,1) : 1
(5,0,3,6,4,1,2) : 1
(5,0,4) : 170
(5,0,4,1) : 7
(5,0,4,1,2,3,6) : 4
(5,0,4,1,2,6,3) : 11
(5,0,4,1,3,2,6) : 14
(5,0,4,1,3,6,2) : 5
(5,0,4,1,6) : 2
(5,0,4,1,6,2,3) : 29
(5,0,4,1,6,3,2) : 4
(5,0,4,2) : 18
(5,0,4,2,1,3,6) : 5
(5,0,4,2,1,6,3) : 6
(5,0,4,2,3,1,6) : 2
(5,0,4,2,3,6,1) : 1
(5,0,4,2,6,1) : 1
(5,0,4,2,6,1,3) : 8
(5,0,4,2,6,3) : 1
(5,0,4,2,6,3,1) : 1
(5,0,4,3,1,2,6) : 4
(5,0,4,3,1,6,2) : 1
(5,0,4,3,2,1,6) : 1
(5,0,4,3,6,1,2) : 1
(5,0,4,6) : 1861
(5,0,4,6,1) : 7
(5,0,4,6,1,2,3) : 230
(5,0,4,6,1,3,2) : 69
(5,0,4,6,2) : 4
(5,0,4,6,2,1) : 1
(5,0,4,6,2,1,3) : 532
(5,0,4,6,2,3,1) : 34
(5,0,4,6,3,1,2) : 33
(5,0,4,6,3,2,1) : 10
(5,0,6) : 140
(5,0,6,1) : 5
(5,0,6,1,2,3,4) : 3
(5,0,6,1,2,4,3) : 7
(5,0,6,1,3,2,4) : 1
(5,0,6,1,4) : 1
(5,0,6,1,4,2,3) : 28
(5,0,6,1,4,3,2) : 2
(5,0,6,2) : 11
(5,0,6,2,1,3,4) : 4
(5,0,6,2,1,4,3) : 14
(5,0,6,2,3,1,4) : 1
(5,0,6,2,3,4,1) : 1
(5,0,6,2,4,1) : 1
(5,0,6,2,4,1,3) : 35
(5,0,6,2,4,3,1) : 9
(5,0,6,3,1,2,4) : 1
(5,0,6,3,1,4,2) : 2
(5,0,6,3,2,1,4) : 1
(5,0,6,3,2,4,1) : 2
(5,0,6,3,4,1,2) : 1
(5,0,6,4) : 89
(5,0,6,4,1) : 1
(5,0,6,4,1,2) : 2
(5,0,6,4,1,2,3) : 116
(5,0,6,4,1,3,2) : 31
(5,0,6,4,2,1) : 1
(5,0,6,4,2,1,3) : 58
(5,0,6,4,2,3,1) : 15
(5,0,6,4,3,1,2) : 10
(5,0,6,4,3,2,1) : 10
(5,1) : 41
(5,1,0,2,3,4,6) : 2
(5,1,0,2,3,6,4) : 1
(5,1,0,2,4,3,6) : 1
(5,1,0,2,4,6) : 1
(5,1,0,2,4,6,3) : 3
(5,1,0,3,4,2,6) : 1
(5,1,0,3,6,4,2) : 1
(5,1,0,4,2,6,3) : 3
(5,1,0,4,3,2,6) : 2
(5,1,0,4,3,6,2) : 6
(5,1,0,4,6) : 1
(5,1,0,4,6,2,3) : 4
(5,1,0,4,6,3,2) : 1
(5,1,0,6) : 1
(5,1,0,6,2,3,4) : 1
(5,1,0,6,2,4,3) : 1
(5,1,0,6,3,4,2) : 1
(5,1,0,6,4) : 1
(5,1,0,6,4,2,3) : 3
(5,1,0,6,4,3,2) : 2
(5,1,2) : 2
(5,1,2,0) : 2
(5,1,2,0,3,4,6) : 2
(5,1,2,0,3,6,4) : 1
(5,1,2,0,4,6,3) : 1
(5,1,2,0,6,4,3) : 1
(5,1,2,3,4) : 1
(5,1,2,4) : 3
(5,1,2,4,0,3,6) : 2
(5,1,2,4,0,6,3) : 1
(5,1,2,4,3,0,6) : 1
(5,1,2,4,6,3,0) : 1
(5,1,2,6) : 1
(5,1,2,6,0,3,4) : 1
(5,1,2,6,3,4,0) : 1
(5,1,2,6,4,0,3) : 2
(5,1,2,6,4,3,0) : 2
(5,1,3) : 1
(5,1,3,0,4,6,2) : 2
(5,1,3,2) : 1
(5,1,3,2,6,4,0) : 1
(5,1,3,4,0,2,6) : 1
(5,1,3,4,2,0,6) : 1
(5,1,3,4,6,2,0) : 1
(5,1,3,6) : 1
(5,1,4) : 4
(5,1,4,0) : 1
(5,1,4,0,2,3,6) : 1
(5,1,4,0,2,6,3) : 3
(5,1,4,0,3,6,2) : 3
(5,1,4,0,6,2,3) : 5
(5,1,4,0,6,3,2) : 1
(5,1,4,2,6,0,3) : 1
(5,1,4,3,0,2,6) : 3
(5,1,4,3,0,6,2) : 1
(5,1,4,6) : 3
(5,1,4,6,0,2,3) : 1
(5,1,4,6,2,0,3) : 3
(5,1,4,6,2,3) : 1
(5,1,4,6,3,0,2) : 1
(5,1,4,6,3,2,0) : 2
(5,1,6) : 13
(5,1,6,0,2,3,4) : 2
(5,1,6,0,2,4,3) : 1
(5,1,6,0,4,2,3) : 2
(5,1,6,0,4,3,2) : 3
(5,1,6,2) : 1
(5,1,6,2,0,4,3) : 1
(5,1,6,2,3,4,0) : 2
(5,1,6,2,4,0,3) : 2
(5,1,6,3,0,4,2) : 1
(5,1,6,4) : 1
(5,1,6,4,0,2,3) : 1
(5,1,6,4,0,3,2) : 1
(5,1,6,4,2,0,3) : 1
(5,2) : 219
(5,2,0) : 13
(5,2,0,1) : 1
(5,2,0,1,3,4,6) : 16
(5,2,0,1,4,3,6) : 8
(5,2,0,1,4,6) : 1
(5,2,0,1,4,6,3) : 17
(5,2,0,1,6,3,4) : 1
(5,2,0,1,6,4,3) : 1
(5,2,0,3,1,4,6) : 3
(5,2,0,3,4,1,6) : 3
(5,2,0,3,4,6,1) : 1
(5,2,0,3,6,1,4) : 1
(5,2,0,3,6,4,1) : 2
(5,2,0,4) : 3
(5,2,0,4,1,3,6) : 11
(5,2,0,4,1,6,3) : 6
(5,2,0,4,3,1,6) : 3
(5,2,0,4,3,6,1) : 3
(5,2,0,4,6) : 1
(5,2,0,4,6,1,3) : 12
(5,2,0,4,6,3,1) : 5
(5,2,0,6) : 8
(5,2,0,6,1,3,4) : 2
(5,2,0,6,1,4,3) : 7
(5,2,0,6,3,1,4) : 1
(5,2,0,6,4,1,3) : 11
(5,2,0,6,4,3,1) : 3
(5,2,1) : 9
(5,2,1,0,3,4,6) : 7
(5,2,1,0,4,3,6) : 6
(5,2,1,0,4,6) : 1
(5,2,1,0,4,6,3) : 11
(5,2,1,0,6,3,4) : 1
(5,2,1,0,6,4,3) : 4
(5,2,1,3,0,4,6) : 2
(5,2,1,3,4,0,6) : 2
(5,2,1,3,4,6,0) : 1
(5,2,1,3,6,4,0) : 3
(5,2,1,4) : 1
(5,2,1,4,0,3,6) : 3
(5,2,1,4,0,6,3) : 8
(5,2,1,4,3,0,6) : 6
(5,2,1,4,6,0,3) : 2
(5,2,1,4,6,3,0) : 2
(5,2,1,6) : 3
(5,2,1,6,0) : 1
(5,2,1,6,0,4,3) : 2
(5,2,1,6,3,4,0) : 2
(5,2,1,6,4,0,3) : 7
(5,2,1,6,4,3,0) : 1
(5,2,3,0,4,1,6) : 2
(5,2,3,0,6,1,4) : 1
(5,2,3,1,0,4,6) : 2
(5,2,3,1,4,0,6) : 1
(5,2,3,1,6,0,4) : 1
(5,2,3,1,6,4,0) : 2
(5,2,3,4,0,1,6) : 3
(5,2,3,4,1,0,6) : 4
(5,2,3,4,6,1,0) : 3
(5,2,3,6) : 3
(5,2,3,6,0,1,4) : 2
(5,2,3,6,0,4,1) : 1
(5,2,3,6,1,4,0) : 1
(5,2,3,6,4,1,0) : 4
(5,2,4) : 20
(5,2,4,0,1,3,6) : 5
(5,2,4,0,1,6,3) : 12
(5,2,4,0,6,1,3) : 3
(5,2,4,1) : 1
(5,2,4,1,0,3,6) : 6
(5,2,4,1,0,6,3) : 3
(5,2,4,1,3,0,6) : 1
(5,2,4,1,3,6,0) : 1
(5,2,4,1,6,0,3) : 3
(5,2,4,3,0,1,6) : 4
(5,2,4,3,1,0,6) : 6
(5,2,4,3,6,0,1) : 2
(5,2,4,3,6,1,0) : 1
(5,2,4,6) : 5
(5,2,4,6,0,1,3) : 7
(5,2,4,6,0,3,1) : 2
(5,2,4,6,1,0) : 1
(5,2,4,6,1,0,3) : 7
(5,2,4,6,1,3,0) : 2
(5,2,4,6,3,0,1) : 1
(5,2,4,6,3,1,0) : 1
(5,2,6) : 66
(5,2,6,0) : 8
(5,2,6,0,1,3,4) : 20
(5,2,6,0,1,4) : 1
(5,2,6,0,1,4,3) : 30
(5,2,6,0,3,1) : 1
(5,2,6,0,3,4,1) : 1
(5,2,6,0,4) : 2
(5,2,6,0,4,1,3) : 33
(5,2,6,0,4,3) : 2
(5,2,6,0,4,3,1) : 4
(5,2,6,1) : 2
(5,2,6,1,0,3,4) : 2
(5,2,6,1,0,4,3) : 20
(5,2,6,1,3,4) : 1
(5,2,6,1,3,4,0) : 6
(5,2,6,1,4,0,3) : 16
(5,2,6,1,4,3,0) : 4
(5,2,6,3) : 2
(5,2,6,3,0,1,4) : 2
(5,2,6,3,0,4,1) : 4
(5,2,6,3,1,0,4) : 2
(5,2,6,3,1,4,0) : 3
(5,2,6,3,4,0,1) : 4
(5,2,6,3,4,1,0) : 12
(5,2,6,4) : 7
(5,2,6,4,0,1,3) : 22
(5,2,6,4,0,3,1) : 3
(5,2,6,4,1,0) : 2
(5,2,6,4,1,0,3) : 21
(5,2,6,4,1,3) : 1
(5,2,6,4,1,3,0) : 4
(5,2,6,4,3,1,0) : 12
(5,3) : 11
(5,3,0,1,2,4,6) : 1
(5,3,0,1,6,2,4) : 1
(5,3,0,6,1,2) : 1
(5,3,1,0,4,2,6) : 1
(5,3,1,2,6,4) : 1
(5,3,1,4,2,6,0) : 1
(5,3,1,6,0,2,4) : 1
(5,3,2,1) : 1
(5,3,2,1,0,4,6) : 1
(5,3,2,1,4,6) : 1
(5,3,2,1,6,4,0) : 1
(5,3,2,4,1,0,6) : 1
(5,3,2,4,6,1,0) : 1
(5,3,2,6,1,0,4) : 1
(5,3,4,1,0,2,6) : 5
(5,3,4,1,2,0,6) : 1
(5,3,4,2) : 1
(5,3,4,6,0,2,1) : 1
(5,3,4,6,2,0,1) : 2
(5,3,6,0,2,4,1) : 1
(5,3,6,0,4,1,2) : 1
(5,3,6,1) : 1
(5,3,6,1,0,2,4) : 1
(5,3,6,2) : 2
(5,3,6,2,1,0,4) : 1
(5,3,6,4,0,1,2) : 2
(5,4) : 117
(5,4,0) : 36
(5,4,0,1) : 3
(5,4,0,1,2,3,6) : 3
(5,4,0,1,2,6,3) : 6
(5,4,0,1,3,2,6) : 3
(5,4,0,1,3,6,2) : 6
(5,4,0,1,6) : 1
(5,4,0,1,6,2,3) : 28
(5,4,0,1,6,3,2) : 15
(5,4,0,2) : 1
(5,4,0,2,1,3,6) : 4
(5,4,0,2,1,6,3) : 6
(5,4,0,2,3,1,6) : 1
(5,4,0,2,6) : 1
(5,4,0,2,6,1,3) : 4
(5,4,0,3) : 1
(5,4,0,3,1,2,6) : 2
(5,4,0,3,1,6,2) : 2
(5,4,0,3,2,1,6) : 1
(5,4,0,3,2,6,1) : 2
(5,4,0,6) : 99
(5,4,0,6,1) : 2
(5,4,0,6,1,2,3) : 50
(5,4,0,6,1,3,2) : 30
(5,4,0,6,2,1) : 1
(5,4,0,6,2,1,3) : 43
(5,4,0,6,2,3,1) : 8
(5,4,0,6,3,1,2) : 3
(5,4,0,6,3,2,1) : 3
(5,4,1) : 6
(5,4,1,0) : 2
(5,4,1,0,2,3) : 1
(5,4,1,0,2,3,6) : 6
(5,4,1,0,2,6,3) : 5
(5,4,1,0,3,2,6) : 3
(5,4,1,0,3,6,2) : 3
(5,4,1,0,6,2) : 1
(5,4,1,0,6,2,3) : 11
(5,4,1,0,6,3,2) : 3
(5,4,1,2,0,6,3) : 1
(5,4,1,2,3,6) : 1
(5,4,1,2,6) : 2
(5,4,1,2,6,0) : 1
(5,4,1,2,6,0,3) : 4
(5,4,1,2,6,3,0) : 1
(5,4,1,3,0,2,6) : 2
(5,4,1,3,0,6) : 1
(5,4,1,6) : 2
(5,4,1,6,0,2,3) : 8
(5,4,1,6,0,3,2) : 5
(5,4,1,6,2,0,3) : 5
(5,4,1,6,3,0,2) : 1
(5,4,2) : 4
(5,4,2,0) : 2
(5,4,2,0,1,3,6) : 2
(5,4,2,0,3,6,1) : 1
(5,4,2,0,6,1,3) : 2
(5,4,2,0,6,3,1) : 1
(5,4,2,1,0,3,6) : 1
(5,4,2,1,0,6,3) : 2
(5,4,2,1,3,0,6) : 1
(5,4,2,1,6,0,3) : 2
(5,4,2,1,6,3,0) : 2
(5,4,2,3,0,6,1) : 1
(5,4,2,6) : 7
(5,4,2,6,0,1,3) : 4
(5,4,2,6,1,0,3) : 10
(5,4,2,6,3,1,0) : 3
(5,4,3,0,1,6) : 1
(5,4,3,0,1,6,2) : 1
(5,4,3,1,0,2,6) : 2
(5,4,3,1,0,6,2) : 1
(5,4,3,1,6,0) : 1
(5,4,3,2,0,1,6) : 2
(5,4,3,2,1,0,6) : 7
(5,4,3,6) : 1
(5,4,3,6,2,1,0) : 1
(5,4,6) : 88
(5,4,6,0) : 42
(5,4,6,0,1) : 2
(5,4,6,0,1,2) : 2
(5,4,6,0,1,2,3) : 76
(5,4,6,0,1,3,2) : 24
(5,4,6,0,2) : 1
(5,4,6,0,2,1,3) : 41
(5,4,6,0,2,3,1) : 6
(5,4,6,0,3,1,2) : 4
(5,4,6,0,3,2,1) : 4
(5,4,6,1) : 2
(5,4,6,1,0,2) : 1
(5,4,6,1,0,2,3) : 27
(5,4,6,1,0,3,2) : 11
(5,4,6,1,2) : 1
(5,4,6,1,2,0,3) : 6
(5,4,6,1,2,3,0) : 3
(5,4,6,1,3) : 1
(5,4,6,1,3,0,2) : 3
(5,4,6,1,3,2,0) : 1
(5,4,6,2) : 5
(5,4,6,2,0,1,3) : 10
(5,4,6,2,0,3,1) : 2
(5,4,6,2,1,0) : 1
(5,4,6,2,1,0,3) : 14
(5,4,6,2,1,3,0) : 3
(5,4,6,2,3,1,0) : 1
(5,4,6,3,0,1,2) : 5
(5,4,6,3,0,2,1) : 1
(5,4,6,3,1,0,2) : 2
(5,4,6,3,1,2,0) : 2
(5,4,6,3,2,1,0) : 4
(5,6) : 1571
(5,6,0) : 187
(5,6,0,1) : 6
(5,6,0,1,2) : 1
(5,6,0,1,2,3) : 1
(5,6,0,1,2,3,4) : 47
(5,6,0,1,2,4,3) : 40
(5,6,0,1,3,2) : 2
(5,6,0,1,3,2,4) : 3
(5,6,0,1,3,4,2) : 11
(5,6,0,1,4) : 2
(5,6,0,1,4,2,3) : 104
(5,6,0,1,4,3,2) : 53
(5,6,0,2) : 17
(5,6,0,2,1,3,4) : 16
(5,6,0,2,1,4,3) : 34
(5,6,0,2,3) : 1
(5,6,0,2,3,1) : 1
(5,6,0,2,3,1,4) : 2
(5,6,0,2,3,4,1) : 6
(5,6,0,2,4) : 1
(5,6,0,2,4,1,3) : 84
(5,6,0,2,4,3,1) : 15
(5,6,0,3) : 1
(5,6,0,3,1) : 1
(5,6,0,3,1,2,4) : 2
(5,6,0,3,1,4,2) : 2
(5,6,0,3,2,1,4) : 2
(5,6,0,3,4,1,2) : 10
(5,6,0,3,4,2,1) : 1
(5,6,0,4) : 208
(5,6,0,4,1) : 6
(5,6,0,4,1,2,3) : 340
(5,6,0,4,1,3,2) : 137
(5,6,0,4,2) : 2
(5,6,0,4,2,1,3) : 203
(5,6,0,4,2,3,1) : 49
(5,6,0,4,3,1,2) : 31
(5,6,0,4,3,2,1) : 11
(5,6,1) : 27
(5,6,1,0) : 4
(5,6,1,0,2,3,4) : 10
(5,6,1,0,2,4,3) : 15
(5,6,1,0,3,4,2) : 3
(5,6,1,0,4) : 2
(5,6,1,0,4,2,3) : 42
(5,6,1,0,4,3,2) : 26
(5,6,1,2) : 1
(5,6,1,2,0,3,4) : 5
(5,6,1,2,0,4,3) : 10
(5,6,1,2,3,4) : 2
(5,6,1,2,3,4,0) : 3
(5,6,1,2,4,0,3) : 11
(5,6,1,2,4,3,0) : 2
(5,6,1,3,0) : 1
(5,6,1,3,0,2,4) : 1
(5,6,1,3,0,4) : 1
(5,6,1,3,0,4,2) : 3
(5,6,1,3,2,0,4) : 2
(5,6,1,3,2,4,0) : 3
(5,6,1,3,4,0,2) : 3
(5,6,1,3,4,2,0) : 1
(5,6,1,4) : 7
(5,6,1,4,0) : 1
(5,6,1,4,0,2,3) : 30
(5,6,1,4,0,3,2) : 32
(5,6,1,4,2,0,3) : 12
(5,6,1,4,2,3) : 1
(5,6,1,4,2,3,0) : 3
(5,6,1,4,3,0,2) : 9
(5,6,1,4,3,2,0) : 3
(5,6,2) : 142
(5,6,2,0) : 11
(5,6,2,0,1,3,4) : 26
(5,6,2,0,1,4) : 1
(5,6,2,0,1,4,3) : 51
(5,6,2,0,3,1,4) : 3
(5,6,2,0,3,4,1) : 4
(5,6,2,0,4) : 3
(5,6,2,0,4,1,3) : 86
(5,6,2,0,4,3) : 1
(5,6,2,0,4,3,1) : 20
(5,6,2,1) : 2
(5,6,2,1,0) : 1
(5,6,2,1,0,3) : 1
(5,6,2,1,0,3,4) : 15
(5,6,2,1,0,4,3) : 35
(5,6,2,1,3,0) : 1
(5,6,2,1,3,0,4) : 1
(5,6,2,1,3,4,0) : 7
(5,6,2,1,4) : 1
(5,6,2,1,4,0,3) : 22
(5,6,2,1,4,3,0) : 10
(5,6,2,3) : 3
(5,6,2,3,0,1,4) : 6
(5,6,2,3,0,4,1) : 1
(5,6,2,3,1) : 1
(5,6,2,3,1,0,4) : 7
(5,6,2,3,1,4,0) : 7
(5,6,2,3,4,0) : 1
(5,6,2,3,4,0,1) : 9
(5,6,2,3,4,1,0) : 13
(5,6,2,4) : 12
(5,6,2,4,0) : 1
(5,6,2,4,0,1,3) : 75
(5,6,2,4,0,3,1) : 10
(5,6,2,4,1,0,3) : 48
(5,6,2,4,1,3,0) : 11
(5,6,2,4,3,0,1) : 4
(5,6,2,4,3,1,0) : 19
(5,6,3) : 8
(5,6,3,0) : 1
(5,6,3,0,1,2) : 1
(5,6,3,0,1,2,4) : 1
(5,6,3,0,1,4,2) : 1
(5,6,3,0,4,1,2) : 2
(5,6,3,0,4,2,1) : 3
(5,6,3,1) : 1
(5,6,3,1,0,2,4) : 2
(5,6,3,1,2,0,4) : 1
(5,6,3,1,4) : 1
(5,6,3,1,4,0,2) : 3
(5,6,3,1,4,2,0) : 2
(5,6,3,2,0,1,4) : 3
(5,6,3,2,0,4,1) : 2
(5,6,3,2,1,0,4) : 1
(5,6,3,2,4,0,1) : 3
(5,6,3,2,4,1) : 1
(5,6,3,2,4,1,0) : 1
(5,6,3,4,0,1,2) : 10
(5,6,3,4,1) : 1
(5,6,3,4,1,0,2) : 3
(5,6,3,4,1,2,0) : 1
(5,6,3,4,2,1,0) : 5
(5,6,4) : 152
(5,6,4,0) : 199
(5,6,4,0,1) : 5
(5,6,4,0,1,2) : 2
(5,6,4,0,1,2,3) : 388
(5,6,4,0,1,3,2) : 140
(5,6,4,0,2,1,3) : 140
(5,6,4,0,2,3,1) : 28
(5,6,4,0,3) : 1
(5,6,4,0,3,1,2) : 21
(5,6,4,0,3,2,1) : 10
(5,6,4,1) : 11
(5,6,4,1,0) : 5
(5,6,4,1,0,2) : 1
(5,6,4,1,0,2,3) : 147
(5,6,4,1,0,3) : 1
(5,6,4,1,0,3,2) : 77
(5,6,4,1,2,0,3) : 32
(5,6,4,1,2,3) : 2
(5,6,4,1,2,3,0) : 8
(5,6,4,1,3,0,2) : 11
(5,6,4,1,3,2) : 2
(5,6,4,1,3,2,0) : 4
(5,6,4,2) : 6
(5,6,4,2,0) : 2
(5,6,4,2,0,1,3) : 60
(5,6,4,2,0,3,1) : 4
(5,6,4,2,1,0,3) : 47
(5,6,4,2,1,3) : 1
(5,6,4,2,1,3,0) : 10
(5,6,4,2,3,0,1) : 6
(5,6,4,2,3,1,0) : 17
(5,6,4,3,0,1,2) : 14
(5,6,4,3,0,2,1) : 2
(5,6,4,3,1,0,2) : 6
(5,6,4,3,1,2,0) : 2
(5,6,4,3,2,0,1) : 1
(5,6,4,3,2,1) : 2
(5,6,4,3,2,1,0) : 20
(6) : 5680
(6,0) : 40
(6,0,1) : 6
(6,0,1,2) : 2
(6,0,1,2,3,4,5) : 26
(6,0,1,2,4,3,5) : 3
(6,0,1,2,4,5,3) : 2
(6,0,1,2,5,4,3) : 3
(6,0,1,3,2,4,5) : 1
(6,0,1,3,4,2,5) : 2
(6,0,1,3,4,5,2) : 6
(6,0,1,4,2,3,5) : 4
(6,0,1,4,2,5,3) : 1
(6,0,1,4,3,2,5) : 6
(6,0,1,4,3,5,2) : 2
(6,0,1,4,5) : 1
(6,0,1,4,5,2) : 1
(6,0,1,4,5,2,3) : 10
(6,0,1,4,5,3,2) : 7
(6,0,1,5) : 2
(6,0,1,5,2,3) : 1
(6,0,1,5,2,4,3) : 1
(6,0,1,5,3,4,2) : 1
(6,0,1,5,4,2,3) : 7
(6,0,1,5,4,3,2) : 2
(6,0,2) : 2
(6,0,2,1) : 1
(6,0,2,1,3,4,5) : 1
(6,0,2,1,4,3,5) : 4
(6,0,2,1,4,5,3) : 1
(6,0,2,3,1,4,5) : 2
(6,0,2,3,5,4,1) : 1
(6,0,2,4,1,3,5) : 1
(6,0,2,4,1,5,3) : 1
(6,0,2,4,3,1,5) : 1
(6,0,2,4,3,5,1) : 1
(6,0,2,5) : 6
(6,0,2,5,1,3,4) : 1
(6,0,2,5,1,4,3) : 3
(6,0,2,5,3,1,4) : 1
(6,0,2,5,4,1,3) : 3
(6,0,2,5,4,3,1) : 2
(6,0,3,1,2,4,5) : 2
(6,0,3,1,4,2,5) : 1
(6,0,3,1,5,2,4) : 2
(6,0,3,2,5,4,1) : 1
(6,0,3,4,1,5,2) : 1
(6,0,3,4,5,1,2) : 1
(6,0,3,5) : 1
(6,0,3,5,4,1,2) : 1
(6,0,4) : 9
(6,0,4,1,2,3,5) : 7
(6,0,4,1,2,5,3) : 3
(6,0,4,1,3,2,5) : 5
(6,0,4,1,3,5,2) : 1
(6,0,4,1,5,2) : 1
(6,0,4,1,5,2,3) : 5
(6,0,4,1,5,3,2) : 3
(6,0,4,2) : 1
(6,0,4,2,1,3,5) : 1
(6,0,4,2,1,5,3) : 2
(6,0,4,2,5,3,1) : 2
(6,0,4,3,1,5,2) : 1
(6,0,4,3,2,5,1) : 1
(6,0,4,5) : 15
(6,0,4,5,1,2,3) : 15
(6,0,4,5,1,3,2) : 3
(6,0,4,5,2,1) : 1
(6,0,4,5,2,1,3) : 6
(6,0,4,5,2,3,1) : 2
(6,0,4,5,3,1,2) : 4
(6,0,4,5,3,2,1) : 1
(6,0,5) : 26
(6,0,5,1,2,3,4) : 3
(6,0,5,1,2,4,3) : 4
(6,0,5,1,4,2,3) : 4
(6,0,5,1,4,3,2) : 3
(6,0,5,2) : 5
(6,0,5,2,1,3,4) : 4
(6,0,5,2,1,4,3) : 5
(6,0,5,2,4,1,3) : 13
(6,0,5,2,4,3,1) : 4
(6,0,5,3,1,4,2) : 1
(6,0,5,3,2,4,1) : 1
(6,0,5,3,4,1,2) : 1
(6,0,5,4) : 20
(6,0,5,4,1) : 2
(6,0,5,4,1,2,3) : 19
(6,0,5,4,1,3,2) : 11
(6,0,5,4,2) : 1
(6,0,5,4,2,1,3) : 14
(6,0,5,4,2,3,1) : 3
(6,0,5,4,3,1,2) : 5
(6,0,5,4,3,2,1) : 3
(6,1) : 32
(6,1,0) : 2
(6,1,0,2) : 1
(6,1,0,2,3,4,5) : 2
(6,1,0,2,4,3,5) : 3
(6,1,0,2,5,4) : 1
(6,1,0,2,5,4,3) : 2
(6,1,0,3,2,5,4) : 1
(6,1,0,3,4,2,5) : 2
(6,1,0,3,4,5,2) : 2
(6,1,0,3,5,4,2) : 1
(6,1,0,4) : 2
(6,1,0,4,2,3,5) : 3
(6,1,0,4,2,5,3) : 2
(6,1,0,4,3,2,5) : 2
(6,1,0,4,3,5,2) : 1
(6,1,0,4,5,2,3) : 4
(6,1,0,5) : 1
(6,1,0,5,2,3,4) : 1
(6,1,0,5,2,4,3) : 2
(6,1,0,5,4,2,3) : 2
(6,1,0,5,4,3,2) : 3
(6,1,2) : 1
(6,1,2,0) : 1
(6,1,2,0,3,4,5) : 3
(6,1,2,0,4,3,5) : 3
(6,1,2,0,4,5,3) : 1
(6,1,2,3) : 1
(6,1,2,3,0,4,5) : 1
(6,1,2,3,4,0,5) : 3
(6,1,2,3,4,5) : 1
(6,1,2,3,4,5,0) : 3
(6,1,2,3,5,4,0) : 1
(6,1,2,4,0,5,3) : 1
(6,1,2,4,3,5,0) : 3
(6,1,2,4,5,0) : 1
(6,1,2,5,3,4,0) : 2
(6,1,2,5,4,0,3) : 3
(6,1,3,2,4,5,0) : 1
(6,1,3,4,0,2,5) : 1
(6,1,3,4,2,5,0) : 1
(6,1,3,4,5,0,2) : 1
(6,1,3,5,2,4,0) : 1
(6,1,4) : 3
(6,1,4,0) : 1
(6,1,4,0,2,3,5) : 1
(6,1,4,0,2,5,3) : 1
(6,1,4,0,3,2,5) : 1
(6,1,4,0,3,5,2) : 1
(6,1,4,0,5,2,3) : 1
(6,1,4,0,5,3,2) : 2
(6,1,4,2,5,3,0) : 2
(6,1,4,3,0,2,5) : 2
(6,1,4,3,0,5,2) : 1
(6,1,4,3,5,2,0) : 1
(6,1,4,5) : 1
(6,1,4,5,0,2,3) : 2
(6,1,4,5,0,3,2) : 2
(6,1,4,5,2,0,3) : 2
(6,1,4,5,3,0,2) : 1
(6,1,4,5,3,2,0) : 1
(6,1,5) : 8
(6,1,5,0) : 1
(6,1,5,0,2,3,4) : 1
(6,1,5,0,3,4,2) : 1
(6,1,5,2,0,3,4) : 4
(6,1,5,2,0,4,3) : 2
(6,1,5,2,3,4,0) : 1
(6,1,5,2,4,0,3) : 3
(6,1,5,2,4,3,0) : 2
(6,1,5,3) : 1
(6,1,5,3,4,2,0) : 3
(6,1,5,4) : 1
(6,1,5,4,0) : 1
(6,1,5,4,0,3,2) : 3
(6,1,5,4,3,2,0) : 6
(6,2) : 113
(6,2,0) : 13
(6,2,0,1) : 1
(6,2,0,1,3,4,5) : 7
(6,2,0,1,4,3,5) : 3
(6,2,0,1,4,5,3) : 3
(6,2,0,1,5,4,3) : 2
(6,2,0,3,1,4,5) : 1
(6,2,0,3,5,4,1) : 3
(6,2,0,4) : 2
(6,2,0,4,1,3,5) : 1
(6,2,0,4,1,5,3) : 1
(6,2,0,4,3,1,5) : 1
(6,2,0,4,3,5,1) : 4
(6,2,0,4,5,1,3) : 6
(6,2,0,4,5,3) : 1
(6,2,0,5) : 3
(6,2,0,5,1,3,4) : 1
(6,2,0,5,1,4,3) : 2
(6,2,0,5,3,4,1) : 1
(6,2,0,5,4,1,3) : 5
(6,2,1) : 6
(6,2,1,0,3,4,5) : 5
(6,2,1,0,3,5,4) : 1
(6,2,1,0,4,3,5) : 6
(6,2,1,0,4,5,3) : 2
(6,2,1,0,5,4,3) : 1
(6,2,1,3) : 1
(6,2,1,3,0,4,5) : 2
(6,2,1,3,4,5) : 1
(6,2,1,3,5,0,4) : 2
(6,2,1,3,5,4,0) : 2
(6,2,1,4,0,3,5) : 2
(6,2,1,4,0,5,3) : 3
(6,2,1,4,3,0,5) : 2
(6,2,1,4,3,5,0) : 1
(6,2,1,4,5,0,3) : 2
(6,2,1,4,5,3,0) : 1
(6,2,1,5) : 2
(6,2,1,5,0,3,4) : 2
(6,2,1,5,0,4,3) : 4
(6,2,1,5,3,4,0) : 2
(6,2,1,5,4,0,3) : 4
(6,2,1,5,4,3,0) : 3
(6,2,3) : 4
(6,2,3,0) : 2
(6,2,3,0,1,4,5) : 6
(6,2,3,0,4,1,5) : 1
(6,2,3,0,5,4,1) : 1
(6,2,3,1,0,4,5) : 6
(6,2,3,1,4,0,5) : 1
(6,2,3,4,0,1,5) : 3
(6,2,3,4,1,0,5) : 4
(6,2,3,4,1,5,0) : 2
(6,2,3,4,5,0,1) : 2
(6,2,3,4,5,1) : 1
(6,2,3,4,5,1,0) : 1
(6,2,3,5) : 2
(6,2,3,5,0,1,4) : 1
(6,2,3,5,1,0,4) : 2
(6,2,3,5,1,4,0) : 1
(6,2,3,5,4,0,1) : 1
(6,2,3,5,4,1,0) : 3
(6,2,4) : 4
(6,2,4,0) : 2
(6,2,4,0,1,3,5) : 4
(6,2,4,0,1,5) : 1
(6,2,4,0,1,5,3) : 1
(6,2,4,0,5,1,3) : 2
(6,2,4,1,0,3,5) : 4
(6,2,4,1,0,5,3) : 4
(6,2,4,1,3,0,5) : 2
(6,2,4,1,3,5,0) : 1
(6,2,4,1,5,0,3) : 3
(6,2,4,3,0,1,5) : 2
(6,2,4,3,1,0,5) : 1
(6,2,4,3,1,5,0) : 2
(6,2,4,3,5,0,1) : 1
(6,2,4,5) : 5
(6,2,4,5,0,1,3) : 3
(6,2,4,5,1) : 1
(6,2,4,5,1,0,3) : 1
(6,2,4,5,1,3,0) : 1
(6,2,4,5,3,0,1) : 1
(6,2,4,5,3,1,0) : 2
(6,2,5) : 69
(6,2,5,0) : 7
(6,2,5,0,1,3) : 1
(6,2,5,0,1,3,4) : 8
(6,2,5,0,1,4,3) : 11
(6,2,5,0,3,1,4) : 1
(6,2,5,0,3,4,1) : 3
(6,2,5,0,4,1,3) : 22
(6,2,5,0,4,3,1) : 6
(6,2,5,1) : 2
(6,2,5,1,0,3,4) : 5
(6,2,5,1,0,4,3) : 6
(6,2,5,1,3,0,4) : 1
(6,2,5,1,3,4,0) : 3
(6,2,5,1,4,0,3) : 10
(6,2,5,1,4,3) : 2
(6,2,5,1,4,3,0) : 4
(6,2,5,3) : 1
(6,2,5,3,0,4,1) : 3
(6,2,5,3,1,0,4) : 5
(6,2,5,3,4,0,1) : 2
(6,2,5,3,4,1,0) : 8
(6,2,5,4) : 2
(6,2,5,4,0,1,3) : 11
(6,2,5,4,0,3) : 1
(6,2,5,4,0,3,1) : 3
(6,2,5,4,1,0,3) : 11
(6,2,5,4,1,3,0) : 8
(6,2,5,4,3,0,1) : 1
(6,2,5,4,3,1) : 1
(6,2,5,4,3,1,0) : 16
(6,3) : 11
(6,3,0) : 1
(6,3,0,1) : 2
(6,3,0,1,4,2,5) : 1
(6,3,0,1,4,5,2) : 1
(6,3,0,1,5,4,2) : 1
(6,3,0,2) : 1
(6,3,0,2,1,4,5) : 1
(6,3,0,2,1,5,4) : 1
(6,3,0,2,5,4,1) : 1
(6,3,0,4,5,1,2) : 1
(6,3,0,5,4,2,1) : 1
(6,3,1) : 2
(6,3,1,0,2,4,5) : 1
(6,3,1,0,4,2,5) : 3
(6,3,1,0,4,5,2) : 1
(6,3,1,2) : 1
(6,3,1,4,0,5,2) : 1
(6,3,1,4,5,0,2) : 1
(6,3,1,4,5,2,0) : 1
(6,3,1,5,4,0,2) : 2
(6,3,2) : 1
(6,3,2,0,1,4,5) : 3
(6,3,2,0,1,5,4) : 1
(6,3,2,1,0,4,5) : 3
(6,3,2,4,0,1,5) : 1
(6,3,2,4,1,0,5) : 1
(6,3,2,5) : 3
(6,3,2,5,0,1,4) : 4
(6,3,2,5,1,0,4) : 1
(6,3,2,5,1,4,0) : 2
(6,3,4,0) : 1
(6,3,4,0,1,5,2) : 1
(6,3,4,1,0,5,2) : 1
(6,3,4,1,2,5,0) : 1
(6,3,4,2,0,1) : 1
(6,3,4,2,1,5,0) : 2
(6,3,4,2,5,1,0) : 1
(6,3,4,5) : 1
(6,3,4,5,0,1,2) : 2
(6,3,4,5,2,1,0) : 2
(6,3,5) : 5
(6,3,5,0,1,2,4) : 1
(6,3,5,1,2,4,0) : 1
(6,3,5,2,0,1,4) : 1
(6,3,5,2,1,0,4) : 1
(6,3,5,2,1,4,0) : 1
(6,3,5,2,4,0,1) : 1
(6,3,5,2,4,1,0) : 1
(6,3,5,4,0,1,2) : 1
(6,3,5,4,1,0) : 1
(6,3,5,4,1,0,2) : 2
(6,4) : 35
(6,4,0) : 10
(6,4,0,1) : 2
(6,4,0,1,2,3,5) : 3
(6,4,0,1,2,5,3) : 5
(6,4,0,1,3,2,5) : 3
(6,4,0,1,3,5,2) : 5
(6,4,0,1,5,2,3) : 5
(6,4,0,1,5,3,2) : 6
(6,4,0,2) : 1
(6,4,0,2,1,3,5) : 1
(6,4,0,2,1,5,3) : 1
(6,4,0,2,3,1,5) : 1
(6,4,0,2,5,1,3) : 5
(6,4,0,2,5,3,1) : 1
(6,4,0,3,1,2,5) : 2
(6,4,0,3,2,1,5) : 1
(6,4,0,3,2,5,1) : 1
(6,4,0,5) : 27
(6,4,0,5,1) : 1
(6,4,0,5,1,2,3) : 5
(6,4,0,5,1,3,2) : 6
(6,4,0,5,2) : 1
(6,4,0,5,2,1,3) : 4
(6,4,0,5,3,1,2) : 3
(6,4,0,5,3,2,1) : 3
(6,4,1) : 5
(6,4,1,0) : 2
(6,4,1,0,2,3,5) : 2
(6,4,1,0,2,5,3) : 2
(6,4,1,0,3,2,5) : 8
(6,4,1,0,3,5,2) : 5
(6,4,1,0,5,2,3) : 4
(6,4,1,0,5,3,2) : 7
(6,4,1,2) : 1
(6,4,1,2,3,0,5) : 3
(6,4,1,2,3,5,0) : 1
(6,4,1,2,5,0,3) : 1
(6,4,1,3,0,5,2) : 1
(6,4,1,3,2,0,5) : 4
(6,4,1,3,5,0,2) : 5
(6,4,1,3,5,2,0) : 1
(6,4,1,5,0,2,3) : 6
(6,4,1,5,0,3,2) : 3
(6,4,1,5,2,0,3) : 1
(6,4,1,5,3,0,2) : 2
(6,4,1,5,3,2,0) : 2
(6,4,2) : 1
(6,4,2,0) : 1
(6,4,2,0,1,3,5) : 2
(6,4,2,0,1,5,3) : 2
(6,4,2,0,3,1,5) : 1
(6,4,2,1,0,3,5) : 3
(6,4,2,1,0,5,3) : 1
(6,4,2,1,3,5,0) : 1
(6,4,2,1,5,0) : 1
(6,4,2,1,5,0,3) : 1
(6,4,2,1,5,3,0) : 2
(6,4,2,3,1,0,5) : 2
(6,4,2,3,1,5,0) : 1
(6,4,2,5,0,1,3) : 1
(6,4,2,5,1,0,3) : 1
(6,4,3) : 2
(6,4,3,0,1,2,5) : 1
(6,4,3,0,2,1,5) : 1
(6,4,3,0,5,1,2) : 1
(6,4,3,1,0,2,5) : 5
(6,4,3,1,2,5,0) : 1
(6,4,3,1,5,0,2) : 1
(6,4,3,2,0) : 1
(6,4,3,2,1,0,5) : 3
(6,4,3,5) : 3
(6,4,3,5,0,1,2) : 1
(6,4,3,5,1,0,2) : 1
(6,4,3,5,2,0,1) : 1
(6,4,3,5,2,1,0) : 2
(6,4,5) : 25
(6,4,5,0) : 20
(6,4,5,0,1) : 1
(6,4,5,0,1,2,3) : 23
(6,4,5,0,1,3,2) : 10
(6,4,5,0,2,1,3) : 14
(6,4,5,0,2,3,1) : 1
(6,4,5,0,3,1,2) : 3
(6,4,5,1) : 1
(6,4,5,1,0) : 1
(6,4,5,1,0,2,3) : 7
(6,4,5,1,0,3,2) : 6
(6,4,5,1,2) : 1
(6,4,5,1,2,3) : 1
(6,4,5,1,2,3,0) : 4
(6,4,5,1,3,0,2) : 2
(6,4,5,1,3,2,0) : 1
(6,4,5,2) : 2
(6,4,5,2,0,1,3) : 5
(6,4,5,2,0,3,1) : 1
(6,4,5,2,1,0,3) : 6
(6,4,5,2,1,3,0) : 1
(6,4,5,2,3,0,1) : 1
(6,4,5,2,3,1,0) : 2
(6,4,5,3) : 1
(6,4,5,3,0,1,2) : 2
(6,4,5,3,1,0,2) : 3
(6,4,5,3,1,2,0) : 1
(6,4,5,3,2,1,0) : 5
(6,5) : 1171
(6,5,0) : 125
(6,5,0,1) : 4
(6,5,0,1,2,3,4) : 25
(6,5,0,1,2,4,3) : 25
(6,5,0,1,3,2,4) : 4
(6,5,0,1,3,4) : 1
(6,5,0,1,3,4,2) : 13
(6,5,0,1,4,2,3) : 66
(6,5,0,1,4,3,2) : 51
(6,5,0,2) : 14
(6,5,0,2,1,3,4) : 9
(6,5,0,2,1,4,3) : 33
(6,5,0,2,3,1,4) : 3
(6,5,0,2,3,4,1) : 8
(6,5,0,2,4,1) : 1
(6,5,0,2,4,1,3) : 54
(6,5,0,2,4,3) : 1
(6,5,0,2,4,3,1) : 14
(6,5,0,3) : 1
(6,5,0,3,1,2,4) : 1
(6,5,0,3,1,4,2) : 1
(6,5,0,3,2,1,4) : 1
(6,5,0,3,2,4,1) : 1
(6,5,0,3,4,1,2) : 5
(6,5,0,3,4,2,1) : 2
(6,5,0,4) : 110
(6,5,0,4,1,2,3) : 163
(6,5,0,4,1,3,2) : 92
(6,5,0,4,2,1,3) : 114
(6,5,0,4,2,3) : 1
(6,5,0,4,2,3,1) : 24
(6,5,0,4,3,1,2) : 29
(6,5,0,4,3,2) : 1
(6,5,0,4,3,2,1) : 9
(6,5,1) : 22
(6,5,1,0) : 5
(6,5,1,0,2,3) : 1
(6,5,1,0,2,3,4) : 12
(6,5,1,0,2,4,3) : 12
(6,5,1,0,3,4,2) : 10
(6,5,1,0,4) : 1
(6,5,1,0,4,2,3) : 25
(6,5,1,0,4,3,2) : 31
(6,5,1,2) : 4
(6,5,1,2,0,3,4) : 2
(6,5,1,2,0,4,3) : 9
(6,5,1,2,3,0,4) : 1
(6,5,1,2,3,4,0) : 6
(6,5,1,2,4,0,3) : 9
(6,5,1,2,4,3,0) : 5
(6,5,1,3) : 1
(6,5,1,3,0,2,4) : 1
(6,5,1,3,0,4,2) : 2
(6,5,1,3,2,0,4) : 1
(6,5,1,3,4,0,2) : 9
(6,5,1,4) : 6
(6,5,1,4,0) : 1
(6,5,1,4,0,2) : 1
(6,5,1,4,0,2,3) : 32
(6,5,1,4,0,3,2) : 19
(6,5,1,4,2,0,3) : 11
(6,5,1,4,2,3,0) : 6
(6,5,1,4,3,0) : 2
(6,5,1,4,3,0,2) : 19
(6,5,1,4,3,2,0) : 5
(6,5,2) : 130
(6,5,2,0) : 13
(6,5,2,0,1) : 1
(6,5,2,0,1,3,4) : 26
(6,5,2,0,1,4,3) : 53
(6,5,2,0,3,1,4) : 4
(6,5,2,0,3,4,1) : 2
(6,5,2,0,4,1,3) : 63
(6,5,2,0,4,3) : 1
(6,5,2,0,4,3,1) : 14
(6,5,2,1) : 7
(6,5,2,1,0,3) : 2
(6,5,2,1,0,3,4) : 18
(6,5,2,1,0,4) : 1
(6,5,2,1,0,4,3) : 40
(6,5,2,1,3,0,4) : 3
(6,5,2,1,3,4) : 1
(6,5,2,1,3,4,0) : 15
(6,5,2,1,4) : 1
(6,5,2,1,4,0,3) : 28
(6,5,2,1,4,3) : 1
(6,5,2,1,4,3,0) : 13
(6,5,2,3,0,1,4) : 3
(6,5,2,3,1,0) : 1
(6,5,2,3,1,0,4) : 6
(6,5,2,3,1,4,0) : 4
(6,5,2,3,4,0,1) : 3
(6,5,2,3,4,1) : 1
(6,5,2,3,4,1,0) : 13
(6,5,2,4) : 7
(6,5,2,4,0,1) : 1
(6,5,2,4,0,1,3) : 54
(6,5,2,4,0,3,1) : 8
(6,5,2,4,1) : 1
(6,5,2,4,1,0,3) : 55
(6,5,2,4,1,3) : 1
(6,5,2,4,1,3,0) : 6
(6,5,2,4,3,0,1) : 9
(6,5,2,4,3,1) : 2
(6,5,2,4,3,1,0) : 15
(6,5,3) : 8
(6,5,3,0) : 1
(6,5,3,0,1,2,4) : 1
(6,5,3,0,1,4,2) : 2
(6,5,3,0,2,4,1) : 1
(6,5,3,1,0) : 1
(6,5,3,1,0,2,4) : 2
(6,5,3,1,0,4,2) : 9
(6,5,3,1,2,4,0) : 2
(6,5,3,1,4,0,2) : 5
(6,5,3,2) : 2
(6,5,3,2,0,1,4) : 1
(6,5,3,2,0,4,1) : 1
(6,5,3,2,1,0,4) : 3
(6,5,3,2,1,4,0) : 6
(6,5,3,2,4,1,0) : 6
(6,5,3,4,0,1) : 1
(6,5,3,4,0,1,2) : 7
(6,5,3,4,0,2,1) : 1
(6,5,3,4,1,0,2) : 7
(6,5,3,4,1,2,0) : 2
(6,5,3,4,2,0,1) : 3
(6,5,3,4,2,1,0) : 7
(6,5,4) : 204
(6,5,4,0) : 2690
(6,5,4,0,1) : 7
(6,5,4,0,1,2) : 3
(6,5,4,0,1,2,3) : 433
(6,5,4,0,1,3) : 1
(6,5,4,0,1,3,2) : 240
(6,5,4,0,2) : 3
(6,5,4,0,2,1) : 2
(6,5,4,0,2,1,3) : 159
(6,5,4,0,2,3,1) : 30
(6,5,4,0,3) : 1
(6,5,4,0,3,1,2) : 66
(6,5,4,0,3,2,1) : 22
(6,5,4,1) : 21
(6,5,4,1,0) : 4
(6,5,4,1,0,2) : 4
(6,5,4,1,0,2,3) : 85
(6,5,4,1,0,3) : 1
(6,5,4,1,0,3,2) : 96
(6,5,4,1,2,0,3) : 21
(6,5,4,1,2,3) : 3
(6,5,4,1,2,3,0) : 14
(6,5,4,1,3) : 1
(6,5,4,1,3,0,2) : 16
(6,5,4,1,3,2,0) : 5
(6,5,4,2) : 16
(6,5,4,2,0,1) : 1
(6,5,4,2,0,1,3) : 37
(6,5,4,2,0,3) : 2
(6,5,4,2,0,3,1) : 1
(6,5,4,2,1,0,3) : 46
(6,5,4,2,1,3) : 1
(6,5,4,2,1,3,0) : 11
(6,5,4,2,3) : 1
(6,5,4,2,3,0,1) : 5
(6,5,4,2,3,1,0) : 16
(6,5,4,3) : 9
(6,5,4,3,0,1,2) : 19
(6,5,4,3,0,2,1) : 2
(6,5,4,3,1,0) : 1
(6,5,4,3,1,0,2) : 46
(6,5,4,3,1,2) : 1
(6,5,4,3,1,2,0) : 9
(6,5,4,3,2) : 3
(6,5,4,3,2,0,1) : 4
(6,5,4,3,2,1) : 3
(6,5,4,3,2,1,0) : 98
