0, 1, 2, 3, 4, 5
CDP,IND,NLT,GRN,LIB,LAB
-+-+-+-+-
() : 201
(0) : 540
(0,1) : 3
(0,1,2) : 3
(0,1,2,3) : 2
(0,1,2,3,4) : 3
(0,1,2,3,4,5) : 43
(0,1,2,3,5,4) : 4
(0,1,2,4,3,5) : 1
(0,1,2,4,5,3) : 7
(0,1,2,5,4,3) : 2
(0,1,3) : 2
(0,1,3,2,4,5) : 3
(0,1,3,2,5,4) : 3
(0,1,3,4,5,2) : 1
(0,1,3,5,4,2) : 2
(0,1,4) : 2
(0,1,4,2,5,3) : 4
(0,1,4,3,2,5) : 1
(0,1,4,3,5,2) : 1
(0,1,4,5,2,3) : 5
(0,1,4,5,3,2) : 2
(0,1,5,2) : 1
(0,1,5,2,4,3) : 2
(0,1,5,3) : 1
(0,1,5,3,2,4) : 1
(0,1,5,4,2,3) : 1
(0,1,5,4,3,2) : 3
(0,2) : 7
(0,2,1) : 1
(0,2,1,3,4) : 1
(0,2,1,3,4,5) : 8
(0,2,1,3,5,4) : 4
(0,2,1,4,3,5) : 3
(0,2,1,4,5,3) : 7
(0,2,1,5,4,3) : 3
(0,2,3) : 2
(0,2,3,1,5,4) : 1
(0,2,3,4,1,5) : 1
(0,2,3,4,5,1) : 1
(0,2,4) : 1
(0,2,4,1,3,5) : 1
(0,2,4,1,5,3) : 2
(0,2,4,5,1,3) : 1
(0,2,5,1,3,4) : 1
(0,2,5,4,1,3) : 1
(0,3) : 6
(0,3,1,2) : 1
(0,3,1,2,4,5) : 1
(0,3,1,2,5,4) : 2
(0,3,1,4,5,2) : 1
(0,3,1,5,2,4) : 3
(0,3,2,1,4,5) : 4
(0,3,2,5,1,4) : 2
(0,3,4,1,2,5) : 2
(0,3,4,2,1) : 1
(0,3,4,5) : 2
(0,3,4,5,1,2) : 1
(0,3,4,5,2,1) : 1
(0,3,5) : 2
(0,3,5,1,2,4) : 1
(0,3,5,4) : 1
(0,3,5,4,1,2) : 3
(0,3,5,4,2,1) : 2
(0,4) : 99
(0,4,1) : 7
(0,4,1,2,3,5) : 17
(0,4,1,2,5) : 2
(0,4,1,2,5,3) : 32
(0,4,1,3) : 1
(0,4,1,3,2,5) : 3
(0,4,1,3,5,2) : 2
(0,4,1,5) : 1
(0,4,1,5,2,3) : 18
(0,4,1,5,3,2) : 8
(0,4,2) : 1
(0,4,2,1) : 1
(0,4,2,1,3,5) : 5
(0,4,2,1,5,3) : 19
(0,4,2,3,1,5) : 1
(0,4,2,5,1,3) : 8
(0,4,2,5,3,1) : 1
(0,4,3) : 1
(0,4,3,1) : 1
(0,4,3,1,2,5) : 2
(0,4,3,1,5,2) : 1
(0,4,3,2,1) : 2
(0,4,3,2,1,5) : 2
(0,4,3,5,1,2) : 1
(0,4,3,5,2,1) : 1
(0,4,5) : 7
(0,4,5,1,2,3) : 20
(0,4,5,1,3,2) : 4
(0,4,5,2,1,3) : 7
(0,4,5,3) : 1
(0,4,5,3,1,2) : 5
(0,4,5,3,2,1) : 5
(0,5) : 8
(0,5,1,2,3,4) : 4
(0,5,1,2,4,3) : 4
(0,5,1,3) : 1
(0,5,1,3,2,4) : 3
(0,5,1,4,2,3) : 2
(0,5,1,4,3,2) : 1
(0,5,2,1,3,4) : 4
(0,5,3) : 2
(0,5,3,1,2,4) : 1
(0,5,3,2,4,1) : 1
(0,5,3,4,2,1) : 1
(0,5,4) : 1
(0,5,4,1,2,3) : 1
(0,5,4,1,3,2) : 3
(0,5,4,2,1,3) : 4
(0,5,4,2,3,1) : 1
(0,5,4,3) : 2
(0,5,4,3,1,2) : 2
(0,5,4,3,2,1) : 3
(1) : 960
(1,0) : 2
(1,0,2,3) : 1
(1,0,2,3,4,5) : 8
(1,0,2,3,5,4) : 4
(1,0,2,4,3,5) : 2
(1,0,2,4,5,3) : 3
(1,0,3) : 1
(1,0,3,2,4,5) : 4
(1,0,3,2,5,4) : 2
(1,0,3,4,2,5) : 1
(1,0,3,4,5,2) : 1
(1,0,3,5) : 1
(1,0,3,5,2,4) : 1
(1,0,3,5,4) : 1
(1,0,3,5,4,2) : 1
(1,0,4) : 3
(1,0,4,2,3,5) : 1
(1,0,4,2,5,3) : 4
(1,0,4,3,5,2) : 5
(1,0,4,5,2,3) : 3
(1,0,4,5,3,2) : 2
(1,0,5,3) : 1
(1,0,5,4,3,2) : 1
(1,2) : 9
(1,2,0) : 1
(1,2,0,3,4,5) : 6
(1,2,0,3,5,4) : 6
(1,2,0,4) : 1
(1,2,0,4,5,3) : 2
(1,2,0,5) : 1
(1,2,0,5,3,4) : 1
(1,2,0,5,4,3) : 2
(1,2,3) : 4
(1,2,3,0,4,5) : 5
(1,2,3,0,5,4) : 4
(1,2,3,4,0) : 1
(1,2,3,4,0,5) : 3
(1,2,3,4,5) : 2
(1,2,3,4,5,0) : 19
(1,2,3,5,0,4) : 5
(1,2,3,5,4) : 1
(1,2,3,5,4,0) : 9
(1,2,4) : 1
(1,2,4,0,3,5) : 3
(1,2,4,3,0,5) : 1
(1,2,4,3,5,0) : 3
(1,2,4,5,0) : 1
(1,2,4,5,0,3) : 4
(1,2,4,5,3,0) : 6
(1,2,5,0,3,4) : 1
(1,2,5,0,4,3) : 2
(1,2,5,3,0,4) : 2
(1,2,5,3,4,0) : 3
(1,2,5,4,0,3) : 1
(1,2,5,4,3,0) : 4
(1,3) : 44
(1,3,0,2) : 1
(1,3,0,2,4,5) : 5
(1,3,0,2,5,4) : 2
(1,3,0,5,2,4) : 1
(1,3,0,5,4,2) : 3
(1,3,2) : 2
(1,3,2,0,4,5) : 6
(1,3,2,0,5,4) : 7
(1,3,2,4,0,5) : 6
(1,3,2,4,5) : 1
(1,3,2,4,5,0) : 10
(1,3,2,5) : 1
(1,3,2,5,0,4) : 7
(1,3,2,5,4,0) : 12
(1,3,4) : 8
(1,3,4,0,2,5) : 1
(1,3,4,0,5,2) : 1
(1,3,4,2) : 1
(1,3,4,2,0,5) : 3
(1,3,4,2,5,0) : 5
(1,3,4,5) : 2
(1,3,4,5,0) : 1
(1,3,4,5,0,2) : 15
(1,3,4,5,2,0) : 49
(1,3,5) : 42
(1,3,5,0) : 1
(1,3,5,0,2,4) : 9
(1,3,5,0,4,2) : 5
(1,3,5,2,0,4) : 23
(1,3,5,2,4,0) : 40
(1,3,5,4) : 7
(1,3,5,4,0) : 3
(1,3,5,4,0,2) : 21
(1,3,5,4,2) : 1
(1,3,5,4,2,0) : 73
(1,4) : 49
(1,4,0) : 1
(1,4,0,2,3,5) : 9
(1,4,0,2,5) : 1
(1,4,0,2,5,3) : 7
(1,4,0,3,2,5) : 3
(1,4,0,3,5,2) : 3
(1,4,0,5,3,2) : 5
(1,4,2) : 3
(1,4,2,0,3,5) : 3
(1,4,2,0,5,3) : 5
(1,4,2,3,0,5) : 3
(1,4,2,3,5,0) : 7
(1,4,2,5,3,0) : 7
(1,4,3) : 7
(1,4,3,0,2,5) : 5
(1,4,3,0,5,2) : 5
(1,4,3,2,0,5) : 4
(1,4,3,2,5,0) : 10
(1,4,3,5,0,2) : 13
(1,4,3,5,2) : 2
(1,4,3,5,2,0) : 21
(1,4,5) : 4
(1,4,5,0,2,3) : 3
(1,4,5,0,3,2) : 3
(1,4,5,2,0) : 1
(1,4,5,2,0,3) : 3
(1,4,5,2,3,0) : 14
(1,4,5,3) : 2
(1,4,5,3,0,2) : 12
(1,4,5,3,2) : 1
(1,4,5,3,2,0) : 34
(1,5) : 36
(1,5,0,2,3,4) : 1
(1,5,0,2,4,3) : 1
(1,5,0,3,2) : 1
(1,5,0,3,2,4) : 2
(1,5,0,4,2) : 1
(1,5,0,4,3,2) : 2
(1,5,2,0,3,4) : 3
(1,5,2,3,0,4) : 2
(1,5,2,3,4,0) : 12
(1,5,2,4,0,3) : 1
(1,5,2,4,3,0) : 1
(1,5,3) : 19
(1,5,3,0) : 1
(1,5,3,0,2) : 1
(1,5,3,0,2,4) : 5
(1,5,3,0,4) : 1
(1,5,3,0,4,2) : 6
(1,5,3,2) : 1
(1,5,3,2,0) : 1
(1,5,3,2,0,4) : 19
(1,5,3,2,4,0) : 25
(1,5,3,4) : 1
(1,5,3,4,0) : 2
(1,5,3,4,0,2) : 7
(1,5,3,4,2) : 1
(1,5,3,4,2,0) : 39
(1,5,4) : 3
(1,5,4,0,2,3) : 5
(1,5,4,0,3,2) : 1
(1,5,4,2,0,3) : 3
(1,5,4,2,3,0) : 2
(1,5,4,3) : 1
(1,5,4,3,0,2) : 10
(1,5,4,3,2) : 1
(1,5,4,3,2,0) : 15
(2) : 470
(2,0) : 4
(2,0,1) : 1
(2,0,1,3,4,5) : 3
(2,0,1,3,5,4) : 1
(2,0,1,4,3,5) : 2
(2,0,1,4,5,3) : 2
(2,0,1,5,3) : 1
(2,0,3,1,4,5) : 1
(2,0,4) : 2
(2,0,4,1,3,5) : 2
(2,0,4,1,5,3) : 1
(2,0,5) : 1
(2,1) : 15
(2,1,0,3,4,5) : 10
(2,1,0,3,5,4) : 2
(2,1,0,4,5,3) : 4
(2,1,0,5,3,4) : 1
(2,1,0,5,4,3) : 3
(2,1,3) : 2
(2,1,3,0,4,5) : 4
(2,1,3,0,5,4) : 1
(2,1,3,4,0) : 1
(2,1,3,4,5,0) : 6
(2,1,3,5,0,4) : 3
(2,1,3,5,4) : 1
(2,1,3,5,4,0) : 3
(2,1,4,0,5,3) : 1
(2,1,4,3,5,0) : 4
(2,1,4,5,3,0) : 7
(2,1,5) : 1
(2,1,5,0,4,3) : 1
(2,1,5,3,0,4) : 1
(2,1,5,4,3,0) : 1
(2,3) : 10
(2,3,0,1,4,5) : 2
(2,3,0,5,4,1) : 1
(2,3,1) : 5
(2,3,1,0,4,5) : 5
(2,3,1,0,5,4) : 3
(2,3,1,4,0,5) : 1
(2,3,1,4,5) : 1
(2,3,1,4,5,0) : 5
(2,3,1,5,0,4) : 3
(2,3,1,5,4,0) : 3
(2,3,4,0,1,5) : 1
(2,3,4,1,0,5) : 1
(2,3,4,1,5,0) : 2
(2,3,4,5,0,1) : 1
(2,3,4,5,1,0) : 5
(2,3,5) : 1
(2,3,5,0,4) : 1
(2,3,5,1,0,4) : 3
(2,3,5,1,4,0) : 6
(2,3,5,4,1,0) : 5
(2,4) : 29
(2,4,0) : 1
(2,4,0,1,3,5) : 6
(2,4,0,1,5,3) : 5
(2,4,0,3,5,1) : 1
(2,4,0,5,1,3) : 1
(2,4,1,0,3,5) : 7
(2,4,1,0,5,3) : 3
(2,4,1,3,0,5) : 2
(2,4,1,3,5,0) : 2
(2,4,1,5,0,3) : 1
(2,4,1,5,3,0) : 2
(2,4,3) : 2
(2,4,3,1,5,0) : 3
(2,4,3,5,1,0) : 2
(2,4,5) : 6
(2,4,5,0,3,1) : 1
(2,4,5,1,0,3) : 3
(2,4,5,1,3,0) : 2
(2,4,5,3,1,0) : 3
(2,5) : 10
(2,5,0,1,3,4) : 1
(2,5,0,3,4) : 1
(2,5,0,4,1,3) : 1
(2,5,1) : 1
(2,5,1,0,3,4) : 1
(2,5,1,3,4,0) : 1
(2,5,1,4,0,3) : 2
(2,5,3) : 2
(2,5,3,0,1,4) : 5
(2,5,3,1,0,4) : 2
(2,5,3,1,4,0) : 1
(2,5,3,4,1,0) : 4
(2,5,4) : 3
(2,5,4,0,1,3) : 1
(2,5,4,0,3,1) : 1
(2,5,4,1,0,3) : 1
(2,5,4,1,3,0) : 2
(2,5,4,3) : 1
(2,5,4,3,0,1) : 1
(2,5,4,3,1,0) : 2
(3) : 2967
(3,0) : 7
(3,0,1) : 1
(3,0,1,2,4,5) : 4
(3,0,1,2,5,4) : 1
(3,0,1,4,2,5) : 1
(3,0,1,4,5,2) : 2
(3,0,1,5,2,4) : 1
(3,0,1,5,4,2) : 1
(3,0,2,1,4,5) : 2
(3,0,2,1,5,4) : 3
(3,0,2,5,4,1) : 1
(3,0,4) : 2
(3,0,4,1,5,2) : 1
(3,0,4,2,1,5) : 1
(3,0,4,5,1,2) : 3
(3,0,4,5,2,1) : 2
(3,0,5) : 2
(3,0,5,2,1,4) : 1
(3,0,5,4) : 1
(3,0,5,4,1) : 1
(3,0,5,4,2,1) : 2
(3,1) : 73
(3,1,0) : 2
(3,1,0,2,4,5) : 8
(3,1,0,2,5,4) : 10
(3,1,0,4,2,5) : 1
(3,1,0,4,5,2) : 3
(3,1,0,5,2,4) : 2
(3,1,0,5,4,2) : 4
(3,1,2) : 11
(3,1,2,0,4) : 1
(3,1,2,0,4,5) : 12
(3,1,2,0,5,4) : 16
(3,1,2,4,0,5) : 3
(3,1,2,4,5) : 1
(3,1,2,4,5,0) : 23
(3,1,2,5) : 1
(3,1,2,5,0,4) : 15
(3,1,2,5,4,0) : 67
(3,1,4) : 6
(3,1,4,0,2,5) : 3
(3,1,4,0,5,2) : 1
(3,1,4,2,0,5) : 4
(3,1,4,2,5,0) : 9
(3,1,4,5) : 1
(3,1,4,5,0,2) : 7
(3,1,4,5,2) : 1
(3,1,4,5,2,0) : 44
(3,1,5) : 81
(3,1,5,0,2,4) : 12
(3,1,5,0,4) : 1
(3,1,5,0,4,2) : 10
(3,1,5,2) : 1
(3,1,5,2,0,4) : 38
(3,1,5,2,4,0) : 91
(3,1,5,4) : 2
(3,1,5,4,0) : 3
(3,1,5,4,0,2) : 17
(3,1,5,4,2) : 1
(3,1,5,4,2,0) : 116
(3,2) : 30
(3,2,0,1,4,5) : 4
(3,2,0,1,5,4) : 2
(3,2,1) : 10
(3,2,1,0) : 1
(3,2,1,0,4,5) : 15
(3,2,1,0,5,4) : 10
(3,2,1,4,0,5) : 4
(3,2,1,4,5,0) : 9
(3,2,1,5,0,4) : 5
(3,2,1,5,4,0) : 24
(3,2,4) : 1
(3,2,4,0,1,5) : 1
(3,2,4,1,0,5) : 2
(3,2,4,1,5,0) : 5
(3,2,4,5) : 1
(3,2,4,5,1,0) : 7
(3,2,5) : 6
(3,2,5,0,1,4) : 1
(3,2,5,0,4) : 1
(3,2,5,0,4,1) : 2
(3,2,5,1) : 1
(3,2,5,1,0) : 2
(3,2,5,1,0,4) : 2
(3,2,5,1,4,0) : 15
(3,2,5,4,0,1) : 2
(3,2,5,4,1,0) : 6
(3,4) : 123
(3,4,0) : 4
(3,4,0,1,2,5) : 1
(3,4,0,1,5,2) : 1
(3,4,0,2,1,5) : 1
(3,4,0,5,1,2) : 2
(3,4,1) : 15
(3,4,1,0) : 1
(3,4,1,0,2,5) : 5
(3,4,1,0,5) : 1
(3,4,1,0,5,2) : 3
(3,4,1,2,0,5) : 3
(3,4,1,2,5) : 1
(3,4,1,2,5,0) : 13
(3,4,1,5) : 1
(3,4,1,5,0,2) : 8
(3,4,1,5,2,0) : 33
(3,4,2) : 3
(3,4,2,0,1,5) : 2
(3,4,2,1,0) : 1
(3,4,2,1,0,5) : 5
(3,4,2,1,5,0) : 11
(3,4,2,5,1,0) : 10
(3,4,5) : 42
(3,4,5,0,1) : 1
(3,4,5,0,1,2) : 10
(3,4,5,1) : 4
(3,4,5,1,0) : 1
(3,4,5,1,0,2) : 22
(3,4,5,1,2) : 2
(3,4,5,1,2,0) : 80
(3,4,5,2,0,1) : 4
(3,4,5,2,1) : 1
(3,4,5,2,1,0) : 39
(3,5) : 423
(3,5,0) : 9
(3,5,0,1) : 1
(3,5,0,1,2,4) : 15
(3,5,0,1,4,2) : 4
(3,5,0,2) : 1
(3,5,0,2,1,4) : 5
(3,5,0,2,4,1) : 1
(3,5,0,4,1,2) : 2
(3,5,1) : 860
(3,5,1,0) : 3
(3,5,1,0,2,4) : 78
(3,5,1,0,4) : 4
(3,5,1,0,4,2) : 21
(3,5,1,2) : 9
(3,5,1,2,0) : 3
(3,5,1,2,0,4) : 196
(3,5,1,2,4) : 2
(3,5,1,2,4,0) : 354
(3,5,1,4) : 9
(3,5,1,4,0) : 9
(3,5,1,4,0,2) : 64
(3,5,1,4,2) : 1
(3,5,1,4,2,0) : 289
(3,5,2) : 11
(3,5,2,0,1,4) : 1
(3,5,2,1) : 4
(3,5,2,1,0) : 1
(3,5,2,1,0,4) : 48
(3,5,2,1,4,0) : 64
(3,5,2,4) : 2
(3,5,2,4,0,1) : 1
(3,5,2,4,1) : 1
(3,5,2,4,1,0) : 16
(3,5,4) : 69
(3,5,4,0,1,2) : 15
(3,5,4,0,2,1) : 2
(3,5,4,1) : 4
(3,5,4,1,0) : 2
(3,5,4,1,0,2) : 47
(3,5,4,1,2) : 2
(3,5,4,1,2,0) : 162
(3,5,4,2,0,1) : 2
(3,5,4,2,1,0) : 53
(4) : 21840
(4,0) : 1292
(4,0,1) : 17
(4,0,1,2) : 1
(4,0,1,2,3,5) : 163
(4,0,1,2,5) : 2
(4,0,1,2,5,3) : 133
(4,0,1,3) : 1
(4,0,1,3,2,5) : 30
(4,0,1,3,5) : 1
(4,0,1,3,5,2) : 22
(4,0,1,5) : 1
(4,0,1,5,2,3) : 53
(4,0,1,5,3) : 1
(4,0,1,5,3,2) : 48
(4,0,2) : 5
(4,0,2,1) : 1
(4,0,2,1,3,5) : 55
(4,0,2,1,5) : 2
(4,0,2,1,5,3) : 55
(4,0,2,3) : 1
(4,0,2,3,1,5) : 5
(4,0,2,3,5,1) : 2
(4,0,2,5,1) : 1
(4,0,2,5,1,3) : 10
(4,0,2,5,3,1) : 4
(4,0,3) : 6
(4,0,3,1) : 1
(4,0,3,1,2,5) : 9
(4,0,3,1,5) : 1
(4,0,3,1,5,2) : 4
(4,0,3,2,1,5) : 3
(4,0,3,5) : 2
(4,0,3,5,1,2) : 5
(4,0,3,5,2,1) : 4
(4,0,5) : 10
(4,0,5,1,2) : 1
(4,0,5,1,2,3) : 25
(4,0,5,1,3,2) : 19
(4,0,5,2,1,3) : 11
(4,0,5,2,3,1) : 3
(4,0,5,3,1,2) : 12
(4,0,5,3,2,1) : 14
(4,1) : 186
(4,1,0) : 5
(4,1,0,2) : 3
(4,1,0,2,3) : 1
(4,1,0,2,3,5) : 85
(4,1,0,2,5,3) : 53
(4,1,0,3,2,5) : 20
(4,1,0,3,5) : 3
(4,1,0,3,5,2) : 15
(4,1,0,5,2,3) : 18
(4,1,0,5,3,2) : 30
(4,1,2) : 14
(4,1,2,0) : 1
(4,1,2,0,3,5) : 75
(4,1,2,0,5) : 4
(4,1,2,0,5,3) : 60
(4,1,2,3) : 1
(4,1,2,3,0,5) : 49
(4,1,2,3,5) : 3
(4,1,2,3,5,0) : 54
(4,1,2,5) : 2
(4,1,2,5,0) : 2
(4,1,2,5,0,3) : 22
(4,1,2,5,3) : 3
(4,1,2,5,3,0) : 49
(4,1,3) : 32
(4,1,3,0,2,5) : 20
(4,1,3,0,5) : 1
(4,1,3,0,5,2) : 10
(4,1,3,2,0,5) : 34
(4,1,3,2,5,0) : 41
(4,1,3,5) : 3
(4,1,3,5,0) : 1
(4,1,3,5,0,2) : 27
(4,1,3,5,2,0) : 88
(4,1,5) : 12
(4,1,5,0) : 1
(4,1,5,0,2,3) : 25
(4,1,5,0,3,2) : 15
(4,1,5,2) : 1
(4,1,5,2,0,3) : 15
(4,1,5,2,3) : 1
(4,1,5,2,3,0) : 33
(4,1,5,3) : 6
(4,1,5,3,0) : 1
(4,1,5,3,0,2) : 29
(4,1,5,3,2) : 2
(4,1,5,3,2,0) : 98
(4,2) : 116
(4,2,0) : 7
(4,2,0,1) : 2
(4,2,0,1,3,5) : 29
(4,2,0,1,5) : 1
(4,2,0,1,5,3) : 26
(4,2,0,3) : 2
(4,2,0,3,1,5) : 5
(4,2,0,5,1,3) : 2
(4,2,0,5,3,1) : 2
(4,2,1) : 17
(4,2,1,0) : 1
(4,2,1,0,3) : 1
(4,2,1,0,3,5) : 63
(4,2,1,0,5) : 2
(4,2,1,0,5,3) : 58
(4,2,1,3) : 2
(4,2,1,3,0) : 1
(4,2,1,3,0,5) : 29
(4,2,1,3,5) : 1
(4,2,1,3,5,0) : 43
(4,2,1,5,0) : 2
(4,2,1,5,0,3) : 19
(4,2,1,5,3) : 1
(4,2,1,5,3,0) : 27
(4,2,3) : 2
(4,2,3,0,1,5) : 4
(4,2,3,1,0) : 2
(4,2,3,1,0,5) : 24
(4,2,3,1,5,0) : 14
(4,2,3,5,0,1) : 3
(4,2,3,5,1) : 1
(4,2,3,5,1,0) : 19
(4,2,5) : 3
(4,2,5,0,1,3) : 4
(4,2,5,0,3,1) : 1
(4,2,5,1) : 2
(4,2,5,1,0,3) : 5
(4,2,5,1,3,0) : 10
(4,2,5,3,0,1) : 4
(4,2,5,3,1) : 2
(4,2,5,3,1,0) : 21
(4,3) : 219
(4,3,0) : 4
(4,3,0,1,2,5) : 10
(4,3,0,1,5,2) : 4
(4,3,0,2,1,5) : 5
(4,3,0,2,5,1) : 2
(4,3,0,5,1,2) : 3
(4,3,0,5,2,1) : 1
(4,3,1) : 30
(4,3,1,0) : 1
(4,3,1,0,2,5) : 27
(4,3,1,0,5) : 1
(4,3,1,0,5,2) : 16
(4,3,1,2) : 1
(4,3,1,2,0,5) : 38
(4,3,1,2,5) : 3
(4,3,1,2,5,0) : 49
(4,3,1,5) : 4
(4,3,1,5,0) : 1
(4,3,1,5,0,2) : 23
(4,3,1,5,2,0) : 88
(4,3,2) : 11
(4,3,2,0,1,5) : 4
(4,3,2,0,5,1) : 1
(4,3,2,1) : 2
(4,3,2,1,0) : 3
(4,3,2,1,0,5) : 54
(4,3,2,1,5) : 2
(4,3,2,1,5,0) : 33
(4,3,2,5,0,1) : 3
(4,3,2,5,1) : 1
(4,3,2,5,1,0) : 18
(4,3,5) : 40
(4,3,5,0,1,2) : 7
(4,3,5,0,2,1) : 2
(4,3,5,1) : 4
(4,3,5,1,0,2) : 33
(4,3,5,1,2) : 1
(4,3,5,1,2,0) : 113
(4,3,5,2) : 3
(4,3,5,2,0,1) : 5
(4,3,5,2,1,0) : 77
(4,5) : 231
(4,5,0) : 5
(4,5,0,1) : 1
(4,5,0,1,2,3) : 52
(4,5,0,1,3,2) : 8
(4,5,0,2,1,3) : 5
(4,5,0,2,3,1) : 2
(4,5,0,3,1,2) : 10
(4,5,0,3,2,1) : 6
(4,5,1) : 25
(4,5,1,0,2,3) : 34
(4,5,1,0,3,2) : 13
(4,5,1,2) : 1
(4,5,1,2,0,3) : 26
(4,5,1,2,3) : 1
(4,5,1,2,3,0) : 30
(4,5,1,3) : 3
(4,5,1,3,0,2) : 28
(4,5,1,3,2,0) : 77
(4,5,2) : 10
(4,5,2,0,1,3) : 7
(4,5,2,0,3,1) : 1
(4,5,2,1) : 2
(4,5,2,1,0,3) : 22
(4,5,2,1,3) : 3
(4,5,2,1,3,0) : 19
(4,5,2,3) : 2
(4,5,2,3,0,1) : 5
(4,5,2,3,1,0) : 32
(4,5,3) : 60
(4,5,3,0,1,2) : 26
(4,5,3,0,2,1) : 3
(4,5,3,1) : 5
(4,5,3,1,0,2) : 68
(4,5,3,1,2) : 6
(4,5,3,1,2,0) : 162
(4,5,3,2) : 2
(4,5,3,2,0,1) : 6
(4,5,3,2,1) : 2
(4,5,3,2,1,0) : 130
(5) : 4723
(5,0) : 17
(5,0,1) : 6
(5,0,1,2) : 1
(5,0,1,2,3,4) : 36
(5,0,1,2,4,3) : 6
(5,0,1,3) : 1
(5,0,1,3,2) : 1
(5,0,1,3,2,4) : 7
(5,0,1,3,4,2) : 3
(5,0,1,4,2,3) : 4
(5,0,1,4,3,2) : 1
(5,0,2) : 1
(5,0,2,1) : 1
(5,0,2,1,3,4) : 6
(5,0,2,1,4,3) : 2
(5,0,3) : 5
(5,0,3,1,2,4) : 10
(5,0,3,1,4) : 1
(5,0,3,1,4,2) : 1
(5,0,3,2,1,4) : 4
(5,0,3,2,4,1) : 1
(5,0,3,4,1,2) : 3
(5,0,3,4,2,1) : 1
(5,0,4) : 2
(5,0,4,1,2,3) : 6
(5,0,4,1,3,2) : 1
(5,0,4,2,1,3) : 3
(5,0,4,3,1,2) : 1
(5,0,4,3,2,1) : 4
(5,1) : 60
(5,1,0,2,3) : 1
(5,1,0,2,3,4) : 14
(5,1,0,2,4,3) : 5
(5,1,0,3,2,4) : 8
(5,1,0,3,4,2) : 4
(5,1,0,4,2,3) : 3
(5,1,0,4,3,2) : 6
(5,1,2) : 5
(5,1,2,0,3,4) : 10
(5,1,2,0,4,3) : 5
(5,1,2,3,0,4) : 29
(5,1,2,3,4) : 1
(5,1,2,3,4,0) : 25
(5,1,2,4,0,3) : 5
(5,1,2,4,3,0) : 6
(5,1,3) : 49
(5,1,3,0) : 1
(5,1,3,0,2) : 1
(5,1,3,0,2,4) : 24
(5,1,3,0,4) : 1
(5,1,3,0,4,2) : 11
(5,1,3,2) : 2
(5,1,3,2,0) : 1
(5,1,3,2,0,4) : 43
(5,1,3,2,4,0) : 35
(5,1,3,4) : 1
(5,1,3,4,0) : 6
(5,1,3,4,0,2) : 19
(5,1,3,4,2) : 2
(5,1,3,4,2,0) : 44
(5,1,4) : 13
(5,1,4,0,2,3) : 2
(5,1,4,0,3,2) : 3
(5,1,4,2) : 1
(5,1,4,2,0,3) : 4
(5,1,4,2,3,0) : 4
(5,1,4,3,0,2) : 7
(5,1,4,3,2,0) : 24
(5,2) : 36
(5,2,0) : 2
(5,2,0,1,3,4) : 5
(5,2,0,1,4,3) : 3
(5,2,0,3,1,4) : 2
(5,2,1) : 7
(5,2,1,0,3,4) : 15
(5,2,1,0,4,3) : 6
(5,2,1,3,0) : 1
(5,2,1,3,0,4) : 20
(5,2,1,3,4) : 1
(5,2,1,3,4,0) : 12
(5,2,1,4) : 1
(5,2,1,4,0) : 1
(5,2,1,4,0,3) : 1
(5,2,1,4,3,0) : 12
(5,2,3) : 9
(5,2,3,0,1,4) : 3
(5,2,3,0,4,1) : 2
(5,2,3,1,0) : 1
(5,2,3,1,0,4) : 25
(5,2,3,1,4,0) : 15
(5,2,3,4) : 1
(5,2,3,4,1,0) : 10
(5,2,4,1,0,3) : 3
(5,2,4,1,3,0) : 2
(5,2,4,3,1,0) : 9
(5,3) : 470
(5,3,0) : 5
(5,3,0,1) : 2
(5,3,0,1,2) : 3
(5,3,0,1,2,4) : 40
(5,3,0,1,4) : 1
(5,3,0,1,4,2) : 4
(5,3,0,2,1) : 1
(5,3,0,2,1,4) : 3
(5,3,0,2,4,1) : 1
(5,3,0,4,1,2) : 3
(5,3,0,4,2,1) : 2
(5,3,1) : 1469
(5,3,1,0) : 3
(5,3,1,0,2) : 4
(5,3,1,0,2,4) : 162
(5,3,1,0,4) : 11
(5,3,1,0,4,2) : 34
(5,3,1,2) : 9
(5,3,1,2,0) : 3
(5,3,1,2,0,4) : 301
(5,3,1,2,4) : 6
(5,3,1,2,4,0) : 286
(5,3,1,4) : 9
(5,3,1,4,0) : 10
(5,3,1,4,0,2) : 45
(5,3,1,4,2) : 2
(5,3,1,4,2,0) : 214
(5,3,2) : 19
(5,3,2,0) : 1
(5,3,2,0,1,4) : 16
(5,3,2,0,4,1) : 1
(5,3,2,1) : 1
(5,3,2,1,0) : 2
(5,3,2,1,0,4) : 132
(5,3,2,1,4) : 4
(5,3,2,1,4,0) : 79
(5,3,2,4) : 1
(5,3,2,4,1,0) : 26
(5,3,4) : 38
(5,3,4,0,1,2) : 11
(5,3,4,0,2,1) : 2
(5,3,4,1) : 4
(5,3,4,1,0) : 2
(5,3,4,1,0,2) : 37
(5,3,4,1,2) : 4
(5,3,4,1,2,0) : 121
(5,3,4,2,0,1) : 6
(5,3,4,2,1) : 3
(5,3,4,2,1,0) : 73
(5,4) : 99
(5,4,0) : 1
(5,4,0,1,2,3) : 11
(5,4,0,1,3,2) : 2
(5,4,0,2,1,3) : 3
(5,4,0,2,3) : 1
(5,4,0,3,1,2) : 1
(5,4,0,3,2,1) : 3
(5,4,1) : 16
(5,4,1,0,2,3) : 8
(5,4,1,0,3,2) : 5
(5,4,1,2) : 1
(5,4,1,2,0,3) : 11
(5,4,1,2,3,0) : 23
(5,4,1,3) : 1
(5,4,1,3,0,2) : 13
(5,4,1,3,2,0) : 31
(5,4,2) : 7
(5,4,2,0,1,3) : 4
(5,4,2,1) : 2
(5,4,2,1,0,3) : 11
(5,4,2,1,3,0) : 9
(5,4,2,3,0,1) : 3
(5,4,2,3,1,0) : 20
(5,4,3) : 34
(5,4,3,0,1,2) : 14
(5,4,3,0,2,1) : 4
(5,4,3,1) : 5
(5,4,3,1,0,2) : 29
(5,4,3,1,2) : 2
(5,4,3,1,2,0) : 64
(5,4,3,2) : 1
(5,4,3,2,0,1) : 4
(5,4,3,2,1) : 1
(5,4,3,2,1,0) : 110
