0, 1, 2, 3, 4
NLT,GRN,CLP,CDP,LIB
-+-+-+-+-
() : 166
(0) : 703
(0,1) : 15
(0,1,2) : 3
(0,1,2,3) : 2
(0,1,2,3,4) : 83
(0,1,2,4,3) : 12
(0,1,3,2,4) : 14
(0,1,3,4,2) : 2
(0,1,4) : 1
(0,1,4,2,3) : 18
(0,1,4,3,2) : 3
(0,2) : 15
(0,2,1) : 2
(0,2,1,3) : 1
(0,2,1,3,4) : 31
(0,2,1,4,3) : 21
(0,2,3) : 1
(0,2,3,1) : 1
(0,2,3,1,4) : 5
(0,2,3,4) : 1
(0,2,3,4,1) : 10
(0,2,4) : 1
(0,2,4,1,3) : 13
(0,2,4,3,1) : 21
(0,3) : 3
(0,3,1,2,4) : 3
(0,3,1,4,2) : 9
(0,3,2,1,4) : 6
(0,3,2,4,1) : 9
(0,3,4) : 1
(0,3,4,1,2) : 4
(0,3,4,2,1) : 11
(0,4) : 12
(0,4,1,2,3) : 10
(0,4,1,3,2) : 4
(0,4,2) : 2
(0,4,2,1) : 2
(0,4,2,1,3) : 24
(0,4,2,3,1) : 21
(0,4,3,1,2) : 9
(0,4,3,2,1) : 27
(1) : 1892
(1,0) : 15
(1,0,2) : 5
(1,0,2,3,4) : 76
(1,0,2,4) : 1
(1,0,2,4,3) : 79
(1,0,3,2,4) : 17
(1,0,3,4,2) : 4
(1,0,4) : 1
(1,0,4,2,3) : 15
(1,0,4,3,2) : 5
(1,2) : 839
(1,2,0) : 16
(1,2,0,3) : 2
(1,2,0,3,4) : 517
(1,2,0,4) : 1
(1,2,0,4,3) : 367
(1,2,3) : 3
(1,2,3,0) : 1
(1,2,3,0,4) : 124
(1,2,3,4) : 3
(1,2,3,4,0) : 65
(1,2,4) : 45
(1,2,4,0) : 1
(1,2,4,0,3) : 325
(1,2,4,3) : 1
(1,2,4,3,0) : 144
(1,3) : 4
(1,3,0,2,4) : 9
(1,3,0,4,2) : 1
(1,3,2) : 2
(1,3,2,0,4) : 14
(1,3,2,4,0) : 9
(1,3,4) : 1
(1,3,4,0,2) : 3
(1,3,4,2,0) : 5
(1,4) : 33
(1,4,0) : 1
(1,4,0,2,3) : 21
(1,4,0,3,2) : 7
(1,4,2) : 12
(1,4,2,0,3) : 77
(1,4,2,3) : 1
(1,4,2,3,0) : 33
(1,4,3,0,2) : 3
(1,4,3,2,0) : 14
(2) : 6945
(2,0) : 60
(2,0,1) : 10
(2,0,1,3) : 2
(2,0,1,3,4) : 374
(2,0,1,4) : 1
(2,0,1,4,3) : 110
(2,0,3) : 3
(2,0,3,1) : 1
(2,0,3,1,4) : 99
(2,0,3,4) : 1
(2,0,3,4,1) : 66
(2,0,4) : 3
(2,0,4,1,3) : 52
(2,0,4,3,1) : 64
(2,1) : 487
(2,1,0) : 43
(2,1,0,3) : 6
(2,1,0,3,4) : 4419
(2,1,0,4) : 3
(2,1,0,4,3) : 607
(2,1,3) : 5
(2,1,3,0) : 3
(2,1,3,0,4) : 290
(2,1,3,4) : 2
(2,1,3,4,0) : 118
(2,1,4) : 44
(2,1,4,0) : 3
(2,1,4,0,3) : 398
(2,1,4,3) : 1
(2,1,4,3,0) : 207
(2,3) : 11
(2,3,0) : 2
(2,3,0,1,4) : 63
(2,3,0,4,1) : 36
(2,3,1) : 3
(2,3,1,0) : 1
(2,3,1,0,4) : 112
(2,3,1,4) : 1
(2,3,1,4,0) : 27
(2,3,4) : 1
(2,3,4,0) : 1
(2,3,4,0,1) : 36
(2,3,4,1,0) : 56
(2,4) : 117
(2,4,0) : 6
(2,4,0,1,3) : 118
(2,4,0,3,1) : 118
(2,4,1) : 13
(2,4,1,0) : 2
(2,4,1,0,3) : 234
(2,4,1,3) : 1
(2,4,1,3,0) : 99
(2,4,3,0) : 2
(2,4,3,0,1) : 64
(2,4,3,1) : 1
(2,4,3,1,0) : 98
(3) : 304
(3,0) : 5
(3,0,1,2,4) : 10
(3,0,1,4,2) : 5
(3,0,2,1,4) : 6
(3,0,2,4,1) : 6
(3,0,4) : 1
(3,0,4,1,2) : 4
(3,0,4,2,1) : 12
(3,1) : 4
(3,1,0,2,4) : 9
(3,1,0,4,2) : 3
(3,1,2,0,4) : 5
(3,1,2,4,0) : 5
(3,1,4,0,2) : 1
(3,1,4,2,0) : 5
(3,2) : 4
(3,2,0,1,4) : 7
(3,2,0,4,1) : 8
(3,2,1,0,4) : 14
(3,2,1,4,0) : 11
(3,2,4) : 1
(3,2,4,0,1) : 21
(3,2,4,1,0) : 16
(3,4) : 54
(3,4,0) : 2
(3,4,0,1,2) : 14
(3,4,0,2,1) : 59
(3,4,1,0,2) : 4
(3,4,1,2,0) : 7
(3,4,2) : 2
(3,4,2,0,1) : 49
(3,4,2,1,0) : 25
(4) : 20434
(4,0) : 81
(4,0,1) : 12
(4,0,1,2) : 1
(4,0,1,2,3) : 181
(4,0,1,3,2) : 99
(4,0,2) : 5
(4,0,2,1,3) : 135
(4,0,2,3,1) : 200
(4,0,3) : 6
(4,0,3,1,2) : 180
(4,0,3,2) : 1
(4,0,3,2,1) : 310
(4,1) : 92
(4,1,0) : 3
(4,1,0,2,3) : 114
(4,1,0,3,2) : 66
(4,1,2) : 21
(4,1,2,0) : 1
(4,1,2,0,3) : 169
(4,1,2,3,0) : 105
(4,1,3) : 3
(4,1,3,0,2) : 53
(4,1,3,2) : 1
(4,1,3,2,0) : 32
(4,2) : 203
(4,2,0) : 10
(4,2,0,1,3) : 216
(4,2,0,3) : 2
(4,2,0,3,1) : 230
(4,2,1) : 21
(4,2,1,0) : 1
(4,2,1,0,3) : 331
(4,2,1,3,0) : 187
(4,2,3,0,1) : 177
(4,2,3,1) : 1
(4,2,3,1,0) : 225
(4,3) : 169
(4,3,0) : 8
(4,3,0,1) : 1
(4,3,0,1,2) : 279
(4,3,0,2) : 1
(4,3,0,2,1) : 349
(4,3,1) : 5
(4,3,1,0,2) : 64
(4,3,1,2) : 2
(4,3,1,2,0) : 76
(4,3,2) : 11
(4,3,2,0) : 1
(4,3,2,0,1) : 190
(4,3,2,1) : 4
(4,3,2,1,0) : 306
