0, 1, 2, 3, 4
LAB,NLT,GRN,LIB,CDP
-+-+-+-+-
() : 53
(0) : 6317
(0,1) : 55
(0,1,2) : 12
(0,1,2,3,4) : 109
(0,1,2,4,3) : 127
(0,1,3) : 1
(0,1,3,2,4) : 53
(0,1,3,4,2) : 31
(0,1,4) : 8
(0,1,4,2) : 4
(0,1,4,2,3) : 274
(0,1,4,3,2) : 45
(0,2) : 922
(0,2,1) : 52
(0,2,1,3) : 4
(0,2,1,3,4) : 731
(0,2,1,4) : 13
(0,2,1,4,3) : 3719
(0,2,3) : 101
(0,2,3,1) : 5
(0,2,3,1,4) : 919
(0,2,3,4,1) : 208
(0,2,4) : 8
(0,2,4,1) : 1
(0,2,4,1,3) : 211
(0,2,4,3) : 3
(0,2,4,3,1) : 49
(0,3) : 161
(0,3,1) : 4
(0,3,1,2) : 1
(0,3,1,2,4) : 72
(0,3,1,4,2) : 77
(0,3,2) : 38
(0,3,2,1) : 4
(0,3,2,1,4) : 304
(0,3,2,4) : 1
(0,3,2,4,1) : 138
(0,3,4) : 3
(0,3,4,1,2) : 33
(0,3,4,2) : 1
(0,3,4,2,1) : 29
(0,4) : 26
(0,4,1) : 2
(0,4,1,2,3) : 60
(0,4,1,3) : 1
(0,4,1,3,2) : 22
(0,4,2) : 6
(0,4,2,1) : 1
(0,4,2,1,3) : 44
(0,4,2,3) : 1
(0,4,2,3,1) : 31
(0,4,3) : 1
(0,4,3,1,2) : 17
(0,4,3,2,1) : 13
(1) : 355
(1,0) : 10
(1,0,2,3) : 1
(1,0,2,3,4) : 12
(1,0,2,4,3) : 10
(1,0,3,2,4) : 13
(1,0,3,4,2) : 7
(1,0,4,2,3) : 10
(1,0,4,3,2) : 5
(1,2) : 10
(1,2,0) : 1
(1,2,0,3,4) : 14
(1,2,0,4,3) : 9
(1,2,3,0,4) : 19
(1,2,3,4,0) : 3
(1,2,4) : 1
(1,2,4,0,3) : 3
(1,2,4,3,0) : 4
(1,3) : 12
(1,3,0) : 1
(1,3,0,2,4) : 24
(1,3,0,4,2) : 13
(1,3,2) : 2
(1,3,2,0,4) : 8
(1,3,2,4,0) : 8
(1,3,4) : 2
(1,3,4,0,2) : 11
(1,3,4,2,0) : 3
(1,4) : 6
(1,4,0,2,3) : 7
(1,4,0,3,2) : 3
(1,4,2,0,3) : 8
(1,4,2,3,0) : 13
(1,4,3,0,2) : 3
(1,4,3,2,0) : 1
(2) : 3120
(2,0) : 1781
(2,0,1) : 48
(2,0,1,3) : 9
(2,0,1,3,4) : 821
(2,0,1,4) : 3
(2,0,1,4,3) : 546
(2,0,3) : 106
(2,0,3,1) : 7
(2,0,3,1,4) : 976
(2,0,3,4) : 2
(2,0,3,4,1) : 158
(2,0,4) : 2
(2,0,4,1) : 1
(2,0,4,1,3) : 95
(2,0,4,3,1) : 20
(2,1) : 35
(2,1,0) : 7
(2,1,0,3) : 3
(2,1,0,3,4) : 80
(2,1,0,4,3) : 39
(2,1,3,0) : 2
(2,1,3,0,4) : 31
(2,1,3,4,0) : 3
(2,1,4) : 4
(2,1,4,0,3) : 25
(2,1,4,3,0) : 19
(2,3) : 136
(2,3,0) : 46
(2,3,0,1) : 1
(2,3,0,1,4) : 282
(2,3,0,4,1) : 48
(2,3,1) : 5
(2,3,1,0,4) : 47
(2,3,1,4,0) : 25
(2,3,4,0) : 2
(2,3,4,0,1) : 4
(2,3,4,1,0) : 20
(2,4) : 4
(2,4,0) : 1
(2,4,0,1,3) : 9
(2,4,0,3,1) : 7
(2,4,1) : 1
(2,4,1,0,3) : 20
(2,4,1,3,0) : 3
(2,4,3,0,1) : 4
(2,4,3,1,0) : 1
(3) : 16830
(3,0) : 272
(3,0,1) : 7
(3,0,1,2) : 2
(3,0,1,2,4) : 146
(3,0,1,4) : 1
(3,0,1,4,2) : 193
(3,0,2) : 94
(3,0,2,1) : 3
(3,0,2,1,4) : 471
(3,0,2,4) : 2
(3,0,2,4,1) : 168
(3,0,4) : 8
(3,0,4,1) : 1
(3,0,4,1,2) : 71
(3,0,4,2) : 1
(3,0,4,2,1) : 58
(3,1) : 120
(3,1,0) : 4
(3,1,0,2) : 1
(3,1,0,2,4) : 103
(3,1,0,4,2) : 93
(3,1,2) : 5
(3,1,2,0) : 1
(3,1,2,0,4) : 116
(3,1,2,4) : 1
(3,1,2,4,0) : 80
(3,1,4) : 3
(3,1,4,0,2) : 167
(3,1,4,2,0) : 198
(3,2) : 311
(3,2,0) : 61
(3,2,0,1) : 5
(3,2,0,1,4) : 515
(3,2,0,4,1) : 94
(3,2,1) : 8
(3,2,1,0) : 4
(3,2,1,0,4) : 176
(3,2,1,4,0) : 126
(3,2,4) : 4
(3,2,4,0,1) : 42
(3,2,4,1,0) : 170
(3,4) : 103
(3,4,0) : 2
(3,4,0,1,2) : 99
(3,4,0,2,1) : 66
(3,4,1) : 6
(3,4,1,0) : 1
(3,4,1,0,2) : 237
(3,4,1,2,0) : 208
(3,4,2) : 2
(3,4,2,0,1) : 28
(3,4,2,1,0) : 76
(4) : 231
(4,0) : 13
(4,0,1) : 3
(4,0,1,2,3) : 5
(4,0,1,3,2) : 2
(4,0,2) : 1
(4,0,2,1,3) : 7
(4,0,2,3,1) : 5
(4,0,3) : 1
(4,0,3,1,2) : 9
(4,0,3,2,1) : 7
(4,1) : 6
(4,1,0) : 1
(4,1,0,2,3) : 2
(4,1,0,3,2) : 5
(4,1,2,0,3) : 6
(4,1,2,3,0) : 4
(4,1,3,0,2) : 2
(4,1,3,2,0) : 6
(4,2) : 1
(4,2,0) : 3
(4,2,0,1,3) : 2
(4,2,0,3) : 1
(4,2,1,0,3) : 6
(4,2,1,3,0) : 4
(4,2,3) : 1
(4,2,3,0,1) : 4
(4,2,3,1) : 1
(4,2,3,1,0) : 3
(4,3) : 27
(4,3,0) : 2
(4,3,0,1) : 1
(4,3,0,1,2) : 28
(4,3,0,2) : 1
(4,3,0,2,1) : 10
(4,3,1,0,2) : 34
(4,3,1,2,0) : 9
(4,3,2,0,1) : 6
(4,3,2,1,0) : 4
