0, 1, 2, 3, 4, 5, 6
GRN,IND,LAB,NLT,CDP,LIB,IND
-+-+-+-+-
() : 230
(0) : 2614
(0,1) : 20
(0,1,2) : 9
(0,1,2,3) : 1
(0,1,2,3,4) : 4
(0,1,2,3,4,5) : 2
(0,1,2,3,4,5,6) : 71
(0,1,2,3,4,6) : 1
(0,1,2,3,4,6,5) : 3
(0,1,2,3,5,4,6) : 1
(0,1,2,3,5,6,4) : 2
(0,1,2,3,6,5,4) : 2
(0,1,2,4) : 1
(0,1,2,4,3,5,6) : 2
(0,1,2,4,5,6,3) : 1
(0,1,2,4,6,3,5) : 1
(0,1,2,5,6,3,4) : 3
(0,1,2,5,6,4,3) : 3
(0,1,2,6) : 1
(0,1,2,6,3,4,5) : 5
(0,1,2,6,3,5,4) : 6
(0,1,2,6,4,3,5) : 4
(0,1,2,6,4,5,3) : 1
(0,1,2,6,5,3,4) : 7
(0,1,2,6,5,4) : 1
(0,1,2,6,5,4,3) : 7
(0,1,3) : 2
(0,1,3,2,4,5,6) : 2
(0,1,3,2,4,6,5) : 1
(0,1,3,2,5,4) : 1
(0,1,3,2,5,4,6) : 1
(0,1,3,2,5,6,4) : 1
(0,1,3,2,6,4,5) : 1
(0,1,3,2,6,5,4) : 1
(0,1,3,4,5,6,2) : 2
(0,1,3,4,6,2,5) : 2
(0,1,3,4,6,5,2) : 1
(0,1,3,5,2,4,6) : 1
(0,1,3,5,6,2,4) : 1
(0,1,3,5,6,4,2) : 1
(0,1,3,6) : 1
(0,1,3,6,2,4,5) : 1
(0,1,3,6,4,2,5) : 1
(0,1,3,6,4,5,2) : 3
(0,1,3,6,5,2,4) : 1
(0,1,3,6,5,4,2) : 1
(0,1,4) : 1
(0,1,4,2,3,6,5) : 1
(0,1,4,5,3,2,6) : 1
(0,1,4,6) : 1
(0,1,4,6,2,3,5) : 1
(0,1,5) : 2
(0,1,5,2,3,4,6) : 1
(0,1,5,2,3,6,4) : 1
(0,1,5,2,6,4,3) : 1
(0,1,5,3,6,2,4) : 1
(0,1,5,3,6,4,2) : 2
(0,1,5,6,2,3,4) : 2
(0,1,5,6,3,2,4) : 2
(0,1,5,6,4,3,2) : 2
(0,1,6) : 31
(0,1,6,2) : 7
(0,1,6,2,3) : 1
(0,1,6,2,3,4,5) : 16
(0,1,6,2,3,5,4) : 17
(0,1,6,2,4,3,5) : 2
(0,1,6,2,5,3,4) : 12
(0,1,6,2,5,4,3) : 1
(0,1,6,3,2) : 1
(0,1,6,3,2,4,5) : 8
(0,1,6,3,2,5,4) : 16
(0,1,6,3,4) : 1
(0,1,6,3,4,2,5) : 7
(0,1,6,3,4,5,2) : 5
(0,1,6,3,5,2,4) : 1
(0,1,6,3,5,4,2) : 1
(0,1,6,4,3,2,5) : 5
(0,1,6,4,3,5,2) : 1
(0,1,6,4,5,2,3) : 1
(0,1,6,5,2,3,4) : 12
(0,1,6,5,2,4,3) : 1
(0,1,6,5,3,2,4) : 2
(0,1,6,5,3,4,2) : 1
(0,2) : 467
(0,2,1) : 14
(0,2,1,3,4,5,6) : 17
(0,2,1,3,4,6,5) : 11
(0,2,1,3,5,4,6) : 2
(0,2,1,3,5,6,4) : 3
(0,2,1,3,6,4,5) : 13
(0,2,1,3,6,5,4) : 16
(0,2,1,4,3,5,6) : 1
(0,2,1,4,3,6,5) : 3
(0,2,1,4,5,6,3) : 3
(0,2,1,4,6) : 1
(0,2,1,5,3,4,6) : 1
(0,2,1,5,6,3,4) : 7
(0,2,1,5,6,4,3) : 2
(0,2,1,6) : 2
(0,2,1,6,3,4,5) : 52
(0,2,1,6,3,5,4) : 65
(0,2,1,6,4,3,5) : 16
(0,2,1,6,4,5,3) : 3
(0,2,1,6,5) : 1
(0,2,1,6,5,3,4) : 44
(0,2,1,6,5,4,3) : 11
(0,2,3) : 6
(0,2,3,1,4,5,6) : 1
(0,2,3,1,4,6,5) : 6
(0,2,3,1,5,4,6) : 1
(0,2,3,1,5,6,4) : 1
(0,2,3,1,6,4,5) : 16
(0,2,3,1,6,5,4) : 14
(0,2,3,4,1,5,6) : 1
(0,2,3,4,1,6,5) : 2
(0,2,3,4,5,6,1) : 3
(0,2,3,4,6) : 1
(0,2,3,4,6,1,5) : 4
(0,2,3,4,6,5,1) : 1
(0,2,3,5,1,6,4) : 7
(0,2,3,5,4,1,6) : 1
(0,2,3,5,6) : 1
(0,2,3,5,6,1,4) : 5
(0,2,3,6) : 1
(0,2,3,6,1,4,5) : 11
(0,2,3,6,1,5,4) : 11
(0,2,3,6,4,1,5) : 1
(0,2,3,6,5,4,1) : 1
(0,2,4) : 5
(0,2,4,1,3,5,6) : 1
(0,2,4,1,3,6,5) : 1
(0,2,4,1,6,3,5) : 3
(0,2,4,3) : 1
(0,2,4,3,1,5,6) : 2
(0,2,4,3,1,6,5) : 4
(0,2,4,5,1,6,3) : 1
(0,2,4,5,6) : 1
(0,2,4,5,6,1) : 1
(0,2,4,5,6,1,3) : 2
(0,2,4,6,1,3) : 1
(0,2,4,6,1,3,5) : 8
(0,2,4,6,1,5,3) : 1
(0,2,4,6,3,1) : 1
(0,2,4,6,3,1,5) : 1
(0,2,4,6,3,5,1) : 1
(0,2,4,6,5,1,3) : 1
(0,2,5) : 15
(0,2,5,1,3,4,6) : 5
(0,2,5,1,3,6,4) : 1
(0,2,5,1,4,3,6) : 1
(0,2,5,1,4,6,3) : 1
(0,2,5,1,6) : 1
(0,2,5,1,6,3,4) : 17
(0,2,5,1,6,4) : 1
(0,2,5,1,6,4,3) : 1
(0,2,5,3,1,6,4) : 7
(0,2,5,3,6,1,4) : 4
(0,2,5,3,6,4,1) : 2
(0,2,5,4,1,3,6) : 1
(0,2,5,6) : 2
(0,2,5,6,1,3,4) : 27
(0,2,5,6,1,4,3) : 8
(0,2,5,6,3,1,4) : 2
(0,2,5,6,3,4,1) : 1
(0,2,5,6,4,1,3) : 1
(0,2,5,6,4,3,1) : 2
(0,2,6) : 502
(0,2,6,1) : 12
(0,2,6,1,3) : 1
(0,2,6,1,3,4,5) : 81
(0,2,6,1,3,5,4) : 81
(0,2,6,1,4,3,5) : 15
(0,2,6,1,4,5,3) : 3
(0,2,6,1,5) : 2
(0,2,6,1,5,3,4) : 59
(0,2,6,1,5,4,3) : 20
(0,2,6,3) : 1
(0,2,6,3,1,4,5) : 14
(0,2,6,3,1,5,4) : 10
(0,2,6,3,4,1,5) : 5
(0,2,6,3,4,5) : 1
(0,2,6,3,4,5,1) : 4
(0,2,6,3,5,1,4) : 4
(0,2,6,3,5,4,1) : 1
(0,2,6,4) : 3
(0,2,6,4,1,3,5) : 10
(0,2,6,4,1,5,3) : 2
(0,2,6,4,3,1,5) : 6
(0,2,6,4,3,5,1) : 1
(0,2,6,4,5,3,1) : 2
(0,2,6,5) : 2
(0,2,6,5,1,3,4) : 22
(0,2,6,5,1,4,3) : 4
(0,2,6,5,3,1,4) : 11
(0,2,6,5,4,1,3) : 5
(0,2,6,5,4,3) : 1
(0,2,6,5,4,3,1) : 9
(0,3) : 15
(0,3,1,2,4,5,6) : 3
(0,3,1,2,4,6,5) : 1
(0,3,1,5,2,6,4) : 1
(0,3,1,6) : 1
(0,3,1,6,2,4,5) : 1
(0,3,1,6,2,5,4) : 6
(0,3,1,6,4,2,5) : 2
(0,3,2,1,4,6,5) : 1
(0,3,2,1,5,6) : 1
(0,3,2,1,6,5,4) : 1
(0,3,2,4,6,1,5) : 1
(0,3,2,5,1,4,6) : 1
(0,3,2,6,1) : 1
(0,3,2,6,1,4,5) : 1
(0,3,4,1,2,5,6) : 1
(0,3,4,6,1,2,5) : 1
(0,3,4,6,5,1,2) : 1
(0,3,5) : 1
(0,3,5,2,1,6,4) : 1
(0,3,5,2,6,1,4) : 1
(0,3,6) : 6
(0,3,6,1,2,4,5) : 2
(0,3,6,1,2,5,4) : 2
(0,3,6,1,4,2,5) : 5
(0,3,6,1,4,5,2) : 2
(0,3,6,1,5,4,2) : 1
(0,3,6,2) : 2
(0,3,6,4,1,2,5) : 2
(0,4) : 4
(0,4,1,6,2,3,5) : 1
(0,4,2) : 3
(0,4,2,1,3,5,6) : 1
(0,4,2,1,6,3,5) : 1
(0,4,2,3,6,1,5) : 1
(0,4,2,5) : 1
(0,4,2,5,1,3,6) : 1
(0,4,2,5,6,1,3) : 1
(0,4,2,6,1,3) : 1
(0,4,2,6,1,3,5) : 1
(0,4,2,6,5,3,1) : 1
(0,4,3,1,2,6,5) : 1
(0,4,5,6,1,2,3) : 1
(0,4,5,6,2,3,1) : 1
(0,4,6,1,3,2,5) : 1
(0,4,6,1,3,5,2) : 2
(0,4,6,1,5,3,2) : 1
(0,4,6,3,1,2,5) : 1
(0,5) : 31
(0,5,1) : 1
(0,5,1,2) : 1
(0,5,1,2,6,3,4) : 1
(0,5,1,3,6,2,4) : 1
(0,5,1,6) : 1
(0,5,1,6,2) : 1
(0,5,1,6,2,3,4) : 3
(0,5,1,6,2,4,3) : 2
(0,5,1,6,3,4,2) : 1
(0,5,1,6,4,3,2) : 1
(0,5,2) : 7
(0,5,2,1,3,4,6) : 1
(0,5,2,1,3,6,4) : 1
(0,5,2,1,6,3,4) : 5
(0,5,2,6,1,3,4) : 9
(0,5,2,6,1,4,3) : 2
(0,5,2,6,3,1,4) : 2
(0,5,2,6,3,4,1) : 1
(0,5,3) : 1
(0,5,3,1,2,4,6) : 1
(0,5,3,2) : 2
(0,5,3,2,1,6) : 1
(0,5,3,4,6,1,2) : 1
(0,5,3,6,1,2,4) : 1
(0,5,4,1,6,2,3) : 1
(0,5,4,2,1,3,6) : 1
(0,5,4,6,2,3,1) : 1
(0,5,6) : 4
(0,5,6,1,2,3,4) : 6
(0,5,6,1,2,4,3) : 2
(0,5,6,1,3,2,4) : 3
(0,5,6,1,3,4,2) : 1
(0,5,6,1,4,2,3) : 1
(0,5,6,1,4,3,2) : 4
(0,5,6,2,1) : 1
(0,5,6,2,1,3,4) : 2
(0,5,6,2,1,4,3) : 1
(0,5,6,2,3,1,4) : 3
(0,5,6,3,1,2,4) : 2
(0,5,6,3,2,1,4) : 1
(0,5,6,3,2,4,1) : 1
(0,5,6,4,2,1,3) : 1
(0,5,6,4,3,1,2) : 1
(0,6) : 34
(0,6,1) : 13
(0,6,1,2) : 4
(0,6,1,2,3) : 1
(0,6,1,2,3,4,5) : 11
(0,6,1,2,3,5,4) : 12
(0,6,1,2,4,3,5) : 5
(0,6,1,2,4,5,3) : 1
(0,6,1,2,5,3,4) : 21
(0,6,1,2,5,4,3) : 5
(0,6,1,3) : 1
(0,6,1,3,2,4,5) : 3
(0,6,1,3,2,5,4) : 12
(0,6,1,3,4,2,5) : 7
(0,6,1,3,4,5,2) : 5
(0,6,1,3,5,2,4) : 1
(0,6,1,3,5,4,2) : 2
(0,6,1,4,2,3,5) : 3
(0,6,1,4,2,5,3) : 1
(0,6,1,4,3,2,5) : 1
(0,6,1,5,2,3,4) : 5
(0,6,1,5,2,4,3) : 4
(0,6,1,5,3) : 1
(0,6,1,5,3,2,4) : 2
(0,6,1,5,4,3,2) : 2
(0,6,2) : 42
(0,6,2,1) : 2
(0,6,2,1,3,4,5) : 9
(0,6,2,1,3,5,4) : 15
(0,6,2,1,4,3,5) : 2
(0,6,2,1,4,5,3) : 1
(0,6,2,1,5,3,4) : 11
(0,6,2,1,5,4,3) : 3
(0,6,2,3,1,4,5) : 3
(0,6,2,3,1,5,4) : 7
(0,6,2,3,4,1,5) : 1
(0,6,2,3,5,1,4) : 2
(0,6,2,3,5,4,1) : 1
(0,6,2,4,1,3,5) : 1
(0,6,2,4,1,5,3) : 1
(0,6,2,4,3,5,1) : 1
(0,6,2,4,5,3,1) : 1
(0,6,2,5,1,3,4) : 8
(0,6,2,5,1,4,3) : 2
(0,6,2,5,3,1,4) : 2
(0,6,2,5,3,4,1) : 2
(0,6,2,5,4,3,1) : 2
(0,6,3) : 1
(0,6,3,1) : 1
(0,6,3,1,2,4,5) : 4
(0,6,3,1,2,5,4) : 1
(0,6,3,1,4,2,5) : 2
(0,6,3,1,4,5,2) : 1
(0,6,3,1,5,4,2) : 1
(0,6,3,2,1,4,5) : 1
(0,6,3,2,1,5,4) : 2
(0,6,3,2,4,5,1) : 2
(0,6,3,2,5,1,4) : 1
(0,6,3,4,1,2) : 1
(0,6,3,4,1,2,5) : 1
(0,6,3,4,5,2,1) : 3
(0,6,3,5,1) : 1
(0,6,4) : 3
(0,6,4,1,2,5,3) : 2
(0,6,4,1,3,5,2) : 1
(0,6,4,2,1,5,3) : 1
(0,6,4,2,3,1,5) : 1
(0,6,4,3) : 1
(0,6,4,5,2,1,3) : 1
(0,6,4,5,3,2,1) : 2
(0,6,5,1,2,3,4) : 3
(0,6,5,1,2,4,3) : 1
(0,6,5,1,3,4,2) : 1
(0,6,5,1,4,2,3) : 1
(0,6,5,2,1,3,4) : 3
(0,6,5,4,3,1,2) : 1
(0,6,5,4,3,2,1) : 1
(1) : 440
(1,0) : 4
(1,0,2) : 1
(1,0,2,3,4,5,6) : 8
(1,0,2,3,4,6,5) : 1
(1,0,2,3,6,4,5) : 2
(1,0,2,3,6,5,4) : 2
(1,0,2,4,3,5,6) : 1
(1,0,2,5,3,6,4) : 1
(1,0,2,5,6,3,4) : 1
(1,0,2,5,6,4,3) : 1
(1,0,2,6,3,4,5) : 1
(1,0,2,6,5,3,4) : 3
(1,0,2,6,5,4,3) : 1
(1,0,3) : 1
(1,0,3,2,5,6,4) : 1
(1,0,3,4,6,5,2) : 3
(1,0,3,6,5,2,4) : 1
(1,0,4,6,2,3,5) : 1
(1,0,5,2,6,3,4) : 1
(1,0,5,4,3,6,2) : 1
(1,0,5,6,3,2,4) : 1
(1,0,5,6,4,3,2) : 1
(1,0,6,2,3,4,5) : 2
(1,0,6,2,5,3,4) : 3
(1,0,6,3,4,2,5) : 1
(1,0,6,4,2,3,5) : 1
(1,0,6,4,5,3,2) : 1
(1,0,6,5,2,3,4) : 1
(1,2) : 8
(1,2,0) : 1
(1,2,0,3,4,5,6) : 2
(1,2,0,3,5,4,6) : 1
(1,2,0,3,6,4,5) : 1
(1,2,0,3,6,5,4) : 2
(1,2,0,4,6,3,5) : 1
(1,2,0,5,6,4,3) : 1
(1,2,0,6,3,4,5) : 1
(1,2,0,6,3,5,4) : 1
(1,2,0,6,5,4,3) : 2
(1,2,3,0,4,5,6) : 2
(1,2,3,4,5) : 1
(1,2,3,4,5,6,0) : 4
(1,2,3,5,6,0,4) : 1
(1,2,3,6) : 1
(1,2,3,6,0,4,5) : 1
(1,2,3,6,5,0,4) : 2
(1,2,4) : 2
(1,2,4,3,0,5,6) : 1
(1,2,5,4) : 1
(1,2,5,6,0,3,4) : 2
(1,2,5,6,3,0) : 1
(1,2,6,0,3,4,5) : 3
(1,2,6,0,5,4,3) : 1
(1,2,6,3,0,4,5) : 1
(1,2,6,3,4,5,0) : 1
(1,2,6,4,3,5,0) : 1
(1,3,2,0,6,4,5) : 1
(1,3,4) : 1
(1,3,4,0,2) : 1
(1,3,5) : 1
(1,3,5,6,4,2,0) : 1
(1,3,6) : 2
(1,3,6,2,0,5,4) : 1
(1,3,6,2,5,0,4) : 1
(1,4) : 2
(1,4,0,2,3,5,6) : 1
(1,4,5) : 1
(1,4,5,6,3,0,2) : 1
(1,4,6,0,5,2,3) : 1
(1,4,6,3,0,2,5) : 1
(1,4,6,3,5,2,0) : 1
(1,5) : 4
(1,5,0,6,2,3,4) : 1
(1,5,2,0,6,3,4) : 1
(1,5,2,6,0,3,4) : 1
(1,5,2,6,3,0,4) : 1
(1,5,3) : 1
(1,5,3,0,6,2,4) : 1
(1,5,4) : 1
(1,5,6,0,2,3,4) : 1
(1,5,6,0,4,3,2) : 1
(1,5,6,3,2,0,4) : 1
(1,5,6,3,2,4,0) : 2
(1,5,6,3,4,0,2) : 1
(1,5,6,3,4,2,0) : 2
(1,5,6,4,0,2,3) : 2
(1,5,6,4,3,0,2) : 2
(1,5,6,4,3,2,0) : 2
(1,6) : 23
(1,6,0) : 1
(1,6,0,2) : 1
(1,6,0,2,3,4,5) : 5
(1,6,0,2,3,5,4) : 3
(1,6,0,2,5,3,4) : 5
(1,6,0,2,5,4,3) : 1
(1,6,0,3,2,4,5) : 1
(1,6,0,3,2,5,4) : 4
(1,6,0,3,4,2,5) : 2
(1,6,0,3,4,5,2) : 5
(1,6,0,3,5,2,4) : 2
(1,6,0,4,3,2,5) : 1
(1,6,0,4,3,5,2) : 1
(1,6,0,4,5,2,3) : 1
(1,6,0,4,5,3,2) : 1
(1,6,0,5,2,3,4) : 1
(1,6,0,5,3,2,4) : 1
(1,6,2) : 4
(1,6,2,0,3,5,4) : 2
(1,6,2,0,5,3,4) : 4
(1,6,2,3,4,5,0) : 1
(1,6,2,3,5,0,4) : 1
(1,6,2,3,5,4,0) : 1
(1,6,2,4,0,3,5) : 1
(1,6,2,5,3,0,4) : 1
(1,6,2,5,4) : 1
(1,6,2,5,4,0,3) : 1
(1,6,3) : 2
(1,6,3,0) : 1
(1,6,3,0,4,5,2) : 1
(1,6,3,0,5,4,2) : 1
(1,6,3,2,0,4,5) : 1
(1,6,3,2,0,5,4) : 1
(1,6,3,2,4,0,5) : 1
(1,6,3,2,4,5,0) : 1
(1,6,3,2,5,0,4) : 2
(1,6,3,2,5,4,0) : 2
(1,6,3,4,0,2,5) : 3
(1,6,3,4,5,0,2) : 1
(1,6,3,4,5,2,0) : 3
(1,6,3,5) : 1
(1,6,3,5,2) : 1
(1,6,3,5,4,2,0) : 2
(1,6,4) : 1
(1,6,4,0,2,3,5) : 1
(1,6,4,2,5,3,0) : 1
(1,6,4,3,2,0,5) : 1
(1,6,4,5,3,2,0) : 3
(1,6,5,0,2,3,4) : 2
(1,6,5,0,3,2,4) : 1
(1,6,5,0,3,4,2) : 1
(1,6,5,2) : 1
(1,6,5,2,0,3,4) : 4
(1,6,5,2,3,0,4) : 1
(1,6,5,2,3,4,0) : 2
(1,6,5,2,4,0,3) : 1
(1,6,5,2,4,3,0) : 1
(1,6,5,3,2,0) : 1
(1,6,5,3,2,0,4) : 2
(1,6,5,3,2,4,0) : 2
(1,6,5,3,4,0,2) : 3
(1,6,5,3,4,2,0) : 1
(1,6,5,4,0) : 1
(1,6,5,4,2,3,0) : 1
(1,6,5,4,3,2,0) : 3
(2) : 15861
(2,0) : 3022
(2,0,1) : 29
(2,0,1,3) : 3
(2,0,1,3,4) : 2
(2,0,1,3,4,5) : 1
(2,0,1,3,4,5,6) : 119
(2,0,1,3,4,6,5) : 104
(2,0,1,3,5,4,6) : 14
(2,0,1,3,5,6) : 1
(2,0,1,3,5,6,4) : 11
(2,0,1,3,6) : 1
(2,0,1,3,6,4,5) : 59
(2,0,1,3,6,5) : 1
(2,0,1,3,6,5,4) : 34
(2,0,1,4,3,5) : 1
(2,0,1,4,3,5,6) : 10
(2,0,1,4,3,6,5) : 18
(2,0,1,4,5,3,6) : 2
(2,0,1,4,5,6) : 1
(2,0,1,4,5,6,3) : 5
(2,0,1,4,6,3) : 1
(2,0,1,4,6,3,5) : 14
(2,0,1,4,6,5,3) : 3
(2,0,1,5) : 2
(2,0,1,5,3,4,6) : 3
(2,0,1,5,3,6,4) : 2
(2,0,1,5,4,3,6) : 2
(2,0,1,5,4,6) : 2
(2,0,1,5,4,6,3) : 2
(2,0,1,5,6) : 1
(2,0,1,5,6,3,4) : 9
(2,0,1,5,6,4,3) : 10
(2,0,1,6) : 29
(2,0,1,6,3,4) : 1
(2,0,1,6,3,4,5) : 192
(2,0,1,6,3,5,4) : 81
(2,0,1,6,4,3,5) : 52
(2,0,1,6,4,5) : 2
(2,0,1,6,4,5,3) : 7
(2,0,1,6,5) : 2
(2,0,1,6,5,3,4) : 64
(2,0,1,6,5,4) : 1
(2,0,1,6,5,4,3) : 41
(2,0,3) : 19
(2,0,3,1) : 1
(2,0,3,1,4,5,6) : 10
(2,0,3,1,4,6,5) : 25
(2,0,3,1,5,4,6) : 3
(2,0,3,1,5,6,4) : 4
(2,0,3,1,6) : 1
(2,0,3,1,6,4,5) : 57
(2,0,3,1,6,5) : 1
(2,0,3,1,6,5,4) : 29
(2,0,3,4) : 1
(2,0,3,4,1) : 1
(2,0,3,4,1,5,6) : 1
(2,0,3,4,1,6) : 1
(2,0,3,4,1,6,5) : 19
(2,0,3,4,5,6) : 2
(2,0,3,4,5,6,1) : 2
(2,0,3,4,6,1) : 1
(2,0,3,4,6,1,5) : 12
(2,0,3,5,1,6) : 1
(2,0,3,5,4,1,6) : 4
(2,0,3,5,4,6,1) : 2
(2,0,3,5,6,1,4) : 3
(2,0,3,5,6,4,1) : 1
(2,0,3,6) : 2
(2,0,3,6,1) : 1
(2,0,3,6,1,4,5) : 47
(2,0,3,6,1,5,4) : 20
(2,0,3,6,4,1,5) : 4
(2,0,3,6,4,5,1) : 8
(2,0,3,6,5,1,4) : 1
(2,0,3,6,5,4,1) : 2
(2,0,4) : 15
(2,0,4,1) : 1
(2,0,4,1,3) : 1
(2,0,4,1,3,5) : 1
(2,0,4,1,3,5,6) : 4
(2,0,4,1,3,6,5) : 6
(2,0,4,1,6,3,5) : 15
(2,0,4,1,6,5) : 1
(2,0,4,1,6,5,3) : 7
(2,0,4,3,1) : 1
(2,0,4,3,1,5,6) : 4
(2,0,4,3,1,6,5) : 12
(2,0,4,3,5,6,1) : 3
(2,0,4,3,6,1,5) : 6
(2,0,4,5) : 1
(2,0,4,5,1,3) : 1
(2,0,4,5,1,3,6) : 2
(2,0,4,5,1,6) : 2
(2,0,4,5,3,1,6) : 1
(2,0,4,5,6,1) : 1
(2,0,4,5,6,1,3) : 1
(2,0,4,5,6,3,1) : 3
(2,0,4,6) : 1
(2,0,4,6,1,3) : 1
(2,0,4,6,1,3,5) : 24
(2,0,4,6,1,5) : 1
(2,0,4,6,1,5,3) : 3
(2,0,4,6,3,1,5) : 4
(2,0,4,6,3,5,1) : 1
(2,0,4,6,5,1) : 1
(2,0,4,6,5,3,1) : 3
(2,0,5) : 24
(2,0,5,1,3,4,6) : 12
(2,0,5,1,3,6,4) : 2
(2,0,5,1,4,3,6) : 1
(2,0,5,1,6,3,4) : 23
(2,0,5,1,6,4,3) : 7
(2,0,5,3,1,6,4) : 3
(2,0,5,3,4,1,6) : 1
(2,0,5,3,4,6,1) : 3
(2,0,5,3,6,1,4) : 2
(2,0,5,3,6,4,1) : 1
(2,0,5,4) : 2
(2,0,5,4,1,3,6) : 1
(2,0,5,4,1,6,3) : 2
(2,0,5,4,3,1,6) : 2
(2,0,5,4,3,6,1) : 1
(2,0,5,4,6,1,3) : 2
(2,0,5,4,6,3,1) : 3
(2,0,5,6) : 1
(2,0,5,6,1) : 1
(2,0,5,6,1,3,4) : 34
(2,0,5,6,1,4,3) : 12
(2,0,5,6,3,1,4) : 8
(2,0,5,6,3,4,1) : 3
(2,0,5,6,4,1,3) : 3
(2,0,5,6,4,3,1) : 11
(2,0,6) : 108
(2,0,6,1) : 17
(2,0,6,1,3) : 1
(2,0,6,1,3,4) : 1
(2,0,6,1,3,4,5) : 209
(2,0,6,1,3,5,4) : 93
(2,0,6,1,4,3) : 1
(2,0,6,1,4,3,5) : 44
(2,0,6,1,4,5) : 1
(2,0,6,1,4,5,3) : 9
(2,0,6,1,5) : 2
(2,0,6,1,5,3,4) : 71
(2,0,6,1,5,4,3) : 32
(2,0,6,3,1,4,5) : 32
(2,0,6,3,1,5,4) : 19
(2,0,6,3,4,1,5) : 10
(2,0,6,3,4,5) : 1
(2,0,6,3,4,5,1) : 4
(2,0,6,3,5,4,1) : 5
(2,0,6,4) : 1
(2,0,6,4,1,3,5) : 17
(2,0,6,4,1,5) : 4
(2,0,6,4,1,5,3) : 2
(2,0,6,4,3,1) : 1
(2,0,6,4,3,1,5) : 24
(2,0,6,4,5,1,3) : 1
(2,0,6,4,5,3,1) : 1
(2,0,6,5) : 2
(2,0,6,5,1) : 1
(2,0,6,5,1,3) : 1
(2,0,6,5,1,3,4) : 21
(2,0,6,5,1,4,3) : 14
(2,0,6,5,3,1,4) : 11
(2,0,6,5,3,4,1) : 3
(2,0,6,5,4,1,3) : 5
(2,0,6,5,4,3) : 2
(2,0,6,5,4,3,1) : 10
(2,1) : 53
(2,1,0) : 8
(2,1,0,3) : 1
(2,1,0,3,4) : 2
(2,1,0,3,4,5,6) : 54
(2,1,0,3,4,6,5) : 22
(2,1,0,3,5,4,6) : 5
(2,1,0,3,5,6,4) : 6
(2,1,0,3,6,4,5) : 16
(2,1,0,3,6,5,4) : 9
(2,1,0,4,3,5,6) : 4
(2,1,0,4,5,3,6) : 3
(2,1,0,4,5,6,3) : 2
(2,1,0,4,6,3,5) : 5
(2,1,0,4,6,5,3) : 1
(2,1,0,5,6,3,4) : 4
(2,1,0,5,6,4) : 1
(2,1,0,5,6,4,3) : 3
(2,1,0,6) : 2
(2,1,0,6,3) : 1
(2,1,0,6,3,4,5) : 28
(2,1,0,6,3,5,4) : 11
(2,1,0,6,4,3,5) : 8
(2,1,0,6,5,3,4) : 6
(2,1,0,6,5,4,3) : 12
(2,1,3) : 2
(2,1,3,0,4,5,6) : 3
(2,1,3,0,4,6,5) : 5
(2,1,3,4,0,5,6) : 1
(2,1,3,4,0,6,5) : 3
(2,1,3,4,5,0,6) : 2
(2,1,3,4,5,6) : 1
(2,1,3,4,5,6,0) : 10
(2,1,3,4,6,0,5) : 10
(2,1,3,5,4,6) : 1
(2,1,3,5,4,6,0) : 1
(2,1,3,5,6,4,0) : 4
(2,1,3,6,0,4,5) : 14
(2,1,3,6,0,5,4) : 1
(2,1,3,6,4,0,5) : 6
(2,1,3,6,4,5,0) : 2
(2,1,3,6,5,4,0) : 2
(2,1,4) : 1
(2,1,4,0,3,6,5) : 1
(2,1,4,0,6,5,3) : 1
(2,1,4,3,0,5,6) : 1
(2,1,4,3,6,0,5) : 1
(2,1,4,3,6,5,0) : 1
(2,1,4,5,0,3,6) : 1
(2,1,4,5,0,6,3) : 1
(2,1,4,5,6,0,3) : 1
(2,1,4,6,0,3,5) : 5
(2,1,4,6,3,0,5) : 2
(2,1,4,6,5,0,3) : 1
(2,1,4,6,5,3,0) : 1
(2,1,5) : 1
(2,1,5,0,3,4,6) : 2
(2,1,5,0,3,6,4) : 1
(2,1,5,0,6,3,4) : 2
(2,1,5,3,6,0,4) : 1
(2,1,5,4,3,0,6) : 1
(2,1,5,4,6,0,3) : 1
(2,1,5,6,0) : 1
(2,1,5,6,0,3,4) : 3
(2,1,5,6,0,4,3) : 2
(2,1,5,6,4,0,3) : 4
(2,1,5,6,4,3,0) : 1
(2,1,6) : 19
(2,1,6,0) : 3
(2,1,6,0,3,4) : 1
(2,1,6,0,3,4,5) : 49
(2,1,6,0,3,5,4) : 17
(2,1,6,0,4,3,5) : 6
(2,1,6,0,4,5,3) : 1
(2,1,6,0,5,3,4) : 4
(2,1,6,0,5,4,3) : 7
(2,1,6,3) : 1
(2,1,6,3,0,4,5) : 17
(2,1,6,3,0,5,4) : 5
(2,1,6,3,4,0) : 1
(2,1,6,3,4,0,5) : 11
(2,1,6,3,4,5,0) : 6
(2,1,6,3,5,0,4) : 1
(2,1,6,3,5,4,0) : 4
(2,1,6,4,0,3,5) : 3
(2,1,6,4,3,0) : 1
(2,1,6,4,3,0,5) : 9
(2,1,6,4,3,5,0) : 5
(2,1,6,4,5,0) : 1
(2,1,6,4,5,0,3) : 1
(2,1,6,5) : 1
(2,1,6,5,0,3,4) : 9
(2,1,6,5,0,4,3) : 1
(2,1,6,5,3,0,4) : 3
(2,1,6,5,3,4,0) : 7
(2,1,6,5,4,3,0) : 6
(2,3) : 50
(2,3,0) : 2
(2,3,0,1) : 1
(2,3,0,1,4,5,6) : 6
(2,3,0,1,4,6,5) : 4
(2,3,0,1,5,4,6) : 3
(2,3,0,1,5,6,4) : 2
(2,3,0,1,6) : 1
(2,3,0,1,6,4,5) : 28
(2,3,0,1,6,5) : 3
(2,3,0,1,6,5,4) : 9
(2,3,0,4,6,1,5) : 1
(2,3,0,4,6,5,1) : 1
(2,3,0,5) : 1
(2,3,0,6) : 3
(2,3,0,6,1,4,5) : 6
(2,3,0,6,1,5,4) : 4
(2,3,0,6,4,1,5) : 2
(2,3,0,6,5,4) : 1
(2,3,0,6,5,4,1) : 2
(2,3,1) : 2
(2,3,1,0) : 2
(2,3,1,0,4,5,6) : 9
(2,3,1,0,4,6,5) : 7
(2,3,1,0,5,4,6) : 1
(2,3,1,0,5,6,4) : 2
(2,3,1,0,6,4,5) : 5
(2,3,1,0,6,5,4) : 3
(2,3,1,4) : 1
(2,3,1,4,0,5,6) : 3
(2,3,1,4,5,6,0) : 1
(2,3,1,4,6,0,5) : 5
(2,3,1,4,6,5,0) : 1
(2,3,1,5,0,6) : 1
(2,3,1,5,6,0,4) : 1
(2,3,1,5,6,4,0) : 2
(2,3,1,6,0,4,5) : 6
(2,3,1,6,0,5,4) : 4
(2,3,1,6,4,0,5) : 5
(2,3,1,6,4,5,0) : 2
(2,3,1,6,5,4,0) : 2
(2,3,4,0) : 1
(2,3,4,0,1,5,6) : 2
(2,3,4,0,1,6,5) : 7
(2,3,4,1,0,5,6) : 3
(2,3,4,1,0,6,5) : 8
(2,3,4,1,6,0,5) : 1
(2,3,4,1,6,5,0) : 1
(2,3,4,5,0,1,6) : 2
(2,3,4,5,6) : 3
(2,3,4,5,6,0,1) : 3
(2,3,4,5,6,1,0) : 12
(2,3,4,6,0,1,5) : 3
(2,3,4,6,1,0,5) : 3
(2,3,4,6,1,5,0) : 2
(2,3,4,6,5,0,1) : 2
(2,3,4,6,5,1,0) : 2
(2,3,5) : 2
(2,3,5,0) : 1
(2,3,5,0,1,4,6) : 1
(2,3,5,1,6,0,4) : 1
(2,3,5,4,6,1,0) : 1
(2,3,5,6,0,1,4) : 1
(2,3,5,6,1,0,4) : 1
(2,3,5,6,1,4,0) : 1
(2,3,5,6,4,1,0) : 3
(2,3,6) : 1
(2,3,6,0,1,4) : 1
(2,3,6,0,1,4,5) : 12
(2,3,6,0,1,5,4) : 3
(2,3,6,0,4,1,5) : 1
(2,3,6,1) : 2
(2,3,6,1,0,4,5) : 15
(2,3,6,1,0,5,4) : 7
(2,3,6,1,4,0,5) : 4
(2,3,6,1,4,5) : 1
(2,3,6,1,4,5,0) : 6
(2,3,6,1,5,0,4) : 3
(2,3,6,1,5,4,0) : 4
(2,3,6,4) : 1
(2,3,6,4,1,0,5) : 1
(2,3,6,4,5,0,1) : 1
(2,3,6,5,4,1,0) : 3
(2,4) : 35
(2,4,0) : 5
(2,4,0,1) : 1
(2,4,0,1,3,5,6) : 2
(2,4,0,1,3,6,5) : 3
(2,4,0,1,5,6,3) : 1
(2,4,0,1,6,3,5) : 8
(2,4,0,1,6,5) : 1
(2,4,0,3,1,6,5) : 3
(2,4,0,3,5,1,6) : 1
(2,4,0,3,5,6,1) : 1
(2,4,0,5,1,3,6) : 1
(2,4,0,5,1,6,3) : 1
(2,4,0,5,6,1,3) : 1
(2,4,0,5,6,3,1) : 1
(2,4,0,6,1,3,5) : 4
(2,4,0,6,1,5,3) : 3
(2,4,1) : 2
(2,4,1,0,3,5,6) : 1
(2,4,1,0,3,6,5) : 1
(2,4,1,0,5,6,3) : 1
(2,4,1,0,6,3,5) : 1
(2,4,1,0,6,5,3) : 1
(2,4,1,3,0,5,6) : 1
(2,4,1,3,0,6,5) : 1
(2,4,1,3,5,6,0) : 1
(2,4,1,3,6,5,0) : 1
(2,4,1,5,3,0,6) : 1
(2,4,1,5,6,3,0) : 1
(2,4,1,6,0,3,5) : 4
(2,4,1,6,3) : 1
(2,4,1,6,3,0,5) : 2
(2,4,1,6,3,5,0) : 1
(2,4,1,6,5,3,0) : 3
(2,4,3) : 1
(2,4,3,0,1,6,5) : 3
(2,4,3,0,6,1,5) : 1
(2,4,3,1,0,5,6) : 1
(2,4,3,1,0,6,5) : 1
(2,4,3,1,5,6,0) : 1
(2,4,3,1,6,0) : 1
(2,4,3,1,6,0,5) : 3
(2,4,3,5,6,1,0) : 1
(2,4,3,6,1,0,5) : 2
(2,4,5) : 6
(2,4,5,0,1,6) : 1
(2,4,5,0,1,6,3) : 1
(2,4,5,0,6,1,3) : 2
(2,4,5,1,6,0,3) : 1
(2,4,5,6,0,1,3) : 1
(2,4,5,6,1,0) : 3
(2,4,5,6,1,0,3) : 4
(2,4,5,6,1,3,0) : 4
(2,4,5,6,3,0,1) : 2
(2,4,5,6,3,1,0) : 3
(2,4,6) : 6
(2,4,6,0,1,3) : 1
(2,4,6,0,1,3,5) : 2
(2,4,6,0,1,5,3) : 1
(2,4,6,0,3,1,5) : 2
(2,4,6,0,5,1,3) : 1
(2,4,6,1) : 1
(2,4,6,1,0,3,5) : 5
(2,4,6,1,0,5) : 1
(2,4,6,1,0,5,3) : 3
(2,4,6,1,3,0,5) : 3
(2,4,6,1,3,5,0) : 6
(2,4,6,1,5,0,3) : 1
(2,4,6,1,5,3,0) : 4
(2,4,6,3) : 1
(2,4,6,3,0,1,5) : 2
(2,4,6,3,0,5,1) : 1
(2,4,6,3,1,0,5) : 4
(2,4,6,3,1,5,0) : 2
(2,4,6,5,0,1,3) : 3
(2,4,6,5,1,3,0) : 1
(2,4,6,5,3,0,1) : 2
(2,4,6,5,3,1,0) : 1
(2,5) : 120
(2,5,0) : 21
(2,5,0,1,3,4) : 1
(2,5,0,1,3,4,6) : 20
(2,5,0,1,3,6,4) : 3
(2,5,0,1,4,3) : 1
(2,5,0,1,4,6,3) : 1
(2,5,0,1,6,3,4) : 16
(2,5,0,1,6,4,3) : 7
(2,5,0,3,1,6) : 1
(2,5,0,3,1,6,4) : 2
(2,5,0,3,4,6,1) : 1
(2,5,0,3,6,1,4) : 1
(2,5,0,4,1,3,6) : 2
(2,5,0,4,3,1,6) : 1
(2,5,0,6,1,3,4) : 8
(2,5,0,6,1,4,3) : 2
(2,5,0,6,3,1,4) : 5
(2,5,0,6,3,4,1) : 1
(2,5,0,6,4,1,3) : 1
(2,5,0,6,4,3,1) : 1
(2,5,1) : 2
(2,5,1,0,3,4,6) : 2
(2,5,1,0,3,6,4) : 1
(2,5,1,0,6,3,4) : 6
(2,5,1,0,6,4,3) : 3
(2,5,1,3,0,4,6) : 1
(2,5,1,3,4,6,0) : 1
(2,5,1,3,6,0,4) : 1
(2,5,1,4) : 1
(2,5,1,4,6,3,0) : 3
(2,5,1,6) : 1
(2,5,1,6,0,3,4) : 6
(2,5,1,6,0,4,3) : 1
(2,5,1,6,3,4,0) : 5
(2,5,1,6,4,0,3) : 3
(2,5,1,6,4,3,0) : 6
(2,5,3,0,1,4) : 1
(2,5,3,0,1,4,6) : 2
(2,5,3,0,1,6) : 1
(2,5,3,0,1,6,4) : 1
(2,5,3,0,6,1,4) : 2
(2,5,3,1,0,4,6) : 1
(2,5,3,1,0,6,4) : 1
(2,5,3,1,4,6) : 1
(2,5,3,1,6,0,4) : 1
(2,5,3,1,6,4,0) : 2
(2,5,3,4,0,1,6) : 1
(2,5,3,4,1,0,6) : 1
(2,5,3,4,6,0,1) : 2
(2,5,3,4,6,1,0) : 1
(2,5,3,6) : 1
(2,5,3,6,0,1,4) : 1
(2,5,3,6,1,0,4) : 3
(2,5,3,6,1,4,0) : 1
(2,5,3,6,4,1,0) : 2
(2,5,4) : 3
(2,5,4,0,1,3,6) : 1
(2,5,4,1,0,6,3) : 1
(2,5,4,1,6,3,0) : 3
(2,5,4,3,0,1,6) : 1
(2,5,4,3,1,0,6) : 1
(2,5,4,3,6,1,0) : 2
(2,5,4,6,0,1,3) : 2
(2,5,4,6,1,0,3) : 3
(2,5,4,6,1,3,0) : 6
(2,5,4,6,3,1) : 1
(2,5,4,6,3,1,0) : 3
(2,5,6) : 12
(2,5,6,0,1) : 2
(2,5,6,0,1,3) : 1
(2,5,6,0,1,3,4) : 13
(2,5,6,0,1,4,3) : 6
(2,5,6,0,3,1,4) : 3
(2,5,6,0,3,4,1) : 1
(2,5,6,0,4,3,1) : 1
(2,5,6,1) : 5
(2,5,6,1,0) : 1
(2,5,6,1,0,3,4) : 22
(2,5,6,1,0,4,3) : 10
(2,5,6,1,3,0,4) : 8
(2,5,6,1,3,4,0) : 12
(2,5,6,1,4,0,3) : 1
(2,5,6,1,4,3,0) : 4
(2,5,6,3,0,1,4) : 3
(2,5,6,3,1,0) : 1
(2,5,6,3,1,0,4) : 4
(2,5,6,3,1,4,0) : 5
(2,5,6,3,4,0,1) : 2
(2,5,6,3,4,1,0) : 3
(2,5,6,4) : 1
(2,5,6,4,0,1,3) : 4
(2,5,6,4,1,0,3) : 2
(2,5,6,4,1,3,0) : 3
(2,5,6,4,3,0,1) : 1
(2,5,6,4,3,1,0) : 19
(2,6) : 150
(2,6,0) : 30
(2,6,0,1) : 5
(2,6,0,1,3) : 1
(2,6,0,1,3,4,5) : 55
(2,6,0,1,3,5,4) : 27
(2,6,0,1,4,3,5) : 16
(2,6,0,1,4,5,3) : 1
(2,6,0,1,5,3,4) : 12
(2,6,0,1,5,4,3) : 7
(2,6,0,3,1,4,5) : 7
(2,6,0,3,1,5,4) : 3
(2,6,0,3,4,1,5) : 2
(2,6,0,3,4,5,1) : 2
(2,6,0,3,5,1,4) : 1
(2,6,0,3,5,4,1) : 2
(2,6,0,4,1,3,5) : 4
(2,6,0,4,1,5,3) : 2
(2,6,0,4,3,1,5) : 5
(2,6,0,4,5,1,3) : 2
(2,6,0,4,5,3,1) : 1
(2,6,0,5) : 2
(2,6,0,5,1,3,4) : 8
(2,6,0,5,1,4,3) : 3
(2,6,0,5,3,4) : 1
(2,6,0,5,4,1) : 1
(2,6,0,5,4,3,1) : 4
(2,6,1) : 19
(2,6,1,0) : 6
(2,6,1,0,3,4,5) : 70
(2,6,1,0,3,5,4) : 26
(2,6,1,0,4,3,5) : 14
(2,6,1,0,4,5,3) : 2
(2,6,1,0,5) : 1
(2,6,1,0,5,3,4) : 22
(2,6,1,0,5,4,3) : 20
(2,6,1,3) : 2
(2,6,1,3,0,4,5) : 25
(2,6,1,3,0,5,4) : 10
(2,6,1,3,4,0,5) : 23
(2,6,1,3,4,5) : 1
(2,6,1,3,4,5,0) : 12
(2,6,1,3,5,0,4) : 8
(2,6,1,3,5,4,0) : 5
(2,6,1,4,0,3,5) : 2
(2,6,1,4,3,0) : 1
(2,6,1,4,3,0,5) : 9
(2,6,1,4,3,5,0) : 6
(2,6,1,4,5,0,3) : 1
(2,6,1,4,5,3,0) : 2
(2,6,1,5) : 3
(2,6,1,5,0,3) : 1
(2,6,1,5,0,3,4) : 15
(2,6,1,5,0,4,3) : 3
(2,6,1,5,3,0,4) : 4
(2,6,1,5,3,4,0) : 3
(2,6,1,5,4,0,3) : 2
(2,6,1,5,4,3,0) : 6
(2,6,3) : 2
(2,6,3,0,1,4,5) : 6
(2,6,3,0,1,5,4) : 1
(2,6,3,0,4,1,5) : 1
(2,6,3,0,4,5,1) : 1
(2,6,3,0,5,1,4) : 1
(2,6,3,1) : 1
(2,6,3,1,0,4,5) : 10
(2,6,3,1,0,5,4) : 4
(2,6,3,1,4,0,5) : 2
(2,6,3,1,4,5,0) : 3
(2,6,3,1,5,0,4) : 5
(2,6,3,1,5,4,0) : 4
(2,6,3,4,0,5,1) : 1
(2,6,3,4,1,0,5) : 1
(2,6,3,4,1,5,0) : 1
(2,6,3,5,1,0,4) : 1
(2,6,3,5,1,4,0) : 1
(2,6,3,5,4,0,1) : 1
(2,6,4) : 2
(2,6,4,0,1,3,5) : 2
(2,6,4,0,3,1,5) : 1
(2,6,4,0,5,1,3) : 1
(2,6,4,0,5,3,1) : 1
(2,6,4,1,0,3,5) : 3
(2,6,4,1,0,5) : 1
(2,6,4,1,3,0,5) : 1
(2,6,4,1,3,5,0) : 1
(2,6,4,1,5,3,0) : 3
(2,6,4,3) : 1
(2,6,4,3,0,1,5) : 2
(2,6,4,3,1,0,5) : 8
(2,6,4,3,1,5,0) : 1
(2,6,4,3,5,1,0) : 1
(2,6,4,5,0,1,3) : 2
(2,6,4,5,1,0,3) : 1
(2,6,4,5,3,0,1) : 1
(2,6,4,5,3,1,0) : 2
(2,6,5) : 9
(2,6,5,0,1) : 1
(2,6,5,0,1,3) : 1
(2,6,5,0,1,3,4) : 16
(2,6,5,0,1,4,3) : 4
(2,6,5,0,3,1,4) : 1
(2,6,5,1) : 1
(2,6,5,1,0) : 1
(2,6,5,1,0,3,4) : 8
(2,6,5,1,0,4,3) : 4
(2,6,5,1,3,0,4) : 4
(2,6,5,1,3,4,0) : 3
(2,6,5,1,4,3,0) : 1
(2,6,5,3,0,1,4) : 1
(2,6,5,3,1,0,4) : 1
(2,6,5,3,1,4,0) : 2
(2,6,5,3,4,0,1) : 1
(2,6,5,4) : 1
(2,6,5,4,0,1,3) : 2
(2,6,5,4,1,0) : 1
(2,6,5,4,1,0,3) : 2
(2,6,5,4,1,3,0) : 1
(2,6,5,4,3) : 1
(2,6,5,4,3,0,1) : 1
(2,6,5,4,3,1,0) : 18
(3) : 390
(3,0) : 3
(3,0,1) : 1
(3,0,1,2,4,5,6) : 1
(3,0,1,4,5,6,2) : 1
(3,0,1,5,6,2,4) : 1
(3,0,1,6) : 1
(3,0,1,6,4,2,5) : 1
(3,0,2,1,4,5,6) : 2
(3,0,2,1,6,4,5) : 1
(3,0,2,4,1,5,6) : 1
(3,0,2,5,4,1,6) : 1
(3,0,2,5,6,4,1) : 1
(3,0,2,6,5,4,1) : 1
(3,0,5,1,6,4,2) : 1
(3,0,5,6,1,4,2) : 1
(3,0,6,1,4,2,5) : 1
(3,0,6,1,5,2,4) : 1
(3,0,6,4,1,2,5) : 1
(3,0,6,5,1,2,4) : 1
(3,0,6,5,4,1,2) : 1
(3,1,0,6,4,2,5) : 1
(3,1,2,0,4,5,6) : 1
(3,1,2,0,4,6,5) : 1
(3,1,2,4,0,5,6) : 1
(3,1,2,4,5,6,0) : 1
(3,1,2,6,0,5) : 1
(3,1,4,2,6,0,5) : 1
(3,1,4,6,5,2,0) : 1
(3,1,5,4,0,2,6) : 1
(3,1,5,6,4,2,0) : 1
(3,1,6) : 1
(3,1,6,0,4,5,2) : 1
(3,1,6,2,4,5,0) : 1
(3,1,6,4,0,2,5) : 2
(3,1,6,4,2,5,0) : 2
(3,1,6,5,0,2,4) : 1
(3,1,6,5,4,2,0) : 1
(3,2) : 13
(3,2,0) : 2
(3,2,0,1,4,5,6) : 1
(3,2,0,1,5,4,6) : 1
(3,2,0,1,6,4,5) : 1
(3,2,0,1,6,5,4) : 1
(3,2,0,4,1,5) : 1
(3,2,0,5,6,1,4) : 2
(3,2,1,0) : 1
(3,2,1,0,4,5) : 1
(3,2,1,0,4,5,6) : 3
(3,2,1,0,4,6,5) : 1
(3,2,1,5,6,0,4) : 2
(3,2,1,6,0,5,4) : 1
(3,2,1,6,5,4,0) : 1
(3,2,4,0,1,6,5) : 1
(3,2,4,1,6,0,5) : 1
(3,2,4,5,1,0,6) : 1
(3,2,4,5,6,0,1) : 1
(3,2,5,1,4,6,0) : 1
(3,2,5,4,6,1,0) : 1
(3,2,5,6,0,1,4) : 1
(3,2,6) : 1
(3,2,6,0,1,4,5) : 1
(3,2,6,0,1,5,4) : 1
(3,2,6,1) : 1
(3,2,6,1,0,5,4) : 1
(3,2,6,5,1,4,0) : 1
(3,4) : 1
(3,4,0,6,1,5,2) : 1
(3,4,1,0,2,5,6) : 1
(3,4,1,6,5,2,0) : 1
(3,4,2,1,5,0,6) : 1
(3,4,6,1,2,5,0) : 1
(3,5) : 6
(3,5,0,1,2,6,4) : 1
(3,5,0,1,6,4,2) : 1
(3,5,1,2,0,6) : 1
(3,5,1,4,2,6,0) : 1
(3,5,1,6,2,4,0) : 1
(3,5,1,6,4,0,2) : 2
(3,5,2,6,0,1,4) : 1
(3,5,2,6,0,4) : 1
(3,5,2,6,1,0,4) : 1
(3,5,4,1,6,2,0) : 1
(3,5,6) : 1
(3,5,6,0,1,2,4) : 1
(3,5,6,1,0,2,4) : 1
(3,5,6,1,2,4,0) : 1
(3,5,6,1,4,0,2) : 3
(3,5,6,1,4,2,0) : 1
(3,5,6,2,1,4,0) : 1
(3,6) : 8
(3,6,0,1,2) : 1
(3,6,0,1,2,4,5) : 1
(3,6,0,1,2,5,4) : 1
(3,6,0,1,5,2,4) : 1
(3,6,1,0,2,4,5) : 1
(3,6,1,0,2,5,4) : 3
(3,6,1,0,4,5,2) : 1
(3,6,1,0,5,2,4) : 2
(3,6,1,2,0,4) : 1
(3,6,1,4,0,2,5) : 1
(3,6,1,4,2,5,0) : 1
(3,6,1,4,5,2,0) : 3
(3,6,1,5,0,4,2) : 1
(3,6,1,5,4,2,0) : 1
(3,6,2,0,1,5,4) : 1
(3,6,2,1,0,4,5) : 1
(3,6,4,1,0,2,5) : 2
(3,6,4,1,2,0,5) : 1
(3,6,5,1,0,2,4) : 1
(3,6,5,2,4,1,0) : 1
(3,6,5,4,2,1,0) : 1
(4) : 587
(4,0) : 1
(4,0,1) : 1
(4,0,1,2,3,6,5) : 1
(4,0,1,2,5,3,6) : 1
(4,0,1,3,5,6,2) : 1
(4,0,1,3,6,2,5) : 1
(4,0,1,6,2,5,3) : 1
(4,0,1,6,5,2,3) : 1
(4,0,1,6,5,3,2) : 1
(4,0,2) : 2
(4,0,2,1,3,5,6) : 1
(4,0,2,1,6,5,3) : 1
(4,0,2,3,6,1) : 1
(4,0,2,5,6,1,3) : 1
(4,0,2,6,5,1,3) : 1
(4,0,5) : 1
(4,0,5,2,6,1,3) : 1
(4,0,6) : 3
(4,0,6,1,2,3,5) : 2
(4,0,6,1,5,3,2) : 1
(4,0,6,5,2,3,1) : 1
(4,1) : 1
(4,1,0,2,3,6) : 1
(4,1,0,3,2,6,5) : 1
(4,1,0,6,5,3,2) : 1
(4,1,2,0) : 1
(4,1,3,6,5,2,0) : 1
(4,1,5) : 1
(4,1,5,6,2,0,3) : 2
(4,1,6) : 1
(4,1,6,0,3,2,5) : 1
(4,1,6,0,3,5,2) : 2
(4,1,6,0,5,3,2) : 1
(4,1,6,2,0,5) : 1
(4,1,6,2,5,3,0) : 1
(4,1,6,3,0,2,5) : 1
(4,1,6,3,5,0,2) : 1
(4,1,6,5,2,3,0) : 1
(4,2) : 20
(4,2,0,1,3,5,6) : 1
(4,2,0,1,3,6,5) : 2
(4,2,0,1,6) : 1
(4,2,0,1,6,3,5) : 1
(4,2,0,1,6,5,3) : 1
(4,2,0,3,6,1,5) : 1
(4,2,0,5,3,1,6) : 1
(4,2,0,5,6,1,3) : 1
(4,2,0,6) : 1
(4,2,0,6,1,3,5) : 2
(4,2,0,6,1,5,3) : 1
(4,2,1,0,3,6,5) : 2
(4,2,1,3,5,6) : 1
(4,2,1,3,5,6,0) : 1
(4,2,1,6,3,0,5) : 1
(4,2,1,6,3,5,0) : 2
(4,2,1,6,5,0) : 1
(4,2,1,6,5,0,3) : 1
(4,2,3,1,6,5,0) : 1
(4,2,3,5,6,1,0) : 2
(4,2,3,6,1,0,5) : 1
(4,2,5) : 4
(4,2,5,1,6,0,3) : 1
(4,2,5,6,0,1,3) : 1
(4,2,5,6,1,0,3) : 1
(4,2,5,6,1,3,0) : 3
(4,2,5,6,3,1,0) : 1
(4,2,6) : 2
(4,2,6,0,3,1,5) : 1
(4,2,6,1,0,3,5) : 2
(4,2,6,1,0,5,3) : 1
(4,2,6,1,3,5,0) : 2
(4,2,6,1,5,3,0) : 1
(4,2,6,3,1,0,5) : 2
(4,2,6,3,5,1,0) : 1
(4,2,6,5,1,0,3) : 1
(4,2,6,5,3,1,0) : 3
(4,3) : 3
(4,3,0,5,2,1,6) : 1
(4,3,1) : 1
(4,3,1,6,5,2,0) : 1
(4,3,2,0,6,1,5) : 1
(4,3,2,1,0,6,5) : 1
(4,3,2,1,6,5,0) : 1
(4,3,2,6,1,0) : 1
(4,3,5,2,0,1,6) : 1
(4,3,6,1,0,2,5) : 1
(4,3,6,1,0,5,2) : 1
(4,3,6,1,2,5,0) : 1
(4,3,6,1,5,2,0) : 1
(4,3,6,5,1,2,0) : 1
(4,5) : 90
(4,5,0) : 2
(4,5,0,1,6,3,2) : 1
(4,5,0,2,1,6,3) : 1
(4,5,0,6,1,3,2) : 1
(4,5,1) : 4
(4,5,1,2,6,3,0) : 1
(4,5,1,3,6,2,0) : 3
(4,5,1,6,0,2,3) : 1
(4,5,1,6,0,3,2) : 1
(4,5,1,6,2) : 1
(4,5,1,6,2,3,0) : 6
(4,5,1,6,3,2,0) : 8
(4,5,2) : 3
(4,5,2,0,1,6,3) : 1
(4,5,2,1) : 1
(4,5,2,1,6,0,3) : 1
(4,5,2,1,6,3,0) : 2
(4,5,2,3,0,1,6) : 1
(4,5,2,3,6,1,0) : 2
(4,5,2,6) : 1
(4,5,2,6,0,1,3) : 1
(4,5,2,6,1,0,3) : 3
(4,5,2,6,1,3,0) : 10
(4,5,2,6,3,0,1) : 1
(4,5,2,6,3,1,0) : 1
(4,5,3) : 1
(4,5,3,0,6,2,1) : 1
(4,5,3,1,2,6,0) : 1
(4,5,3,1,6,2,0) : 1
(4,5,3,2,0) : 1
(4,5,3,2,1,6,0) : 1
(4,5,3,2,6,1,0) : 3
(4,5,3,6,0,1,2) : 1
(4,5,3,6,1,2,0) : 3
(4,5,3,6,2,1,0) : 2
(4,5,6) : 9
(4,5,6,0,1,2,3) : 3
(4,5,6,1) : 4
(4,5,6,1,0,2,3) : 2
(4,5,6,1,2,0,3) : 6
(4,5,6,1,2,3,0) : 14
(4,5,6,1,3,0,2) : 5
(4,5,6,1,3,2,0) : 26
(4,5,6,2) : 1
(4,5,6,2,0,1,3) : 1
(4,5,6,2,1) : 1
(4,5,6,2,1,0,3) : 2
(4,5,6,2,1,3,0) : 8
(4,5,6,2,3,1,0) : 4
(4,5,6,3,0,1,2) : 1
(4,5,6,3,1,0,2) : 1
(4,5,6,3,1,2,0) : 7
(4,5,6,3,2,1,0) : 2
(4,6) : 8
(4,6,1) : 5
(4,6,1,0,2,3,5) : 1
(4,6,1,0,3,2,5) : 2
(4,6,1,0,5,2,3) : 1
(4,6,1,2,3,0,5) : 1
(4,6,1,2,3,5,0) : 1
(4,6,1,2,5,0,3) : 1
(4,6,1,2,5,3,0) : 1
(4,6,1,3,2,5,0) : 5
(4,6,1,3,5,2,0) : 5
(4,6,1,5) : 1
(4,6,1,5,2,0,3) : 3
(4,6,1,5,2,3,0) : 1
(4,6,1,5,3,0,2) : 3
(4,6,1,5,3,2,0) : 4
(4,6,2) : 3
(4,6,2,0,1,3,5) : 1
(4,6,2,1,3,5,0) : 1
(4,6,2,1,5,0,3) : 1
(4,6,2,3,1,0,5) : 1
(4,6,2,3,1,5,0) : 1
(4,6,2,5,3,0,1) : 1
(4,6,2,5,3,1,0) : 1
(4,6,3,1,2,5,0) : 2
(4,6,5) : 1
(4,6,5,1,0,2,3) : 1
(4,6,5,1,2,0,3) : 1
(4,6,5,1,2,3,0) : 4
(4,6,5,1,3,2,0) : 4
(4,6,5,2) : 1
(4,6,5,2,0,1,3) : 1
(4,6,5,2,1,0,3) : 1
(4,6,5,2,3,1,0) : 2
(4,6,5,3,1,2,0) : 1
(4,6,5,3,2,1,0) : 1
(5) : 11892
(5,0) : 73
(5,0,1) : 1
(5,0,1,2) : 1
(5,0,1,2,3,4) : 1
(5,0,1,2,3,4,6) : 10
(5,0,1,2,3,6,4) : 4
(5,0,1,2,6,3,4) : 5
(5,0,1,2,6,4,3) : 1
(5,0,1,3,2,4,6) : 1
(5,0,1,3,2,6) : 1
(5,0,1,3,2,6,4) : 1
(5,0,1,3,4,6,2) : 7
(5,0,1,3,6,2,4) : 3
(5,0,1,3,6,4,2) : 2
(5,0,1,4) : 1
(5,0,1,4,2,6,3) : 1
(5,0,1,4,6,3,2) : 1
(5,0,1,6) : 1
(5,0,1,6,2,3,4) : 9
(5,0,1,6,2,4,3) : 2
(5,0,1,6,3,2,4) : 2
(5,0,1,6,3,4,2) : 9
(5,0,1,6,4,2,3) : 1
(5,0,1,6,4,3,2) : 7
(5,0,2) : 18
(5,0,2,1) : 1
(5,0,2,1,3,4,6) : 6
(5,0,2,1,3,6) : 1
(5,0,2,1,3,6,4) : 1
(5,0,2,1,4,6,3) : 1
(5,0,2,1,6,3,4) : 6
(5,0,2,1,6,4,3) : 3
(5,0,2,3,1,4,6) : 1
(5,0,2,3,1,6,4) : 1
(5,0,2,3,6,1,4) : 2
(5,0,2,4,1,6,3) : 1
(5,0,2,4,3,1,6) : 2
(5,0,2,4,6,1,3) : 1
(5,0,2,4,6,3,1) : 1
(5,0,2,6) : 1
(5,0,2,6,1,3,4) : 10
(5,0,2,6,1,4,3) : 6
(5,0,2,6,3,1,4) : 2
(5,0,2,6,4,3,1) : 2
(5,0,3) : 1
(5,0,3,2,1,4,6) : 1
(5,0,3,2,6,4,1) : 1
(5,0,3,6,1,2,4) : 2
(5,0,3,6,1,4,2) : 2
(5,0,3,6,4,1,2) : 1
(5,0,3,6,4,2,1) : 1
(5,0,4,2,1,6,3) : 1
(5,0,4,3,6,1,2) : 1
(5,0,4,6,1,3,2) : 1
(5,0,4,6,3,1,2) : 1
(5,0,6) : 5
(5,0,6,1) : 1
(5,0,6,1,2,3,4) : 11
(5,0,6,1,2,4,3) : 3
(5,0,6,1,3,2,4) : 7
(5,0,6,1,3,4,2) : 3
(5,0,6,1,4,2,3) : 1
(5,0,6,1,4,3,2) : 2
(5,0,6,2) : 2
(5,0,6,2,1,3,4) : 4
(5,0,6,2,1,4,3) : 3
(5,0,6,2,3,1,4) : 2
(5,0,6,3,1,2,4) : 4
(5,0,6,3,1,4,2) : 1
(5,0,6,3,2,1,4) : 1
(5,0,6,3,4,2,1) : 1
(5,0,6,4,1,2,3) : 1
(5,0,6,4,2,1,3) : 1
(5,1) : 25
(5,1,0,2,3,4,6) : 2
(5,1,0,2,3,6,4) : 1
(5,1,0,2,6,3,4) : 4
(5,1,0,3,2,4,6) : 2
(5,1,0,3,4,6,2) : 3
(5,1,0,4,2,3,6) : 1
(5,1,0,6) : 2
(5,1,0,6,2,3,4) : 2
(5,1,0,6,2,4,3) : 1
(5,1,0,6,3,2,4) : 2
(5,1,0,6,3,4,2) : 1
(5,1,0,6,4,3,2) : 2
(5,1,2,0,6,3,4) : 2
(5,1,2,0,6,4,3) : 2
(5,1,2,3,0,6,4) : 1
(5,1,2,3,4,6,0) : 1
(5,1,2,4,6,0,3) : 1
(5,1,2,4,6,3,0) : 1
(5,1,2,6,0,3,4) : 3
(5,1,2,6,0,4,3) : 1
(5,1,2,6,3,4,0) : 2
(5,1,2,6,4,3,0) : 1
(5,1,3,0,2,4,6) : 2
(5,1,3,0,6,2,4) : 1
(5,1,3,0,6,4,2) : 3
(5,1,3,2,4,0) : 1
(5,1,3,2,6,4,0) : 1
(5,1,3,4) : 1
(5,1,3,4,2) : 1
(5,1,3,4,6,0) : 1
(5,1,3,4,6,0,2) : 2
(5,1,3,4,6,2,0) : 1
(5,1,3,6,0,2,4) : 7
(5,1,3,6,2,0,4) : 2
(5,1,3,6,2,4,0) : 1
(5,1,3,6,4,0,2) : 6
(5,1,3,6,4,2) : 1
(5,1,3,6,4,2,0) : 1
(5,1,4) : 1
(5,1,4,0,6,3,2) : 1
(5,1,4,3,0,2,6) : 1
(5,1,4,3,6) : 1
(5,1,4,3,6,2,0) : 1
(5,1,4,6,2,0,3) : 1
(5,1,4,6,2,3,0) : 3
(5,1,4,6,3,0,2) : 2
(5,1,4,6,3,2,0) : 8
(5,1,6) : 9
(5,1,6,0) : 2
(5,1,6,0,2,3,4) : 7
(5,1,6,0,2,4,3) : 3
(5,1,6,0,3,2) : 1
(5,1,6,0,3,2,4) : 6
(5,1,6,0,3,4,2) : 9
(5,1,6,0,4,3,2) : 1
(5,1,6,2) : 1
(5,1,6,2,0,3,4) : 11
(5,1,6,2,0,4,3) : 3
(5,1,6,2,3,0,4) : 4
(5,1,6,2,3,4,0) : 6
(5,1,6,2,4,0,3) : 5
(5,1,6,2,4,3,0) : 1
(5,1,6,3) : 2
(5,1,6,3,0,2) : 2
(5,1,6,3,0,2,4) : 7
(5,1,6,3,0,4,2) : 3
(5,1,6,3,2,0) : 1
(5,1,6,3,2,0,4) : 7
(5,1,6,3,2,4,0) : 5
(5,1,6,3,4,0,2) : 27
(5,1,6,3,4,2,0) : 13
(5,1,6,4) : 1
(5,1,6,4,0,2,3) : 2
(5,1,6,4,0,3,2) : 2
(5,1,6,4,2,0,3) : 2
(5,1,6,4,2,3,0) : 5
(5,1,6,4,3,0) : 1
(5,1,6,4,3,0,2) : 29
(5,1,6,4,3,2,0) : 21
(5,2) : 128
(5,2,0) : 15
(5,2,0,1,3,4,6) : 14
(5,2,0,1,3,6,4) : 4
(5,2,0,1,4,6,3) : 1
(5,2,0,1,6,3,4) : 12
(5,2,0,1,6,4,3) : 7
(5,2,0,3,1,4,6) : 1
(5,2,0,3,4,1) : 1
(5,2,0,3,6,1,4) : 2
(5,2,0,4,1,6,3) : 2
(5,2,0,4,6,1,3) : 2
(5,2,0,4,6,3,1) : 1
(5,2,0,6,1,3,4) : 14
(5,2,0,6,1,4,3) : 3
(5,2,0,6,3,4,1) : 2
(5,2,0,6,4,1,3) : 1
(5,2,0,6,4,3,1) : 1
(5,2,1) : 4
(5,2,1,0,3,4,6) : 10
(5,2,1,0,3,6,4) : 1
(5,2,1,0,4,3,6) : 1
(5,2,1,0,4,6) : 1
(5,2,1,0,6,3,4) : 2
(5,2,1,0,6,4,3) : 4
(5,2,1,3,0,6,4) : 2
(5,2,1,3,4,0,6) : 1
(5,2,1,3,4,6,0) : 1
(5,2,1,3,6,0,4) : 2
(5,2,1,3,6,4,0) : 1
(5,2,1,4,0,6,3) : 1
(5,2,1,4,3,0,6) : 1
(5,2,1,4,6,3,0) : 2
(5,2,1,6) : 1
(5,2,1,6,0,3,4) : 11
(5,2,1,6,0,4,3) : 5
(5,2,1,6,3,0,4) : 5
(5,2,1,6,3,4) : 1
(5,2,1,6,3,4,0) : 7
(5,2,1,6,4,0,3) : 4
(5,2,1,6,4,3,0) : 3
(5,2,3) : 2
(5,2,3,0,1,4,6) : 1
(5,2,3,0,1,6,4) : 1
(5,2,3,0,6,1,4) : 1
(5,2,3,1,0,4,6) : 1
(5,2,3,1,4,6,0) : 1
(5,2,3,1,6,4,0) : 2
(5,2,3,4,0,6,1) : 2
(5,2,3,4,6,1,0) : 3
(5,2,3,6,1,0) : 1
(5,2,3,6,1,0,4) : 1
(5,2,3,6,1,4,0) : 2
(5,2,4) : 3
(5,2,4,0,3,6,1) : 1
(5,2,4,1,0,3,6) : 1
(5,2,4,1,6,3,0) : 3
(5,2,4,3,1,6) : 1
(5,2,4,3,1,6,0) : 1
(5,2,4,3,6,0) : 2
(5,2,4,3,6,0,1) : 1
(5,2,4,6,0,3,1) : 1
(5,2,4,6,1,0) : 1
(5,2,4,6,1,0,3) : 3
(5,2,4,6,1,3,0) : 1
(5,2,4,6,3,1,0) : 1
(5,2,6) : 11
(5,2,6,0,1,3,4) : 13
(5,2,6,0,1,4,3) : 4
(5,2,6,0,3,4,1) : 1
(5,2,6,0,4,3,1) : 1
(5,2,6,1) : 1
(5,2,6,1,0,3,4) : 19
(5,2,6,1,0,4,3) : 8
(5,2,6,1,3,0,4) : 2
(5,2,6,1,3,4) : 1
(5,2,6,1,3,4,0) : 7
(5,2,6,1,4,0,3) : 3
(5,2,6,1,4,3,0) : 3
(5,2,6,3,1,0,4) : 2
(5,2,6,3,1,4,0) : 1
(5,2,6,3,4,1,0) : 4
(5,2,6,4,0,3,1) : 1
(5,2,6,4,1,3,0) : 1
(5,2,6,4,3,0,1) : 2
(5,2,6,4,3,1,0) : 6
(5,3) : 22
(5,3,0,1,2,4,6) : 1
(5,3,0,1,2,6,4) : 1
(5,3,0,1,4,6) : 1
(5,3,0,1,4,6,2) : 1
(5,3,0,1,6,2,4) : 2
(5,3,0,2,1,6) : 1
(5,3,0,6,1,2,4) : 1
(5,3,0,6,1,4,2) : 2
(5,3,0,6,4,1,2) : 1
(5,3,1) : 2
(5,3,1,0,2,4,6) : 3
(5,3,1,0,6,2,4) : 1
(5,3,1,0,6,4,2) : 4
(5,3,1,2,0,4,6) : 1
(5,3,1,2,4,6) : 2
(5,3,1,4,0,2,6) : 1
(5,3,1,4,6,0,2) : 2
(5,3,1,4,6,2,0) : 1
(5,3,1,6,0,2) : 1
(5,3,1,6,0,4) : 1
(5,3,1,6,0,4,2) : 2
(5,3,1,6,2,0,4) : 1
(5,3,1,6,4,0,2) : 2
(5,3,1,6,4,2,0) : 4
(5,3,2) : 2
(5,3,2,0) : 1
(5,3,2,1,0,4,6) : 1
(5,3,2,1,0,6) : 1
(5,3,2,1,0,6,4) : 1
(5,3,2,1,4,0,6) : 1
(5,3,2,1,6,0,4) : 1
(5,3,2,1,6,4,0) : 2
(5,3,2,4,1,6,0) : 1
(5,3,2,4,6,1,0) : 1
(5,3,2,6,1,0,4) : 1
(5,3,2,6,1,4,0) : 2
(5,3,2,6,4,1,0) : 1
(5,3,4,1,6,0,2) : 2
(5,3,4,6,1,0,2) : 7
(5,3,4,6,1,2,0) : 4
(5,3,4,6,2,1,0) : 1
(5,3,6) : 1
(5,3,6,0,1,2) : 1
(5,3,6,0,1,2,4) : 1
(5,3,6,0,1,4,2) : 2
(5,3,6,1) : 1
(5,3,6,1,0) : 1
(5,3,6,1,0,2,4) : 5
(5,3,6,1,0,4,2) : 6
(5,3,6,1,2,0,4) : 4
(5,3,6,1,2,4,0) : 5
(5,3,6,1,4,0) : 1
(5,3,6,1,4,0,2) : 5
(5,3,6,1,4,2,0) : 4
(5,3,6,2,1,0,4) : 1
(5,3,6,4) : 1
(5,3,6,4,0,1,2) : 1
(5,3,6,4,1,0,2) : 4
(5,3,6,4,1,2,0) : 1
(5,3,6,4,2,1) : 1
(5,3,6,4,2,1,0) : 4
(5,4) : 367
(5,4,0) : 2
(5,4,0,1,2,3,6) : 2
(5,4,0,1,2,6,3) : 1
(5,4,0,1,3,2,6) : 1
(5,4,0,1,3,6,2) : 1
(5,4,0,1,6,2,3) : 1
(5,4,0,3,1,6,2) : 1
(5,4,0,6,1,3,2) : 2
(5,4,1) : 4
(5,4,1,0,2,3,6) : 2
(5,4,1,0,6,2,3) : 1
(5,4,1,0,6,3,2) : 1
(5,4,1,2,0,3,6) : 2
(5,4,1,2,3,0,6) : 1
(5,4,1,2,3,6,0) : 2
(5,4,1,2,6,0,3) : 2
(5,4,1,2,6,3,0) : 1
(5,4,1,3,0,2,6) : 1
(5,4,1,3,6,0,2) : 8
(5,4,1,3,6,2,0) : 1
(5,4,1,6,0,2,3) : 2
(5,4,1,6,0,3,2) : 7
(5,4,1,6,2,0,3) : 1
(5,4,1,6,2,3,0) : 3
(5,4,1,6,3,0,2) : 5
(5,4,1,6,3,2,0) : 18
(5,4,2) : 5
(5,4,2,0,1,3,6) : 1
(5,4,2,1,0,6) : 1
(5,4,2,1,6) : 1
(5,4,2,1,6,0) : 1
(5,4,2,1,6,3,0) : 6
(5,4,2,3,1,6,0) : 2
(5,4,2,6,0,1,3) : 1
(5,4,2,6,1,0,3) : 2
(5,4,2,6,1,3,0) : 7
(5,4,2,6,3,1,0) : 1
(5,4,3) : 2
(5,4,3,1,0,2,6) : 1
(5,4,3,1,2,0,6) : 2
(5,4,3,1,2,6,0) : 2
(5,4,3,1,6,0,2) : 6
(5,4,3,1,6,2,0) : 5
(5,4,3,2,1,0,6) : 1
(5,4,3,2,6,1,0) : 2
(5,4,3,6,0,1,2) : 2
(5,4,3,6,0,2,1) : 1
(5,4,3,6,1,0,2) : 9
(5,4,3,6,1,2,0) : 11
(5,4,3,6,2,1,0) : 3
(5,4,6) : 10
(5,4,6,0,1,2,3) : 2
(5,4,6,0,1,3,2) : 2
(5,4,6,1) : 4
(5,4,6,1,0,2) : 2
(5,4,6,1,0,2,3) : 7
(5,4,6,1,0,3,2) : 9
(5,4,6,1,2,0) : 1
(5,4,6,1,2,0,3) : 12
(5,4,6,1,2,3,0) : 18
(5,4,6,1,3,0,2) : 16
(5,4,6,1,3,2,0) : 45
(5,4,6,2,0,1,3) : 2
(5,4,6,2,1,0,3) : 9
(5,4,6,2,1,3,0) : 4
(5,4,6,2,3,1,0) : 3
(5,4,6,3,0,1,2) : 5
(5,4,6,3,1,0,2) : 11
(5,4,6,3,1,2,0) : 17
(5,4,6,3,2,1) : 1
(5,4,6,3,2,1,0) : 8
(5,6) : 121
(5,6,0) : 4
(5,6,0,1,2) : 1
(5,6,0,1,2,3) : 2
(5,6,0,1,2,3,4) : 14
(5,6,0,1,2,4,3) : 2
(5,6,0,1,3,2) : 1
(5,6,0,1,3,2,4) : 7
(5,6,0,1,3,4,2) : 12
(5,6,0,1,4,3,2) : 5
(5,6,0,2) : 1
(5,6,0,2,1,3,4) : 7
(5,6,0,2,1,4,3) : 2
(5,6,0,2,3,1,4) : 3
(5,6,0,3,1,2,4) : 2
(5,6,0,3,2,1,4) : 2
(5,6,0,4,1,2,3) : 1
(5,6,0,4,2,3,1) : 2
(5,6,0,4,3,1,2) : 1
(5,6,0,4,3,2,1) : 2
(5,6,1) : 45
(5,6,1,0) : 4
(5,6,1,0,2) : 1
(5,6,1,0,2,3,4) : 34
(5,6,1,0,2,4,3) : 5
(5,6,1,0,3,2) : 2
(5,6,1,0,3,2,4) : 17
(5,6,1,0,3,4,2) : 28
(5,6,1,0,4,2,3) : 6
(5,6,1,0,4,3,2) : 22
(5,6,1,2) : 2
(5,6,1,2,0) : 1
(5,6,1,2,0,3) : 1
(5,6,1,2,0,3,4) : 37
(5,6,1,2,0,4,3) : 14
(5,6,1,2,3,0,4) : 17
(5,6,1,2,3,4) : 1
(5,6,1,2,3,4,0) : 23
(5,6,1,2,4,0,3) : 9
(5,6,1,2,4,3,0) : 13
(5,6,1,3) : 2
(5,6,1,3,0,2) : 1
(5,6,1,3,0,2,4) : 22
(5,6,1,3,0,4) : 1
(5,6,1,3,0,4,2) : 23
(5,6,1,3,2,0) : 1
(5,6,1,3,2,0,4) : 14
(5,6,1,3,2,4,0) : 8
(5,6,1,3,4,0) : 1
(5,6,1,3,4,0,2) : 54
(5,6,1,3,4,2,0) : 46
(5,6,1,4) : 1
(5,6,1,4,0,2,3) : 7
(5,6,1,4,0,3,2) : 13
(5,6,1,4,2,0) : 1
(5,6,1,4,2,0,3) : 8
(5,6,1,4,2,3,0) : 9
(5,6,1,4,3,0,2) : 53
(5,6,1,4,3,2,0) : 45
(5,6,2) : 6
(5,6,2,0,1,3,4) : 7
(5,6,2,0,1,4,3) : 3
(5,6,2,0,3,1,4) : 1
(5,6,2,0,3,4) : 1
(5,6,2,0,3,4,1) : 1
(5,6,2,1) : 1
(5,6,2,1,0,3) : 1
(5,6,2,1,0,3,4) : 14
(5,6,2,1,0,4,3) : 5
(5,6,2,1,3,0,4) : 2
(5,6,2,1,3,4,0) : 4
(5,6,2,1,4,0,3) : 1
(5,6,2,1,4,3,0) : 3
(5,6,2,3,0,4,1) : 1
(5,6,2,3,1,4,0) : 1
(5,6,2,3,4,0,1) : 3
(5,6,2,3,4,1,0) : 1
(5,6,2,4,0,1,3) : 1
(5,6,2,4,0,3,1) : 1
(5,6,2,4,1,0,3) : 3
(5,6,2,4,1,3,0) : 3
(5,6,2,4,3,1,0) : 6
(5,6,3) : 3
(5,6,3,0,1,2,4) : 1
(5,6,3,0,1,4,2) : 1
(5,6,3,0,2,1,4) : 1
(5,6,3,0,2,4,1) : 1
(5,6,3,0,4,2,1) : 1
(5,6,3,1) : 2
(5,6,3,1,0,2,4) : 8
(5,6,3,1,0,4,2) : 7
(5,6,3,1,2,0,4) : 7
(5,6,3,1,2,4,0) : 1
(5,6,3,1,4,0,2) : 9
(5,6,3,1,4,2) : 2
(5,6,3,1,4,2,0) : 10
(5,6,3,2,1,0) : 1
(5,6,3,2,1,0,4) : 5
(5,6,3,2,1,4,0) : 3
(5,6,3,2,4) : 1
(5,6,3,2,4,1,0) : 2
(5,6,3,4,0,1,2) : 1
(5,6,3,4,1,0,2) : 5
(5,6,3,4,1,2,0) : 5
(5,6,3,4,2,0,1) : 1
(5,6,3,4,2,1,0) : 1
(5,6,4) : 5
(5,6,4,0,1,2,3) : 3
(5,6,4,0,1,3,2) : 5
(5,6,4,0,3,1,2) : 1
(5,6,4,1,0,2,3) : 6
(5,6,4,1,0,3,2) : 6
(5,6,4,1,2) : 1
(5,6,4,1,2,0) : 1
(5,6,4,1,2,0,3) : 6
(5,6,4,1,2,3,0) : 9
(5,6,4,1,3,0,2) : 15
(5,6,4,1,3,2,0) : 21
(5,6,4,2,1) : 1
(5,6,4,2,1,0,3) : 2
(5,6,4,2,1,3,0) : 5
(5,6,4,2,3,0,1) : 1
(5,6,4,2,3,1,0) : 1
(5,6,4,3,0,1,2) : 4
(5,6,4,3,1) : 1
(5,6,4,3,1,0,2) : 27
(5,6,4,3,1,2,0) : 10
(5,6,4,3,2,0,1) : 2
(5,6,4,3,2,1,0) : 17
(6) : 1690
(6,0) : 17
(6,0,1) : 6
(6,0,1,2) : 3
(6,0,1,2,3,4,5) : 8
(6,0,1,2,3,5,4) : 8
(6,0,1,2,4,3,5) : 1
(6,0,1,2,4,5,3) : 1
(6,0,1,2,5,3,4) : 12
(6,0,1,2,5,4,3) : 3
(6,0,1,3,2,4,5) : 2
(6,0,1,3,2,5,4) : 4
(6,0,1,3,4,2,5) : 8
(6,0,1,3,4,5,2) : 1
(6,0,1,4,2,3,5) : 1
(6,0,1,4,3,2,5) : 1
(6,0,1,4,3,5,2) : 1
(6,0,1,5,2,3,4) : 4
(6,0,1,5,2,4,3) : 1
(6,0,1,5,3,2,4) : 1
(6,0,1,5,4,3,2) : 1
(6,0,2) : 25
(6,0,2,1) : 3
(6,0,2,1,3,4,5) : 9
(6,0,2,1,3,5,4) : 11
(6,0,2,1,4,3,5) : 1
(6,0,2,1,4,5,3) : 2
(6,0,2,1,5,3,4) : 6
(6,0,2,1,5,4,3) : 5
(6,0,2,3) : 1
(6,0,2,3,1,4,5) : 3
(6,0,2,3,1,5,4) : 5
(6,0,2,3,4,1,5) : 1
(6,0,2,3,4,5,1) : 1
(6,0,2,3,5,1,4) : 3
(6,0,2,4,1,3,5) : 3
(6,0,2,4,3,1,5) : 1
(6,0,2,4,5,1,3) : 1
(6,0,2,5) : 1
(6,0,2,5,1,3,4) : 11
(6,0,2,5,1,4,3) : 2
(6,0,2,5,3,1,4) : 7
(6,0,2,5,3,4,1) : 1
(6,0,2,5,4,1,3) : 3
(6,0,3,1,2,4,5) : 2
(6,0,3,1,2,5,4) : 2
(6,0,3,1,4,2,5) : 2
(6,0,3,2,1,4,5) : 1
(6,0,3,5,2,1,4) : 2
(6,0,4) : 1
(6,0,4,1,2,5,3) : 1
(6,0,4,1,3,5,2) : 2
(6,0,4,1,5,2,3) : 1
(6,0,4,2,1,5,3) : 2
(6,0,4,5,2,3,1) : 1
(6,0,5) : 1
(6,0,5,1,2,3,4) : 2
(6,0,5,1,3,2,4) : 2
(6,0,5,1,4,2,3) : 1
(6,0,5,1,4,3,2) : 1
(6,0,5,2) : 3
(6,0,5,2,1,3,4) : 7
(6,0,5,2,3,1,4) : 1
(6,0,5,2,3,4,1) : 3
(6,0,5,2,4,3,1) : 1
(6,0,5,3,1,2,4) : 1
(6,1) : 49
(6,1,0) : 4
(6,1,0,2) : 6
(6,1,0,2,3,4,5) : 5
(6,1,0,2,3,5,4) : 7
(6,1,0,2,4,3,5) : 5
(6,1,0,2,4,5,3) : 3
(6,1,0,2,5) : 1
(6,1,0,2,5,3,4) : 8
(6,1,0,2,5,4,3) : 4
(6,1,0,3,2) : 1
(6,1,0,3,2,4,5) : 4
(6,1,0,3,2,5,4) : 7
(6,1,0,3,4,2,5) : 9
(6,1,0,3,4,5,2) : 6
(6,1,0,3,5,2,4) : 2
(6,1,0,3,5,4,2) : 2
(6,1,0,4,2,3,5) : 3
(6,1,0,4,3,2,5) : 1
(6,1,0,4,3,5,2) : 3
(6,1,0,5,2,3,4) : 10
(6,1,0,5,4,2,3) : 1
(6,1,0,5,4,3,2) : 3
(6,1,2) : 6
(6,1,2,0) : 1
(6,1,2,0,3,4,5) : 8
(6,1,2,0,3,5,4) : 5
(6,1,2,0,4) : 1
(6,1,2,0,4,3,5) : 1
(6,1,2,0,4,5,3) : 2
(6,1,2,0,5) : 1
(6,1,2,0,5,3,4) : 4
(6,1,2,0,5,4,3) : 4
(6,1,2,3,0,4,5) : 2
(6,1,2,3,0,5,4) : 5
(6,1,2,3,4,0,5) : 3
(6,1,2,3,4,5) : 1
(6,1,2,3,4,5,0) : 3
(6,1,2,3,5,0,4) : 1
(6,1,2,3,5,4,0) : 2
(6,1,2,4,5,3,0) : 1
(6,1,2,5,0,3,4) : 5
(6,1,2,5,0,4,3) : 1
(6,1,2,5,3,0,4) : 2
(6,1,2,5,3,4,0) : 3
(6,1,2,5,4,3,0) : 3
(6,1,3) : 3
(6,1,3,0) : 1
(6,1,3,0,2,5,4) : 6
(6,1,3,0,4,2,5) : 5
(6,1,3,0,4,5,2) : 2
(6,1,3,0,5,2,4) : 2
(6,1,3,0,5,4,2) : 2
(6,1,3,2) : 1
(6,1,3,2,0,4,5) : 1
(6,1,3,2,0,5,4) : 3
(6,1,3,2,4,5,0) : 4
(6,1,3,2,5,0,4) : 3
(6,1,3,2,5,4) : 1
(6,1,3,2,5,4,0) : 6
(6,1,3,4) : 1
(6,1,3,4,0,2,5) : 4
(6,1,3,4,0,5,2) : 1
(6,1,3,4,2,0,5) : 2
(6,1,3,4,2,5,0) : 2
(6,1,3,4,5,0,2) : 2
(6,1,3,4,5,2,0) : 3
(6,1,3,5,0,2,4) : 1
(6,1,3,5,2,0,4) : 5
(6,1,3,5,2,4,0) : 2
(6,1,3,5,4,0,2) : 2
(6,1,3,5,4,2,0) : 1
(6,1,4,0) : 2
(6,1,4,0,2,3,5) : 4
(6,1,4,0,3,2,5) : 4
(6,1,4,0,3,5,2) : 1
(6,1,4,2,0) : 1
(6,1,4,2,0,3,5) : 1
(6,1,4,2,3,0,5) : 1
(6,1,4,2,5,3,0) : 1
(6,1,4,3,0,2,5) : 1
(6,1,4,3,0,5,2) : 1
(6,1,4,3,2,0,5) : 1
(6,1,4,3,2,5,0) : 3
(6,1,4,3,5,0,2) : 1
(6,1,4,3,5,2,0) : 4
(6,1,4,5,3) : 1
(6,1,4,5,3,2,0) : 1
(6,1,5) : 6
(6,1,5,0,2,3,4) : 5
(6,1,5,0,3,2,4) : 1
(6,1,5,0,3,4,2) : 1
(6,1,5,0,4,3,2) : 2
(6,1,5,2,0,3,4) : 5
(6,1,5,2,0,4,3) : 3
(6,1,5,2,3,0,4) : 4
(6,1,5,2,3,4,0) : 3
(6,1,5,2,4,3,0) : 3
(6,1,5,3,0,4,2) : 1
(6,1,5,3,2,4,0) : 4
(6,1,5,3,4,0,2) : 2
(6,1,5,3,4,2) : 1
(6,1,5,3,4,2,0) : 4
(6,1,5,4) : 3
(6,1,5,4,0,2,3) : 1
(6,1,5,4,2,3,0) : 2
(6,1,5,4,3,2,0) : 2
(6,2) : 64
(6,2,0) : 18
(6,2,0,1) : 4
(6,2,0,1,3,4,5) : 15
(6,2,0,1,3,5,4) : 10
(6,2,0,1,4,3,5) : 2
(6,2,0,1,4,5) : 1
(6,2,0,1,5,3,4) : 5
(6,2,0,1,5,4,3) : 1
(6,2,0,3,1,4,5) : 3
(6,2,0,3,4,1,5) : 1
(6,2,0,3,4,5,1) : 1
(6,2,0,3,5,1,4) : 1
(6,2,0,4) : 1
(6,2,0,4,5,1,3) : 1
(6,2,0,5,1,3,4) : 6
(6,2,0,5,1,4,3) : 1
(6,2,0,5,3,1,4) : 2
(6,2,0,5,3,4,1) : 3
(6,2,0,5,4,3,1) : 1
(6,2,1) : 4
(6,2,1,0) : 2
(6,2,1,0,3,4,5) : 6
(6,2,1,0,3,5,4) : 5
(6,2,1,0,4,3,5) : 4
(6,2,1,0,4,5,3) : 1
(6,2,1,0,5,3,4) : 4
(6,2,1,0,5,4,3) : 3
(6,2,1,3,0,4,5) : 3
(6,2,1,3,0,5,4) : 4
(6,2,1,3,4,0,5) : 1
(6,2,1,3,4,5,0) : 1
(6,2,1,3,5,0,4) : 2
(6,2,1,4,0,5,3) : 1
(6,2,1,4,3,0,5) : 1
(6,2,1,4,5,3,0) : 2
(6,2,1,5) : 1
(6,2,1,5,0,3,4) : 3
(6,2,1,5,3) : 1
(6,2,1,5,3,0,4) : 1
(6,2,1,5,3,4,0) : 1
(6,2,1,5,4,3,0) : 2
(6,2,3,0,1,5,4) : 2
(6,2,3,1,0,4,5) : 2
(6,2,3,1,4,0,5) : 1
(6,2,3,1,5,4,0) : 1
(6,2,3,4,0,1,5) : 1
(6,2,3,4,1,0,5) : 1
(6,2,3,4,1,5,0) : 1
(6,2,3,5) : 1
(6,2,3,5,4,0,1) : 2
(6,2,4) : 2
(6,2,4,0,1,3,5) : 2
(6,2,4,1,0,5,3) : 1
(6,2,4,1,3,5,0) : 1
(6,2,4,3,0,1,5) : 1
(6,2,4,3,5,1,0) : 1
(6,2,4,5) : 1
(6,2,4,5,1,0,3) : 1
(6,2,4,5,1,3,0) : 2
(6,2,5) : 6
(6,2,5,0,1,3,4) : 6
(6,2,5,0,1,4,3) : 1
(6,2,5,0,3,1,4) : 1
(6,2,5,0,3,4,1) : 1
(6,2,5,0,4,1,3) : 1
(6,2,5,0,4,3,1) : 1
(6,2,5,1,0,3,4) : 5
(6,2,5,1,0,4,3) : 1
(6,2,5,1,3,0,4) : 2
(6,2,5,1,4,3,0) : 3
(6,2,5,4,1,0,3) : 2
(6,2,5,4,3,1,0) : 2
(6,3) : 4
(6,3,0) : 1
(6,3,0,1,2,4,5) : 1
(6,3,0,2,1,5,4) : 3
(6,3,1) : 1
(6,3,1,0,2,5,4) : 1
(6,3,1,0,4,2,5) : 1
(6,3,1,0,5,2,4) : 1
(6,3,1,0,5,4,2) : 2
(6,3,1,2,0,4,5) : 2
(6,3,1,2,4,5,0) : 1
(6,3,1,2,5,4,0) : 1
(6,3,1,4,0,2,5) : 1
(6,3,1,4,5,2,0) : 5
(6,3,1,5,0,4,2) : 1
(6,3,1,5,4,2,0) : 2
(6,3,2,0,5,1,4) : 2
(6,3,2,1,0,4,5) : 1
(6,3,2,1,5,4,0) : 2
(6,3,2,4,0,5) : 1
(6,3,4,1,0,2,5) : 1
(6,3,4,1,5,0,2) : 1
(6,3,5) : 1
(6,3,5,1,0,2,4) : 2
(6,4) : 5
(6,4,0,2,1,3,5) : 2
(6,4,1) : 1
(6,4,1,0,2,3,5) : 1
(6,4,1,0,2,5,3) : 1
(6,4,1,0,3,2,5) : 1
(6,4,1,0,5,2,3) : 1
(6,4,1,2,0,3,5) : 1
(6,4,1,2,3,0,5) : 1
(6,4,1,2,3,5,0) : 1
(6,4,1,2,5,0,3) : 1
(6,4,1,3,0,5,2) : 1
(6,4,1,3,2,5,0) : 2
(6,4,1,3,5,2,0) : 3
(6,4,1,5,0,3,2) : 1
(6,4,1,5,2,3,0) : 1
(6,4,1,5,3,2,0) : 1
(6,4,2) : 1
(6,4,2,1,0,3,5) : 2
(6,4,2,1,3,5,0) : 1
(6,4,2,1,5,3,0) : 1
(6,4,2,3,1,5,0) : 1
(6,4,2,5,1,3,0) : 1
(6,4,3,0,1,2,5) : 1
(6,4,3,1,0,2,5) : 1
(6,4,3,1,5,0) : 1
(6,4,3,1,5,2,0) : 1
(6,4,3,2,5,1,0) : 1
(6,4,3,5,2,1,0) : 2
(6,4,5) : 4
(6,4,5,0,1,2,3) : 1
(6,4,5,1,2,0) : 1
(6,4,5,1,2,0,3) : 1
(6,4,5,1,2,3,0) : 3
(6,4,5,1,3,0,2) : 1
(6,4,5,1,3,2,0) : 1
(6,4,5,2,0,1,3) : 1
(6,4,5,2,3,0,1) : 2
(6,4,5,3) : 1
(6,4,5,3,1,0,2) : 3
(6,5) : 35
(6,5,0) : 2
(6,5,0,1,2,3,4) : 9
(6,5,0,1,4,3,2) : 2
(6,5,0,2,1,3) : 1
(6,5,0,2,1,3,4) : 1
(6,5,0,2,1,4,3) : 1
(6,5,0,2,4,1,3) : 2
(6,5,0,3,1,2,4) : 1
(6,5,0,3,1,4,2) : 1
(6,5,0,3,4,2,1) : 1
(6,5,0,4) : 1
(6,5,0,4,2,1,3) : 1
(6,5,1) : 4
(6,5,1,0,2,3,4) : 9
(6,5,1,0,2,4,3) : 1
(6,5,1,0,3,2,4) : 2
(6,5,1,0,3,4,2) : 4
(6,5,1,0,4,2,3) : 1
(6,5,1,2,0,3,4) : 5
(6,5,1,2,0,4,3) : 1
(6,5,1,2,3,0,4) : 3
(6,5,1,2,4,0,3) : 1
(6,5,1,2,4,3,0) : 2
(6,5,1,3,0,2,4) : 2
(6,5,1,3,0,4,2) : 1
(6,5,1,3,2,0,4) : 2
(6,5,1,3,2,4,0) : 1
(6,5,1,3,4,2,0) : 2
(6,5,1,4,0,2,3) : 3
(6,5,1,4,0,3,2) : 1
(6,5,1,4,2,0,3) : 1
(6,5,1,4,2,3,0) : 1
(6,5,1,4,3,0,2) : 2
(6,5,1,4,3,2,0) : 3
(6,5,2) : 3
(6,5,2,0) : 1
(6,5,2,0,1,3,4) : 4
(6,5,2,0,1,4,3) : 2
(6,5,2,0,3,1,4) : 1
(6,5,2,0,4,3,1) : 1
(6,5,2,1) : 1
(6,5,2,1,0,3,4) : 7
(6,5,2,1,0,4,3) : 2
(6,5,2,1,3) : 1
(6,5,2,1,3,0,4) : 3
(6,5,2,1,3,4,0) : 2
(6,5,2,1,4,0,3) : 2
(6,5,2,3,1,0,4) : 3
(6,5,2,3,4,1,0) : 3
(6,5,2,4,3,1,0) : 1
(6,5,3,0,1,4,2) : 2
(6,5,3,0,2,4,1) : 1
(6,5,3,1,2,0,4) : 2
(6,5,3,1,2,4,0) : 1
(6,5,3,1,4,0,2) : 1
(6,5,3,1,4,2,0) : 1
(6,5,3,2,0,1) : 1
(6,5,3,2,0,4,1) : 1
(6,5,3,2,1,0) : 1
(6,5,3,2,1,4,0) : 2
(6,5,3,4,1,0,2) : 1
(6,5,3,4,2,1,0) : 2
(6,5,4) : 4
(6,5,4,0,1,2,3) : 2
(6,5,4,0,2,1) : 1
(6,5,4,0,3,2,1) : 1
(6,5,4,1,2) : 1
(6,5,4,1,2,0,3) : 1
(6,5,4,1,2,3,0) : 2
(6,5,4,1,3,0,2) : 1
(6,5,4,1,3,2,0) : 3
(6,5,4,2,1,0,3) : 2
(6,5,4,2,1,3,0) : 4
(6,5,4,2,3,1,0) : 1
(6,5,4,3,1,0,2) : 1
(6,5,4,3,1,2,0) : 2
(6,5,4,3,2,0,1) : 1
(6,5,4,3,2,1,0) : 16
