0, 1, 2, 3, 4
GRN,LIB,NLT,CDP,LAB
-+-+-+-+-
() : 212
(0) : 1397
(0,1) : 38
(0,1,2) : 5
(0,1,2,3) : 11
(0,1,2,3,4) : 166
(0,1,2,4) : 1
(0,1,2,4,3) : 16
(0,1,3) : 1
(0,1,3,2) : 1
(0,1,3,2,4) : 12
(0,1,3,4,2) : 6
(0,1,4) : 9
(0,1,4,2,3) : 40
(0,1,4,3,2) : 17
(0,2) : 31
(0,2,1) : 2
(0,2,1,3,4) : 37
(0,2,1,4) : 1
(0,2,1,4,3) : 14
(0,2,3,1,4) : 17
(0,2,3,4,1) : 31
(0,2,4) : 6
(0,2,4,1,3) : 30
(0,2,4,3,1) : 18
(0,3) : 9
(0,3,1) : 2
(0,3,1,2,4) : 6
(0,3,1,4,2) : 5
(0,3,2,1,4) : 14
(0,3,2,4) : 1
(0,3,2,4,1) : 8
(0,3,4) : 3
(0,3,4,1,2) : 5
(0,3,4,2,1) : 10
(0,4) : 161
(0,4,1) : 11
(0,4,1,2,3) : 92
(0,4,1,3,2) : 25
(0,4,2) : 6
(0,4,2,1,3) : 70
(0,4,2,3,1) : 68
(0,4,3) : 4
(0,4,3,1,2) : 11
(0,4,3,2,1) : 47
(1) : 9886
(1,0) : 81
(1,0,2) : 7
(1,0,2,3) : 5
(1,0,2,3,4) : 330
(1,0,2,4) : 3
(1,0,2,4,3) : 61
(1,0,3) : 2
(1,0,3,2) : 1
(1,0,3,2,4) : 48
(1,0,3,4,2) : 17
(1,0,4) : 5
(1,0,4,2,3) : 80
(1,0,4,3,2) : 50
(1,2) : 93
(1,2,0) : 2
(1,2,0,3,4) : 137
(1,2,0,4,3) : 46
(1,2,3) : 10
(1,2,3,0) : 3
(1,2,3,0,4) : 146
(1,2,3,4) : 2
(1,2,3,4,0) : 151
(1,2,4) : 9
(1,2,4,0,3) : 50
(1,2,4,3) : 3
(1,2,4,3,0) : 38
(1,3) : 302
(1,3,0) : 4
(1,3,0,2) : 1
(1,3,0,2,4) : 39
(1,3,0,4) : 3
(1,3,0,4,2) : 26
(1,3,2) : 9
(1,3,2,0,4) : 131
(1,3,2,4) : 2
(1,3,2,4,0) : 130
(1,3,4) : 8
(1,3,4,0) : 5
(1,3,4,0,2) : 59
(1,3,4,2) : 1
(1,3,4,2,0) : 91
(1,4) : 404
(1,4,0) : 25
(1,4,0,2) : 1
(1,4,0,2,3) : 301
(1,4,0,3) : 2
(1,4,0,3,2) : 77
(1,4,2) : 7
(1,4,2,0) : 4
(1,4,2,0,3) : 120
(1,4,2,3) : 1
(1,4,2,3,0) : 116
(1,4,3) : 8
(1,4,3,0) : 5
(1,4,3,0,2) : 95
(1,4,3,2) : 2
(1,4,3,2,0) : 225
(2) : 771
(2,0) : 17
(2,0,1,3,4) : 21
(2,0,1,4) : 1
(2,0,1,4,3) : 12
(2,0,3) : 2
(2,0,3,1,4) : 9
(2,0,3,4,1) : 20
(2,0,4) : 1
(2,0,4,1,3) : 19
(2,0,4,3,1) : 10
(2,1) : 23
(2,1,0,3) : 1
(2,1,0,3,4) : 32
(2,1,0,4,3) : 11
(2,1,3,0,4) : 6
(2,1,3,4,0) : 8
(2,1,4) : 4
(2,1,4,0,3) : 18
(2,1,4,3,0) : 8
(2,3) : 11
(2,3,0,1,4) : 7
(2,3,0,4,1) : 6
(2,3,1) : 2
(2,3,1,0,4) : 14
(2,3,1,4,0) : 8
(2,3,4) : 1
(2,3,4,0) : 1
(2,3,4,0,1) : 8
(2,3,4,1) : 1
(2,3,4,1,0) : 9
(2,4) : 44
(2,4,0) : 3
(2,4,0,1) : 1
(2,4,0,1,3) : 18
(2,4,0,3) : 1
(2,4,0,3,1) : 28
(2,4,1) : 8
(2,4,1,0,3) : 23
(2,4,1,3,0) : 15
(2,4,3,0) : 1
(2,4,3,0,1) : 11
(2,4,3,1) : 1
(2,4,3,1,0) : 17
(3) : 1159
(3,0) : 16
(3,0,1,2,4) : 10
(3,0,1,4,2) : 6
(3,0,2) : 5
(3,0,2,1,4) : 8
(3,0,2,4,1) : 12
(3,0,4,1,2) : 4
(3,0,4,2,1) : 6
(3,1) : 128
(3,1,0,2,4) : 23
(3,1,0,4,2) : 7
(3,1,2) : 1
(3,1,2,0) : 2
(3,1,2,0,4) : 27
(3,1,2,4,0) : 72
(3,1,4) : 11
(3,1,4,0) : 1
(3,1,4,0,2) : 23
(3,1,4,2) : 3
(3,1,4,2,0) : 70
(3,2) : 9
(3,2,0) : 4
(3,2,0,1,4) : 13
(3,2,0,4,1) : 7
(3,2,1,0,4) : 23
(3,2,1,4,0) : 13
(3,2,4,0) : 1
(3,2,4,0,1) : 4
(3,2,4,1) : 1
(3,2,4,1,0) : 23
(3,4) : 84
(3,4,0) : 3
(3,4,0,1,2) : 12
(3,4,0,2,1) : 18
(3,4,1) : 8
(3,4,1,0) : 1
(3,4,1,0,2) : 36
(3,4,1,2) : 4
(3,4,1,2,0) : 37
(3,4,2) : 1
(3,4,2,0,1) : 22
(3,4,2,1,0) : 39
(4) : 18508
(4,0) : 2112
(4,0,1) : 58
(4,0,1,2) : 6
(4,0,1,2,3) : 771
(4,0,1,3,2) : 146
(4,0,2) : 60
(4,0,2,1) : 9
(4,0,2,1,3) : 357
(4,0,2,3) : 14
(4,0,2,3,1) : 767
(4,0,3) : 19
(4,0,3,1,2) : 95
(4,0,3,2) : 6
(4,0,3,2,1) : 531
(4,1) : 667
(4,1,0) : 50
(4,1,0,2) : 7
(4,1,0,2,3) : 800
(4,1,0,3) : 1
(4,1,0,3,2) : 180
(4,1,2) : 22
(4,1,2,0) : 9
(4,1,2,0,3) : 240
(4,1,2,3) : 2
(4,1,2,3,0) : 314
(4,1,3) : 6
(4,1,3,0) : 1
(4,1,3,0,2) : 58
(4,1,3,2) : 1
(4,1,3,2,0) : 147
(4,2) : 219
(4,2,0) : 33
(4,2,0,1) : 2
(4,2,0,1,3) : 213
(4,2,0,3) : 5
(4,2,0,3,1) : 280
(4,2,1) : 8
(4,2,1,0) : 4
(4,2,1,0,3) : 134
(4,2,1,3,0) : 66
(4,2,3) : 11
(4,2,3,0) : 1
(4,2,3,0,1) : 205
(4,2,3,1) : 7
(4,2,3,1,0) : 165
(4,3) : 139
(4,3,0) : 5
(4,3,0,1) : 2
(4,3,0,1,2) : 76
(4,3,0,2,1) : 161
(4,3,1) : 11
(4,3,1,0,2) : 46
(4,3,1,2) : 3
(4,3,1,2,0) : 92
(4,3,2) : 15
(4,3,2,0) : 5
(4,3,2,0,1) : 277
(4,3,2,1) : 5
(4,3,2,1,0) : 412
