0, 1, 2, 3, 4, 5, 6
NLT,LIB,CDP,IND,ACP,LAB,GRN
-+-+-+-+-
() : 413
(0) : 1470
(0,1) : 26
(0,1,2) : 9
(0,1,2,3) : 4
(0,1,2,3,4) : 2
(0,1,2,3,4,5) : 9
(0,1,2,3,4,5,6) : 181
(0,1,2,3,4,6,5) : 5
(0,1,2,3,5,4,6) : 2
(0,1,2,4,3,6,5) : 1
(0,1,2,5,4,3,6) : 3
(0,1,2,6,3,4,5) : 1
(0,1,2,6,4,3,5) : 2
(0,1,3) : 1
(0,1,3,2,4,5,6) : 3
(0,1,3,2,4,6,5) : 5
(0,1,3,2,5,4,6) : 1
(0,1,3,2,5,6,4) : 1
(0,1,3,2,6,5,4) : 1
(0,1,3,4,2,5,6) : 8
(0,1,3,4,2,6,5) : 1
(0,1,3,4,5,6,2) : 1
(0,1,3,4,6,5,2) : 3
(0,1,3,5,2,4,6) : 2
(0,1,3,5,4,6,2) : 2
(0,1,3,5,6,2) : 1
(0,1,3,5,6,4,2) : 4
(0,1,3,6,2) : 1
(0,1,3,6,4,2,5) : 1
(0,1,3,6,5,4,2) : 2
(0,1,4,2,3,5,6) : 2
(0,1,4,2,3,6,5) : 2
(0,1,4,3,2,5,6) : 1
(0,1,4,3,2,6,5) : 1
(0,1,4,3,5,6) : 1
(0,1,4,5) : 1
(0,1,4,6,3,2,5) : 1
(0,1,4,6,3,5,2) : 1
(0,1,5) : 1
(0,1,5,3,4,2,6) : 2
(0,1,5,3,6,4,2) : 3
(0,1,5,4,6,3,2) : 1
(0,1,5,6,2,3,4) : 1
(0,1,5,6,3) : 1
(0,1,5,6,3,2,4) : 1
(0,1,5,6,3,4,2) : 1
(0,1,5,6,4,3,2) : 1
(0,1,6) : 1
(0,1,6,2,3,5,4) : 1
(0,1,6,3,2,4,5) : 1
(0,1,6,5,3,2,4) : 1
(0,1,6,5,4,2,3) : 1
(0,1,6,5,4,3,2) : 1
(0,2) : 4
(0,2,1) : 3
(0,2,1,3) : 1
(0,2,1,3,4,5,6) : 13
(0,2,1,3,4,6,5) : 2
(0,2,1,3,5,4,6) : 2
(0,2,1,3,6,4,5) : 2
(0,2,1,4,3) : 1
(0,2,1,4,3,5,6) : 4
(0,2,1,4,3,6,5) : 2
(0,2,1,4,6,5,3) : 1
(0,2,1,5,4,3,6) : 1
(0,2,1,6,3,4) : 1
(0,2,3,1,4,5,6) : 1
(0,2,3,1,4,6,5) : 3
(0,2,3,1,5,6,4) : 2
(0,2,3,1,6,4,5) : 2
(0,2,3,4,1,5,6) : 1
(0,2,3,4,5,1,6) : 1
(0,2,3,4,5,6,1) : 2
(0,2,4) : 1
(0,2,4,1,3,5,6) : 1
(0,2,4,3,1,5,6) : 3
(0,2,4,3,1,6,5) : 1
(0,2,4,5,6) : 1
(0,2,4,5,6,3,1) : 1
(0,2,4,6,1,3,5) : 1
(0,2,4,6,5,1,3) : 2
(0,2,4,6,5,3,1) : 2
(0,2,5) : 2
(0,2,5,3,1,4,6) : 1
(0,2,5,6,3,1,4) : 1
(0,2,6,3,4,5,1) : 1
(0,3) : 16
(0,3,1,2,4,5,6) : 8
(0,3,1,2,4,6,5) : 3
(0,3,1,2,5,4,6) : 1
(0,3,1,2,5,6) : 1
(0,3,1,2,6,5,4) : 1
(0,3,1,4,2,5,6) : 1
(0,3,1,4,6,5,2) : 1
(0,3,1,5,2,4,6) : 1
(0,3,1,5,6,2,4) : 1
(0,3,1,5,6,4) : 1
(0,3,1,5,6,4,2) : 2
(0,3,1,6,4,2,5) : 1
(0,3,1,6,5,4,2) : 1
(0,3,2,1) : 1
(0,3,2,1,4) : 1
(0,3,2,1,4,5,6) : 2
(0,3,2,1,4,6,5) : 2
(0,3,2,1,5,4,6) : 1
(0,3,2,1,5,6,4) : 1
(0,3,2,4,1,5,6) : 1
(0,3,2,5,1,4,6) : 1
(0,3,2,6,4,5,1) : 2
(0,3,4,1,2,6,5) : 2
(0,3,4,1,5,6,2) : 1
(0,3,4,2,1,5,6) : 1
(0,3,4,2,5,6,1) : 1
(0,3,4,2,6,5,1) : 2
(0,3,4,5,6,1,2) : 2
(0,3,4,5,6,2,1) : 4
(0,3,4,6,1,2,5) : 2
(0,3,4,6,2,1,5) : 2
(0,3,4,6,5,2,1) : 1
(0,3,5,1) : 1
(0,3,5,1,2,4,6) : 1
(0,3,5,2,1,6) : 1
(0,3,5,4,2,6,1) : 1
(0,3,5,4,6,2,1) : 1
(0,3,5,6,1,4,2) : 1
(0,3,5,6,2,1,4) : 1
(0,3,5,6,4,2,1) : 4
(0,3,6) : 1
(0,3,6,1,5,2,4) : 1
(0,3,6,2,4,5,1) : 1
(0,3,6,4,2,5,1) : 2
(0,3,6,5,1,2,4) : 2
(0,3,6,5,2,1,4) : 1
(0,3,6,5,4,1,2) : 1
(0,3,6,5,4,2,1) : 1
(0,4) : 4
(0,4,1) : 1
(0,4,1,2,3,6,5) : 1
(0,4,1,2,5,3,6) : 1
(0,4,1,5,6,3,2) : 1
(0,4,2,1,3,6,5) : 1
(0,4,2,3,5,1,6) : 1
(0,4,2,5,3,1,6) : 1
(0,4,3,1,2,5,6) : 1
(0,4,3,1,5,2,6) : 1
(0,4,3,2,5,1,6) : 1
(0,4,3,6,1,5,2) : 1
(0,4,5,1,2,3,6) : 2
(0,4,5,3,1,2,6) : 2
(0,4,5,6,2,3) : 1
(0,4,5,6,3,2,1) : 2
(0,4,6) : 1
(0,4,6,1,2,3,5) : 1
(0,4,6,2,3,5,1) : 1
(0,4,6,2,5,1,3) : 1
(0,4,6,3,2,1,5) : 1
(0,4,6,3,2,5,1) : 1
(0,4,6,5,3,2,1) : 1
(0,5) : 58
(0,5,1) : 2
(0,5,1,2,3,4) : 1
(0,5,1,2,3,4,6) : 2
(0,5,1,3,6,2,4) : 1
(0,5,1,6,2,3,4) : 1
(0,5,1,6,2,4,3) : 1
(0,5,2) : 2
(0,5,2,1,3,4,6) : 2
(0,5,2,1,4,3,6) : 1
(0,5,2,3,1,4,6) : 1
(0,5,2,3,4,6,1) : 2
(0,5,2,3,6,4,1) : 1
(0,5,3,1,2,4,6) : 2
(0,5,3,1,4,2,6) : 1
(0,5,3,2,1,6,4) : 1
(0,5,3,2,4,1,6) : 1
(0,5,3,2,6,4,1) : 1
(0,5,3,4,2,1,6) : 1
(0,5,3,4,2,6,1) : 3
(0,5,3,4,6,2,1) : 1
(0,5,3,6,1,2,4) : 4
(0,5,3,6,1,4,2) : 2
(0,5,3,6,2,1,4) : 2
(0,5,3,6,2,4,1) : 1
(0,5,3,6,4,1,2) : 1
(0,5,3,6,4,2,1) : 2
(0,5,4) : 1
(0,5,4,1,2,3,6) : 2
(0,5,4,1,3,2,6) : 1
(0,5,4,2,1,6,3) : 1
(0,5,4,3,1,2,6) : 1
(0,5,4,3,1,6,2) : 1
(0,5,4,3,2,6,1) : 2
(0,5,4,3,6,1,2) : 1
(0,5,4,6,2,3,1) : 1
(0,5,4,6,3,2,1) : 3
(0,5,6) : 3
(0,5,6,1,2) : 1
(0,5,6,1,2,3,4) : 4
(0,5,6,1,2,4,3) : 2
(0,5,6,1,3,2,4) : 3
(0,5,6,2,3,4,1) : 5
(0,5,6,3) : 1
(0,5,6,3,1,2,4) : 3
(0,5,6,3,1,4,2) : 1
(0,5,6,3,2,1) : 1
(0,5,6,3,2,4,1) : 1
(0,5,6,3,4,2,1) : 6
(0,5,6,4,1,3,2) : 4
(0,5,6,4,2,1,3) : 1
(0,5,6,4,3,1,2) : 3
(0,5,6,4,3,2,1) : 17
(0,6) : 15
(0,6,1) : 1
(0,6,1,2,3,4,5) : 2
(0,6,1,3,4,2,5) : 1
(0,6,1,3,5,4,2) : 1
(0,6,1,4,5,2,3) : 1
(0,6,1,5,2,3,4) : 1
(0,6,1,5,2,4,3) : 1
(0,6,1,5,3,2,4) : 1
(0,6,1,5,4,3,2) : 1
(0,6,2,1,3,4,5) : 1
(0,6,2,3,1,5,4) : 1
(0,6,2,3,4,5,1) : 1
(0,6,2,4,1,5,3) : 1
(0,6,2,5,3,4,1) : 1
(0,6,3) : 3
(0,6,3,1,4,5,2) : 1
(0,6,3,1,5,4,2) : 1
(0,6,3,2,4,1,5) : 1
(0,6,3,4,2,1,5) : 2
(0,6,3,5,1,2,4) : 1
(0,6,3,5,4,2,1) : 1
(0,6,4,2,1,3,5) : 1
(0,6,4,3,1,2,5) : 1
(0,6,4,3,2,1,5) : 1
(0,6,4,3,2,5,1) : 1
(0,6,4,3,5,1,2) : 1
(0,6,5) : 2
(0,6,5,1,2) : 1
(0,6,5,1,2,4,3) : 1
(0,6,5,1,4) : 1
(0,6,5,1,4,3,2) : 1
(0,6,5,3,1,2,4) : 1
(0,6,5,3,2,1,4) : 1
(0,6,5,3,2,4,1) : 2
(0,6,5,3,4,2,1) : 2
(0,6,5,4,2,1,3) : 1
(0,6,5,4,3,2,1) : 4
(1) : 6602
(1,0) : 44
(1,0,2) : 2
(1,0,2,3,4) : 1
(1,0,2,3,4,5) : 1
(1,0,2,3,4,5,6) : 59
(1,0,2,3,4,6,5) : 30
(1,0,2,3,5,4) : 1
(1,0,2,3,5,4,6) : 4
(1,0,2,3,5,6,4) : 2
(1,0,2,3,6,4,5) : 3
(1,0,2,3,6,5,4) : 1
(1,0,2,4,3,5,6) : 5
(1,0,2,4,3,6,5) : 4
(1,0,2,4,5,3,6) : 3
(1,0,2,4,5,6,3) : 1
(1,0,2,4,6,3,5) : 3
(1,0,2,4,6,5) : 1
(1,0,2,4,6,5,3) : 1
(1,0,2,5,4,3,6) : 2
(1,0,2,5,4,6,3) : 1
(1,0,2,5,6,4,3) : 3
(1,0,2,6) : 1
(1,0,2,6,3,4,5) : 3
(1,0,2,6,4,3,5) : 2
(1,0,2,6,5,4,3) : 1
(1,0,3) : 7
(1,0,3,2,4,5,6) : 13
(1,0,3,2,4,6,5) : 18
(1,0,3,2,5) : 1
(1,0,3,2,5,4,6) : 3
(1,0,3,2,5,6,4) : 2
(1,0,3,2,6,4,5) : 1
(1,0,3,2,6,5,4) : 1
(1,0,3,4,2,5,6) : 9
(1,0,3,4,2,6,5) : 9
(1,0,3,4,5,2,6) : 1
(1,0,3,4,5,6,2) : 2
(1,0,3,4,6,2,5) : 2
(1,0,3,4,6,5,2) : 3
(1,0,3,5,2,4) : 1
(1,0,3,5,2,4,6) : 4
(1,0,3,5,2,6,4) : 1
(1,0,3,5,4,2,6) : 3
(1,0,3,5,6,2) : 1
(1,0,3,5,6,2,4) : 1
(1,0,3,5,6,4,2) : 7
(1,0,3,6,2,4,5) : 8
(1,0,3,6,2,5,4) : 1
(1,0,3,6,4,2,5) : 2
(1,0,3,6,5,2,4) : 1
(1,0,3,6,5,4,2) : 1
(1,0,4) : 2
(1,0,4,2,3,5,6) : 3
(1,0,4,2,6,3,5) : 4
(1,0,4,3,2,5,6) : 2
(1,0,4,3,2,6,5) : 1
(1,0,4,3,5,6,2) : 1
(1,0,4,3,6,2,5) : 2
(1,0,4,3,6,5,2) : 2
(1,0,4,5,6,3,2) : 1
(1,0,4,6,2,3,5) : 2
(1,0,4,6,3,2,5) : 1
(1,0,4,6,5,2,3) : 1
(1,0,4,6,5,3,2) : 1
(1,0,5) : 2
(1,0,5,2) : 1
(1,0,5,2,3,4,6) : 2
(1,0,5,2,3,6,4) : 4
(1,0,5,3,2,4,6) : 2
(1,0,5,3,2,6,4) : 3
(1,0,5,3,4,6,2) : 1
(1,0,5,3,6,2,4) : 1
(1,0,5,3,6,4,2) : 1
(1,0,5,4,3,2,6) : 1
(1,0,5,6) : 1
(1,0,5,6,2,3,4) : 2
(1,0,5,6,3,2,4) : 3
(1,0,5,6,4,3,2) : 5
(1,0,6) : 1
(1,0,6,2,3,4,5) : 1
(1,0,6,2,4,3,5) : 2
(1,0,6,3) : 1
(1,0,6,3,2,4,5) : 2
(1,0,6,4,2,3,5) : 3
(1,0,6,4,3,2,5) : 1
(1,0,6,4,3,5,2) : 1
(1,0,6,5,3,2,4) : 2
(1,0,6,5,4,3,2) : 1
(1,2) : 102
(1,2,0) : 2
(1,2,0,3,4,5,6) : 29
(1,2,0,3,4,6,5) : 19
(1,2,0,3,5,4,6) : 3
(1,2,0,3,5,6,4) : 1
(1,2,0,3,6,4,5) : 4
(1,2,0,4,3) : 2
(1,2,0,4,3,5,6) : 10
(1,2,0,4,3,6,5) : 7
(1,2,0,4,5,3,6) : 2
(1,2,0,4,6,3,5) : 6
(1,2,0,4,6,5,3) : 2
(1,2,0,6,3,4,5) : 2
(1,2,0,6,3,5,4) : 1
(1,2,0,6,4,3,5) : 1
(1,2,0,6,5,4,3) : 3
(1,2,3) : 31
(1,2,3,0,4,5,6) : 24
(1,2,3,0,4,6,5) : 19
(1,2,3,0,5,4,6) : 5
(1,2,3,0,5,6,4) : 3
(1,2,3,0,6,4,5) : 3
(1,2,3,0,6,5,4) : 3
(1,2,3,4) : 1
(1,2,3,4,0) : 1
(1,2,3,4,0,5,6) : 33
(1,2,3,4,0,6,5) : 8
(1,2,3,4,5) : 2
(1,2,3,4,5,0,6) : 7
(1,2,3,4,5,6) : 1
(1,2,3,4,5,6,0) : 29
(1,2,3,4,6,0,5) : 8
(1,2,3,4,6,5,0) : 9
(1,2,3,5) : 1
(1,2,3,5,0,4,6) : 8
(1,2,3,5,0,6) : 1
(1,2,3,5,4,0,6) : 7
(1,2,3,5,4,6,0) : 1
(1,2,3,5,6,0,4) : 2
(1,2,3,5,6,4) : 1
(1,2,3,5,6,4,0) : 9
(1,2,3,6,0,4,5) : 6
(1,2,3,6,0,5,4) : 1
(1,2,3,6,4,0,5) : 5
(1,2,3,6,4,5,0) : 1
(1,2,3,6,5) : 1
(1,2,3,6,5,0,4) : 3
(1,2,3,6,5,4,0) : 5
(1,2,4) : 5
(1,2,4,0,3,5,6) : 6
(1,2,4,0,3,6,5) : 7
(1,2,4,0,5,3,6) : 1
(1,2,4,0,6,3,5) : 2
(1,2,4,0,6,5,3) : 1
(1,2,4,3) : 3
(1,2,4,3,0,5,6) : 12
(1,2,4,3,0,6,5) : 6
(1,2,4,3,5,0,6) : 2
(1,2,4,3,5,6) : 1
(1,2,4,3,5,6,0) : 2
(1,2,4,5) : 1
(1,2,4,5,3,0,6) : 1
(1,2,4,5,6,0) : 1
(1,2,4,5,6,3,0) : 1
(1,2,4,6,3,0,5) : 2
(1,2,4,6,3,5,0) : 1
(1,2,5) : 2
(1,2,5,0,3,4,6) : 6
(1,2,5,3,0,4,6) : 3
(1,2,5,3,0,6,4) : 1
(1,2,5,3,4,0,6) : 3
(1,2,5,3,4,6,0) : 5
(1,2,5,3,6,0,4) : 1
(1,2,5,3,6,4,0) : 1
(1,2,5,4,0,3,6) : 2
(1,2,5,6,3,0,4) : 2
(1,2,5,6,3,4,0) : 3
(1,2,5,6,4,3,0) : 2
(1,2,6) : 1
(1,2,6,0,3,4,5) : 1
(1,2,6,0,4,5,3) : 1
(1,2,6,0,5,3,4) : 1
(1,2,6,3,0,4,5) : 3
(1,2,6,3,4,5,0) : 3
(1,2,6,4,0,3,5) : 3
(1,2,6,4,0,5) : 1
(1,2,6,4,3,0,5) : 4
(1,2,6,5) : 1
(1,2,6,5,3,0,4) : 1
(1,2,6,5,4,3) : 1
(1,2,6,5,4,3,0) : 3
(1,3) : 871
(1,3,0) : 12
(1,3,0,2,4,5,6) : 33
(1,3,0,2,4,6,5) : 44
(1,3,0,2,5,4,6) : 8
(1,3,0,2,5,6) : 1
(1,3,0,2,5,6,4) : 5
(1,3,0,2,6,4,5) : 7
(1,3,0,2,6,5,4) : 2
(1,3,0,4,2,5,6) : 9
(1,3,0,4,2,6,5) : 22
(1,3,0,4,5) : 1
(1,3,0,4,5,2,6) : 9
(1,3,0,4,5,6,2) : 4
(1,3,0,4,6,2,5) : 4
(1,3,0,4,6,5) : 2
(1,3,0,4,6,5,2) : 7
(1,3,0,5,2,4,6) : 1
(1,3,0,5,2,6) : 1
(1,3,0,5,2,6,4) : 2
(1,3,0,5,4,2,6) : 2
(1,3,0,5,4,6,2) : 3
(1,3,0,5,6,4,2) : 4
(1,3,0,6,2,4,5) : 8
(1,3,0,6,4,2,5) : 9
(1,3,0,6,4,5,2) : 6
(1,3,0,6,5,2,4) : 1
(1,3,0,6,5,4,2) : 8
(1,3,2) : 360
(1,3,2,0,4) : 3
(1,3,2,0,4,5,6) : 48
(1,3,2,0,4,6,5) : 54
(1,3,2,0,5,4,6) : 10
(1,3,2,0,5,6) : 1
(1,3,2,0,5,6,4) : 2
(1,3,2,0,6,4,5) : 5
(1,3,2,0,6,5,4) : 3
(1,3,2,4) : 6
(1,3,2,4,0,5,6) : 23
(1,3,2,4,0,6,5) : 34
(1,3,2,4,5) : 1
(1,3,2,4,5,0) : 1
(1,3,2,4,5,0,6) : 6
(1,3,2,4,5,6) : 2
(1,3,2,4,5,6,0) : 12
(1,3,2,4,6,0,5) : 15
(1,3,2,4,6,5) : 1
(1,3,2,4,6,5,0) : 9
(1,3,2,5,0,4,6) : 6
(1,3,2,5,4,0,6) : 6
(1,3,2,5,4,6,0) : 6
(1,3,2,5,6) : 1
(1,3,2,5,6,0,4) : 1
(1,3,2,5,6,4,0) : 6
(1,3,2,6) : 3
(1,3,2,6,0,4,5) : 11
(1,3,2,6,0,5,4) : 1
(1,3,2,6,4,0,5) : 10
(1,3,2,6,4,5,0) : 1
(1,3,2,6,5,0,4) : 1
(1,3,2,6,5,4,0) : 5
(1,3,4) : 8
(1,3,4,0,2,5) : 1
(1,3,4,0,2,5,6) : 14
(1,3,4,0,2,6,5) : 29
(1,3,4,0,5,2) : 1
(1,3,4,0,5,2,6) : 1
(1,3,4,0,5,6,2) : 7
(1,3,4,0,6,2,5) : 7
(1,3,4,0,6,5,2) : 2
(1,3,4,2,0,5,6) : 10
(1,3,4,2,0,6,5) : 23
(1,3,4,2,5,0,6) : 2
(1,3,4,2,5,6,0) : 3
(1,3,4,2,6,0,5) : 3
(1,3,4,2,6,5) : 1
(1,3,4,2,6,5,0) : 3
(1,3,4,5) : 1
(1,3,4,5,0,2) : 1
(1,3,4,5,0,2,6) : 3
(1,3,4,5,0,6) : 1
(1,3,4,5,2,0,6) : 2
(1,3,4,5,2,6,0) : 1
(1,3,4,5,6,0,2) : 4
(1,3,4,5,6,2) : 1
(1,3,4,5,6,2,0) : 8
(1,3,4,6,0,2,5) : 9
(1,3,4,6,0,5) : 1
(1,3,4,6,0,5,2) : 3
(1,3,4,6,2) : 1
(1,3,4,6,2,0,5) : 7
(1,3,4,6,2,5,0) : 1
(1,3,4,6,5,0,2) : 2
(1,3,4,6,5,2,0) : 3
(1,3,5) : 13
(1,3,5,0) : 1
(1,3,5,0,2,4) : 1
(1,3,5,0,2,4,6) : 7
(1,3,5,0,2,6,4) : 4
(1,3,5,0,4,2,6) : 1
(1,3,5,0,4,6) : 1
(1,3,5,0,4,6,2) : 6
(1,3,5,0,6,2,4) : 1
(1,3,5,0,6,4,2) : 2
(1,3,5,2,0,4,6) : 2
(1,3,5,2,0,6,4) : 2
(1,3,5,2,4,0,6) : 3
(1,3,5,2,4,6,0) : 2
(1,3,5,2,6,0) : 1
(1,3,5,2,6,0,4) : 1
(1,3,5,2,6,4,0) : 2
(1,3,5,4,0,2,6) : 2
(1,3,5,4,0,6) : 1
(1,3,5,4,0,6,2) : 3
(1,3,5,4,2,0,6) : 4
(1,3,5,4,2,6,0) : 2
(1,3,5,4,6,0) : 1
(1,3,5,4,6,0,2) : 2
(1,3,5,4,6,2,0) : 1
(1,3,5,6) : 4
(1,3,5,6,0) : 1
(1,3,5,6,0,2,4) : 11
(1,3,5,6,0,4) : 1
(1,3,5,6,0,4,2) : 5
(1,3,5,6,2,0) : 2
(1,3,5,6,2,0,4) : 8
(1,3,5,6,2,4,0) : 1
(1,3,5,6,4,0) : 1
(1,3,5,6,4,0,2) : 11
(1,3,5,6,4,2,0) : 19
(1,3,6) : 22
(1,3,6,0,2,4,5) : 30
(1,3,6,0,2,5,4) : 3
(1,3,6,0,4,2,5) : 14
(1,3,6,0,4,5,2) : 15
(1,3,6,0,5,4,2) : 1
(1,3,6,2) : 2
(1,3,6,2,0,4,5) : 9
(1,3,6,2,0,5,4) : 2
(1,3,6,2,4,0,5) : 11
(1,3,6,2,4,5,0) : 2
(1,3,6,2,5,0,4) : 1
(1,3,6,2,5,4,0) : 1
(1,3,6,4) : 1
(1,3,6,4,0,2,5) : 18
(1,3,6,4,0,5) : 1
(1,3,6,4,0,5,2) : 1
(1,3,6,4,2,0,5) : 23
(1,3,6,4,5,0,2) : 2
(1,3,6,4,5,2) : 1
(1,3,6,4,5,2,0) : 2
(1,3,6,5) : 1
(1,3,6,5,0,2,4) : 7
(1,3,6,5,0,4) : 1
(1,3,6,5,0,4,2) : 12
(1,3,6,5,2,0) : 1
(1,3,6,5,2,0,4) : 3
(1,3,6,5,2,4,0) : 4
(1,3,6,5,4,0,2) : 7
(1,3,6,5,4,2,0) : 12
(1,4) : 26
(1,4,0,2,3,5,6) : 5
(1,4,0,2,3,6) : 1
(1,4,0,2,3,6,5) : 4
(1,4,0,2,5,6,3) : 1
(1,4,0,2,6,3,5) : 2
(1,4,0,2,6,5) : 1
(1,4,0,3,2,5,6) : 3
(1,4,0,3,2,6,5) : 8
(1,4,0,3,5,2,6) : 1
(1,4,0,3,6,2,5) : 1
(1,4,0,5,3,2,6) : 1
(1,4,0,6,2,3,5) : 5
(1,4,0,6,3,5,2) : 3
(1,4,0,6,5,3,2) : 2
(1,4,2) : 4
(1,4,2,0,3,5,6) : 2
(1,4,2,0,3,6,5) : 2
(1,4,2,0,6,3,5) : 3
(1,4,2,3,0,5,6) : 3
(1,4,2,3,0,6,5) : 3
(1,4,2,3,5,0,6) : 2
(1,4,2,3,5,6,0) : 1
(1,4,2,3,6,0,5) : 1
(1,4,2,5,0,3,6) : 1
(1,4,2,5,3,0,6) : 1
(1,4,2,6,3,0,5) : 3
(1,4,2,6,5,3,0) : 1
(1,4,3) : 2
(1,4,3,0,2) : 1
(1,4,3,0,2,5,6) : 3
(1,4,3,0,2,6,5) : 5
(1,4,3,0,5,2,6) : 2
(1,4,3,0,6,2,5) : 2
(1,4,3,0,6,5,2) : 2
(1,4,3,2,0,5,6) : 2
(1,4,3,2,0,6,5) : 4
(1,4,3,2,5,6,0) : 3
(1,4,3,2,6,0,5) : 1
(1,4,3,5,6,0,2) : 1
(1,4,3,5,6,2,0) : 1
(1,4,3,6,0,2,5) : 3
(1,4,3,6,2,0,5) : 1
(1,4,3,6,2,5,0) : 1
(1,4,3,6,5,0,2) : 2
(1,4,3,6,5,2,0) : 2
(1,4,5,0,2,3,6) : 1
(1,4,5,2,3,0,6) : 2
(1,4,5,2,3,6,0) : 1
(1,4,5,6,3,2,0) : 2
(1,4,6) : 2
(1,4,6,0,2,3,5) : 1
(1,4,6,0,3,2,5) : 1
(1,4,6,0,5,3,2) : 1
(1,4,6,2,0,5,3) : 1
(1,4,6,3,0,2,5) : 1
(1,4,6,3,0,5,2) : 1
(1,4,6,3,2,0,5) : 2
(1,4,6,5,0,3,2) : 1
(1,5) : 91
(1,5,0) : 4
(1,5,0,2,3,4) : 1
(1,5,0,2,3,4,6) : 11
(1,5,0,2,3,6,4) : 2
(1,5,0,2,4,6,3) : 1
(1,5,0,2,6,3) : 1
(1,5,0,2,6,3,4) : 1
(1,5,0,3,2,4,6) : 1
(1,5,0,3,2,6,4) : 3
(1,5,0,3,4,2,6) : 2
(1,5,0,3,4,6,2) : 1
(1,5,0,3,6,2,4) : 1
(1,5,0,3,6,4,2) : 4
(1,5,0,4,2,3,6) : 2
(1,5,0,6) : 1
(1,5,0,6,3,2,4) : 1
(1,5,0,6,3,4,2) : 2
(1,5,2) : 2
(1,5,2,0,3) : 1
(1,5,2,0,3,4,6) : 3
(1,5,2,0,3,6,4) : 1
(1,5,2,3,0,4,6) : 2
(1,5,2,3,4,0,6) : 2
(1,5,2,3,4,6,0) : 2
(1,5,2,3,6,4,0) : 1
(1,5,2,4,0,6,3) : 1
(1,5,2,4,3,0,6) : 1
(1,5,2,4,3,6,0) : 3
(1,5,2,6,3,0,4) : 1
(1,5,2,6,4,0,3) : 1
(1,5,3) : 9
(1,5,3,0,2,4,6) : 9
(1,5,3,0,2,6) : 2
(1,5,3,0,2,6,4) : 4
(1,5,3,0,4,2,6) : 3
(1,5,3,0,4,6,2) : 2
(1,5,3,0,6,2,4) : 1
(1,5,3,0,6,4,2) : 12
(1,5,3,2,0,4,6) : 2
(1,5,3,2,0,6,4) : 2
(1,5,3,2,4,0,6) : 5
(1,5,3,2,6,0,4) : 3
(1,5,3,2,6,4,0) : 2
(1,5,3,4) : 1
(1,5,3,4,0,6) : 1
(1,5,3,4,0,6,2) : 2
(1,5,3,4,2,0,6) : 2
(1,5,3,4,2,6) : 1
(1,5,3,4,6,0,2) : 4
(1,5,3,4,6,2,0) : 1
(1,5,3,6) : 4
(1,5,3,6,0) : 1
(1,5,3,6,0,2,4) : 3
(1,5,3,6,0,4) : 1
(1,5,3,6,0,4,2) : 2
(1,5,3,6,2,0) : 1
(1,5,3,6,2,0,4) : 3
(1,5,3,6,2,4,0) : 1
(1,5,3,6,4,0) : 1
(1,5,3,6,4,0,2) : 6
(1,5,3,6,4,2,0) : 4
(1,5,4,0,2,6,3) : 1
(1,5,4,0,6,3,2) : 1
(1,5,4,2,3,6,0) : 1
(1,5,4,2,6) : 1
(1,5,4,3) : 1
(1,5,4,3,0,2,6) : 1
(1,5,4,3,6,0,2) : 1
(1,5,4,3,6,2,0) : 1
(1,5,4,6,0,3,2) : 1
(1,5,4,6,3,0,2) : 1
(1,5,4,6,3,2,0) : 3
(1,5,6) : 6
(1,5,6,0,2,3,4) : 4
(1,5,6,0,2,4,3) : 1
(1,5,6,0,3,2) : 1
(1,5,6,0,3,4,2) : 3
(1,5,6,0,4,3,2) : 2
(1,5,6,2,3,0,4) : 1
(1,5,6,2,3,4,0) : 1
(1,5,6,3) : 3
(1,5,6,3,0,2) : 2
(1,5,6,3,0,2,4) : 9
(1,5,6,3,0,4) : 1
(1,5,6,3,0,4,2) : 8
(1,5,6,3,2,0,4) : 2
(1,5,6,3,2,4,0) : 3
(1,5,6,3,4,0) : 1
(1,5,6,3,4,0,2) : 7
(1,5,6,3,4,2) : 1
(1,5,6,3,4,2,0) : 9
(1,5,6,4) : 1
(1,5,6,4,0,2,3) : 3
(1,5,6,4,3,0,2) : 1
(1,5,6,4,3,2,0) : 12
(1,6) : 51
(1,6,0) : 2
(1,6,0,2,3,4,5) : 7
(1,6,0,2,3,5,4) : 1
(1,6,0,2,4,3,5) : 1
(1,6,0,2,5,3,4) : 1
(1,6,0,2,5,4,3) : 1
(1,6,0,3,2,5,4) : 2
(1,6,0,3,4,2,5) : 6
(1,6,0,3,4,5,2) : 3
(1,6,0,3,5,4,2) : 2
(1,6,0,4,2,3,5) : 1
(1,6,0,4,3,2,5) : 2
(1,6,0,5,3,2) : 1
(1,6,0,5,3,2,4) : 1
(1,6,2,0,3,4,5) : 4
(1,6,2,3,0,4,5) : 1
(1,6,2,3,4,0,5) : 2
(1,6,2,3,5,4,0) : 2
(1,6,2,4,0,5,3) : 1
(1,6,2,5,4,3,0) : 1
(1,6,3) : 6
(1,6,3,0) : 1
(1,6,3,0,2,4,5) : 9
(1,6,3,0,4,2,5) : 5
(1,6,3,0,4,5,2) : 6
(1,6,3,0,5,4,2) : 5
(1,6,3,2) : 1
(1,6,3,2,0,4,5) : 5
(1,6,3,2,0,5,4) : 1
(1,6,3,2,4,0,5) : 1
(1,6,3,2,4,5,0) : 1
(1,6,3,4) : 2
(1,6,3,4,0,2,5) : 4
(1,6,3,4,0,5) : 1
(1,6,3,4,0,5,2) : 3
(1,6,3,4,2,0) : 1
(1,6,3,4,2,0,5) : 3
(1,6,3,4,5,0,2) : 1
(1,6,3,5,0,2) : 1
(1,6,3,5,0,2,4) : 2
(1,6,3,5,0,4,2) : 4
(1,6,3,5,2,4,0) : 1
(1,6,3,5,4,0,2) : 5
(1,6,3,5,4,2,0) : 3
(1,6,4) : 4
(1,6,4,0,2,3,5) : 1
(1,6,4,0,2,5,3) : 1
(1,6,4,0,3,2,5) : 4
(1,6,4,0,3,5) : 1
(1,6,4,2,0,3,5) : 1
(1,6,4,2,3,5,0) : 1
(1,6,4,3) : 1
(1,6,4,3,0,2,5) : 2
(1,6,4,3,0,5,2) : 3
(1,6,4,3,2,0,5) : 4
(1,6,4,3,2,5) : 1
(1,6,4,3,2,5,0) : 2
(1,6,4,3,5,0,2) : 3
(1,6,4,5,3,0,2) : 1
(1,6,4,5,3,2,0) : 1
(1,6,5) : 7
(1,6,5,0,2,3,4) : 1
(1,6,5,0,3,2,4) : 3
(1,6,5,0,3,4,2) : 1
(1,6,5,2,0,3,4) : 1
(1,6,5,2,3,4,0) : 1
(1,6,5,3,0,2,4) : 2
(1,6,5,3,0,4,2) : 7
(1,6,5,3,2,4,0) : 1
(1,6,5,3,4,0,2) : 3
(1,6,5,4,2,0,3) : 1
(1,6,5,4,2,3,0) : 3
(1,6,5,4,3,0,2) : 4
(1,6,5,4,3,2,0) : 3
(2) : 724
(2,0) : 5
(2,0,1) : 1
(2,0,1,3) : 1
(2,0,1,3,4,5,6) : 3
(2,0,1,3,4,6,5) : 1
(2,0,1,3,5,4,6) : 1
(2,0,1,4,3,5,6) : 1
(2,0,1,5,4,3,6) : 1
(2,0,3) : 2
(2,0,3,1,4,6,5) : 1
(2,0,3,1,5,4,6) : 3
(2,0,3,4,1,6,5) : 2
(2,0,3,4,6,1,5) : 1
(2,0,3,4,6,5,1) : 1
(2,0,3,5,1,6,4) : 1
(2,0,3,6) : 1
(2,0,3,6,1,5,4) : 1
(2,0,4,3,1,5,6) : 1
(2,0,4,3,5,1,6) : 1
(2,0,5,1,3,4,6) : 1
(2,0,5,3,4,6,1) : 2
(2,0,5,4,3,6,1) : 1
(2,1) : 71
(2,1,0,3,4,5,6) : 14
(2,1,0,3,4,6,5) : 1
(2,1,0,3,5,4,6) : 2
(2,1,0,3,6,4,5) : 1
(2,1,0,3,6,5,4) : 1
(2,1,0,4,3,5,6) : 4
(2,1,0,4,3,6,5) : 2
(2,1,0,4,5,3,6) : 1
(2,1,0,4,5,6,3) : 2
(2,1,0,5,3,4,6) : 1
(2,1,0,5,4,3,6) : 1
(2,1,0,6,3,4,5) : 2
(2,1,3) : 21
(2,1,3,0,4,5,6) : 18
(2,1,3,0,4,6,5) : 4
(2,1,3,0,5,4,6) : 4
(2,1,3,0,5,6,4) : 4
(2,1,3,0,6,4,5) : 2
(2,1,3,4) : 2
(2,1,3,4,0,5,6) : 16
(2,1,3,4,0,6,5) : 7
(2,1,3,4,5,0,6) : 10
(2,1,3,4,5,6,0) : 1
(2,1,3,4,6,5,0) : 1
(2,1,3,5,0,4) : 1
(2,1,3,5,0,4,6) : 5
(2,1,3,5,4,0,6) : 9
(2,1,3,5,4,6,0) : 2
(2,1,3,5,6,0,4) : 2
(2,1,3,5,6,4,0) : 6
(2,1,3,6,0,4,5) : 2
(2,1,3,6,4,5,0) : 2
(2,1,3,6,5,0,4) : 1
(2,1,4) : 92
(2,1,4,0,3,5,6) : 11
(2,1,4,0,3,6,5) : 6
(2,1,4,0,5,3,6) : 2
(2,1,4,0,6,3,5) : 2
(2,1,4,3,0,5) : 2
(2,1,4,3,0,5,6) : 13
(2,1,4,3,0,6,5) : 6
(2,1,4,3,5,0,6) : 1
(2,1,4,3,5,6,0) : 3
(2,1,4,5,0,3,6) : 2
(2,1,4,5,3,0,6) : 6
(2,1,5) : 8
(2,1,5,0,3,4,6) : 1
(2,1,5,0,4,3,6) : 1
(2,1,5,3,0,4,6) : 4
(2,1,5,3,4,0,6) : 1
(2,1,5,3,4,6,0) : 3
(2,1,5,3,6,4,0) : 2
(2,1,5,4,3,0,6) : 1
(2,1,5,4,3,6,0) : 2
(2,1,5,6,3,0,4) : 1
(2,1,5,6,3,4,0) : 1
(2,1,5,6,4,0,3) : 1
(2,1,5,6,4,3,0) : 1
(2,1,6) : 1
(2,1,6,3,4,5,0) : 1
(2,1,6,3,5,0,4) : 1
(2,1,6,3,5,4,0) : 1
(2,1,6,5,3) : 1
(2,3) : 14
(2,3,0) : 1
(2,3,0,1,4,5,6) : 3
(2,3,0,1,4,6,5) : 1
(2,3,0,1,5,6,4) : 1
(2,3,0,4,1,5,6) : 2
(2,3,0,4,5,1,6) : 2
(2,3,0,5,1,6,4) : 1
(2,3,0,5,4,1,6) : 1
(2,3,1) : 5
(2,3,1,0,4,5,6) : 5
(2,3,1,0,4,6,5) : 1
(2,3,1,0,5,6,4) : 1
(2,3,1,4,0,5,6) : 4
(2,3,1,4,0,6,5) : 2
(2,3,1,4,5,0,6) : 2
(2,3,1,4,5,6,0) : 1
(2,3,1,5) : 1
(2,3,1,5,0,4,6) : 2
(2,3,1,5,0,6) : 1
(2,3,1,5,0,6,4) : 1
(2,3,1,5,4,0,6) : 2
(2,3,1,5,4,6,0) : 1
(2,3,1,5,6,0,4) : 1
(2,3,1,5,6,4,0) : 1
(2,3,1,6) : 1
(2,3,1,6,0,4,5) : 3
(2,3,1,6,4,0,5) : 1
(2,3,1,6,5,0,4) : 1
(2,3,1,6,5,4,0) : 1
(2,3,4) : 3
(2,3,4,0,1,6,5) : 1
(2,3,4,0,6,1,5) : 1
(2,3,4,0,6,5,1) : 1
(2,3,4,1,0,6,5) : 5
(2,3,4,1,5,6,0) : 1
(2,3,4,5,1,0,6) : 2
(2,3,4,5,6,0,1) : 2
(2,3,4,5,6,1,0) : 1
(2,3,4,6,0,1,5) : 2
(2,3,4,6,0,5,1) : 1
(2,3,4,6,1,0,5) : 4
(2,3,4,6,5,0,1) : 1
(2,3,5) : 1
(2,3,5,0,1) : 1
(2,3,5,0,4,6,1) : 1
(2,3,5,1) : 1
(2,3,5,1,0,4,6) : 2
(2,3,5,1,4,0,6) : 2
(2,3,5,1,4,6,0) : 1
(2,3,5,1,6,0,4) : 3
(2,3,5,1,6,4,0) : 1
(2,3,5,4,0,6,1) : 2
(2,3,5,4,6,0,1) : 1
(2,3,5,4,6,1,0) : 1
(2,3,5,6,0,1,4) : 1
(2,3,5,6,0,4,1) : 1
(2,3,5,6,1,0) : 1
(2,3,5,6,4,0,1) : 1
(2,3,5,6,4,1,0) : 2
(2,3,6) : 2
(2,3,6,0,4,1,5) : 1
(2,3,6,0,4,5,1) : 1
(2,3,6,1,4,0,5) : 1
(2,3,6,1,4,5,0) : 1
(2,3,6,1,5,0,4) : 1
(2,3,6,1,5,4,0) : 1
(2,3,6,4,0,5,1) : 1
(2,3,6,5,0,4) : 1
(2,3,6,5,0,4,1) : 1
(2,3,6,5,4,0,1) : 1
(2,4) : 8
(2,4,0) : 1
(2,4,0,1,3,5,6) : 2
(2,4,0,1,3,6,5) : 1
(2,4,0,3,1,5,6) : 1
(2,4,0,5,1,3,6) : 1
(2,4,1) : 6
(2,4,1,0,3,5,6) : 3
(2,4,1,0,3,6,5) : 1
(2,4,1,3) : 1
(2,4,1,3,0,5,6) : 7
(2,4,1,3,0,6,5) : 1
(2,4,1,3,5,0,6) : 2
(2,4,1,3,5,6,0) : 1
(2,4,1,5,0,3,6) : 1
(2,4,1,5,3,0,6) : 1
(2,4,1,5,3,6,0) : 1
(2,4,3,0) : 1
(2,4,3,0,1,5,6) : 1
(2,4,3,0,5,1,6) : 1
(2,4,3,1) : 1
(2,4,3,1,0,5,6) : 1
(2,4,3,1,5,0,6) : 2
(2,4,3,1,5,6,0) : 2
(2,4,3,5,1,0,6) : 1
(2,4,3,5,6,1,0) : 1
(2,4,3,6,5,0,1) : 1
(2,4,5) : 1
(2,4,5,3,1,0,6) : 3
(2,4,5,6) : 1
(2,4,5,6,0,1) : 1
(2,4,6,0) : 1
(2,4,6,0,1,5) : 1
(2,4,6,1,0,5,3) : 1
(2,4,6,1,3,0,5) : 1
(2,4,6,3,5,1,0) : 1
(2,4,6,5,3,1,0) : 1
(2,5) : 24
(2,5,0) : 1
(2,5,0,1,3,4,6) : 2
(2,5,0,1,6,4,3) : 1
(2,5,0,3,6,4,1) : 1
(2,5,0,4,6,3,1) : 2
(2,5,1) : 4
(2,5,1,0,3,4,6) : 1
(2,5,1,3) : 1
(2,5,1,3,0,4,6) : 3
(2,5,1,3,4,0) : 1
(2,5,1,3,4,0,6) : 1
(2,5,1,3,4,6,0) : 1
(2,5,1,3,6,0,4) : 2
(2,5,1,3,6,4,0) : 2
(2,5,1,4,0,3,6) : 1
(2,5,1,4,3,6,0) : 1
(2,5,1,4,6,3,0) : 1
(2,5,1,6,0,3,4) : 1
(2,5,1,6,3,0,4) : 2
(2,5,1,6,4,3,0) : 1
(2,5,3) : 1
(2,5,3,0,1,4,6) : 1
(2,5,3,0,1,6,4) : 1
(2,5,3,1,0,4,6) : 1
(2,5,3,1,0,6) : 1
(2,5,3,1,4,0,6) : 1
(2,5,3,1,6,0) : 1
(2,5,3,1,6,4,0) : 2
(2,5,3,4,0,1,6) : 2
(2,5,3,4,1,0,6) : 1
(2,5,3,4,6,0,1) : 1
(2,5,3,6) : 1
(2,5,3,6,0,1,4) : 1
(2,5,3,6,1,0,4) : 1
(2,5,3,6,4,0,1) : 1
(2,5,4) : 1
(2,5,4,0,1,6,3) : 1
(2,5,4,0,3,1,6) : 1
(2,5,4,1,3,0,6) : 1
(2,5,4,3) : 1
(2,5,4,3,6,0,1) : 2
(2,5,4,3,6,1,0) : 1
(2,5,6) : 1
(2,5,6,1,0,3,4) : 1
(2,5,6,3) : 1
(2,5,6,3,0,4,1) : 1
(2,5,6,3,1,0,4) : 1
(2,5,6,3,4,1,0) : 2
(2,5,6,4,0,1,3) : 1
(2,5,6,4,3,0,1) : 1
(2,5,6,4,3,1,0) : 1
(2,6) : 5
(2,6,0,1,3,5,4) : 1
(2,6,0,3,5,1,4) : 1
(2,6,1,3,4,5,0) : 1
(2,6,1,4,0,3,5) : 1
(2,6,1,5,0,3,4) : 1
(2,6,3,0,4,1,5) : 1
(2,6,3,0,5,1,4) : 1
(2,6,3,1,0,4,5) : 1
(2,6,3,1,5,4,0) : 2
(2,6,3,4,5,1,0) : 1
(2,6,3,5,0,1,4) : 1
(2,6,3,5,0,4,1) : 1
(2,6,3,5,1,4,0) : 1
(2,6,4,1,0,3,5) : 1
(2,6,4,3,5,0,1) : 1
(2,6,4,3,5,1,0) : 1
(2,6,5) : 1
(2,6,5,0,3,4,1) : 2
(2,6,5,0,4,3,1) : 1
(2,6,5,1,3,4,0) : 1
(2,6,5,4,3,1,0) : 2
(3) : 5772
(3,0) : 24
(3,0,1) : 1
(3,0,1,2) : 1
(3,0,1,2,4,5,6) : 28
(3,0,1,2,4,6,5) : 15
(3,0,1,2,5,4,6) : 4
(3,0,1,2,5,6,4) : 1
(3,0,1,2,6,5,4) : 1
(3,0,1,4,2,6,5) : 3
(3,0,1,4,5,2,6) : 2
(3,0,1,4,5,6,2) : 1
(3,0,1,4,6,2,5) : 5
(3,0,1,4,6,5) : 1
(3,0,1,4,6,5,2) : 1
(3,0,1,5,4,2,6) : 1
(3,0,1,5,6,2) : 1
(3,0,1,5,6,2,4) : 5
(3,0,1,5,6,4,2) : 4
(3,0,1,6,2,4,5) : 3
(3,0,1,6,4,2,5) : 2
(3,0,1,6,5,4,2) : 4
(3,0,2) : 1
(3,0,2,1,4,5) : 2
(3,0,2,1,4,5,6) : 5
(3,0,2,1,4,6,5) : 2
(3,0,2,1,5,4,6) : 1
(3,0,2,4,1,5,6) : 1
(3,0,2,4,1,6,5) : 2
(3,0,2,4,5,1,6) : 2
(3,0,2,4,6,1,5) : 4
(3,0,2,4,6,5,1) : 4
(3,0,2,5,1,6,4) : 1
(3,0,2,5,6,4,1) : 2
(3,0,2,6) : 2
(3,0,2,6,1,4,5) : 2
(3,0,2,6,4,1,5) : 2
(3,0,2,6,4,5,1) : 4
(3,0,2,6,5,4,1) : 1
(3,0,4) : 4
(3,0,4,1,2,5,6) : 2
(3,0,4,1,2,6,5) : 2
(3,0,4,1,5,2,6) : 1
(3,0,4,1,5,6,2) : 1
(3,0,4,1,6,2,5) : 2
(3,0,4,1,6,5,2) : 1
(3,0,4,2,1,5,6) : 3
(3,0,4,2,1,6,5) : 1
(3,0,4,2,5,6,1) : 1
(3,0,4,2,6,1,5) : 2
(3,0,4,2,6,5,1) : 3
(3,0,4,5,1) : 1
(3,0,4,5,1,2,6) : 1
(3,0,4,5,6,1,2) : 3
(3,0,4,5,6,2,1) : 3
(3,0,4,6) : 1
(3,0,4,6,1,2,5) : 3
(3,0,4,6,2,1,5) : 5
(3,0,4,6,2,5,1) : 2
(3,0,4,6,5,1,2) : 3
(3,0,4,6,5,2,1) : 2
(3,0,5) : 1
(3,0,5,1,2,4,6) : 3
(3,0,5,1,2,6,4) : 1
(3,0,5,1,4,2,6) : 2
(3,0,5,1,4,6,2) : 2
(3,0,5,1,6,2,4) : 1
(3,0,5,1,6,4,2) : 1
(3,0,5,2,1,4,6) : 2
(3,0,5,2,4,6,1) : 3
(3,0,5,2,6,1,4) : 1
(3,0,5,4,1,2,6) : 1
(3,0,5,4,2,1,6) : 5
(3,0,5,4,6,1,2) : 2
(3,0,5,4,6,2,1) : 1
(3,0,5,6) : 1
(3,0,5,6,1,2,4) : 4
(3,0,5,6,1,4,2) : 3
(3,0,5,6,2,1) : 1
(3,0,5,6,2,1,4) : 1
(3,0,5,6,2,4,1) : 1
(3,0,5,6,4,1,2) : 6
(3,0,5,6,4,2) : 1
(3,0,5,6,4,2,1) : 9
(3,0,6) : 2
(3,0,6,1,2,4,5) : 2
(3,0,6,1,4,2,5) : 1
(3,0,6,1,5,2,4) : 2
(3,0,6,2,1,5,4) : 1
(3,0,6,2,4,1,5) : 5
(3,0,6,2,4,5,1) : 2
(3,0,6,4,1,2,5) : 2
(3,0,6,4,1,5,2) : 3
(3,0,6,4,2,1,5) : 6
(3,0,6,4,2,5,1) : 3
(3,0,6,4,5,1,2) : 1
(3,0,6,5,1,2,4) : 2
(3,0,6,5,1,4,2) : 2
(3,0,6,5,2,1,4) : 2
(3,0,6,5,2,4,1) : 1
(3,0,6,5,4,1) : 1
(3,1) : 210
(3,1,0) : 6
(3,1,0,2) : 1
(3,1,0,2,4,5,6) : 25
(3,1,0,2,4,6,5) : 48
(3,1,0,2,5,4,6) : 4
(3,1,0,2,5,6) : 1
(3,1,0,2,5,6,4) : 2
(3,1,0,2,6,4,5) : 13
(3,1,0,2,6,5,4) : 2
(3,1,0,4,2,5,6) : 5
(3,1,0,4,2,6,5) : 11
(3,1,0,4,5,2,6) : 1
(3,1,0,4,5,6) : 1
(3,1,0,4,5,6,2) : 2
(3,1,0,4,6) : 1
(3,1,0,4,6,2,5) : 12
(3,1,0,4,6,5,2) : 2
(3,1,0,5,2,4,6) : 2
(3,1,0,5,4,2,6) : 4
(3,1,0,5,4,6) : 1
(3,1,0,5,4,6,2) : 1
(3,1,0,5,6,2) : 1
(3,1,0,5,6,4) : 1
(3,1,0,5,6,4,2) : 2
(3,1,0,6,2,4,5) : 10
(3,1,0,6,2,5,4) : 2
(3,1,0,6,4,2,5) : 10
(3,1,0,6,4,5,2) : 3
(3,1,0,6,5,2,4) : 1
(3,1,0,6,5,4,2) : 2
(3,1,2) : 20
(3,1,2,0,4,5,6) : 20
(3,1,2,0,4,6,5) : 38
(3,1,2,0,5,4,6) : 2
(3,1,2,0,6,4,5) : 10
(3,1,2,0,6,5) : 1
(3,1,2,0,6,5,4) : 1
(3,1,2,4) : 3
(3,1,2,4,0,5,6) : 12
(3,1,2,4,0,6,5) : 31
(3,1,2,4,5,0,6) : 3
(3,1,2,4,5,6,0) : 8
(3,1,2,4,6) : 1
(3,1,2,4,6,0,5) : 16
(3,1,2,4,6,5) : 1
(3,1,2,4,6,5,0) : 2
(3,1,2,5) : 1
(3,1,2,5,0,4,6) : 4
(3,1,2,5,0,6,4) : 2
(3,1,2,5,4,0,6) : 3
(3,1,2,5,4,6,0) : 2
(3,1,2,5,6,0,4) : 2
(3,1,2,5,6,4,0) : 7
(3,1,2,6,0,4,5) : 17
(3,1,2,6,0,5,4) : 1
(3,1,2,6,4,0,5) : 14
(3,1,2,6,4,5,0) : 2
(3,1,2,6,5,0,4) : 2
(3,1,2,6,5,4,0) : 10
(3,1,4) : 6
(3,1,4,0) : 1
(3,1,4,0,2) : 1
(3,1,4,0,2,5,6) : 6
(3,1,4,0,2,6,5) : 23
(3,1,4,0,5,6,2) : 2
(3,1,4,0,6,2,5) : 12
(3,1,4,0,6,5,2) : 2
(3,1,4,2,0,5) : 1
(3,1,4,2,0,5,6) : 1
(3,1,4,2,0,6,5) : 16
(3,1,4,2,5,0,6) : 1
(3,1,4,2,6,0,5) : 5
(3,1,4,2,6,5,0) : 3
(3,1,4,5,6,0) : 1
(3,1,4,5,6,0,2) : 4
(3,1,4,5,6,2,0) : 2
(3,1,4,6) : 2
(3,1,4,6,0,2,5) : 16
(3,1,4,6,0,5,2) : 2
(3,1,4,6,2,0,5) : 8
(3,1,4,6,2,5,0) : 1
(3,1,4,6,5,0) : 1
(3,1,4,6,5,0,2) : 3
(3,1,5) : 18
(3,1,5,0,2) : 1
(3,1,5,0,2,4,6) : 7
(3,1,5,0,2,6,4) : 1
(3,1,5,0,4,2,6) : 4
(3,1,5,0,4,6) : 1
(3,1,5,0,4,6,2) : 5
(3,1,5,0,6,4,2) : 2
(3,1,5,2,0,4,6) : 5
(3,1,5,2,0,6,4) : 3
(3,1,5,2,4,0,6) : 3
(3,1,5,2,6,4,0) : 1
(3,1,5,4,0,2,6) : 2
(3,1,5,4,0,6) : 1
(3,1,5,4,0,6,2) : 2
(3,1,5,4,2,6) : 1
(3,1,5,4,2,6,0) : 1
(3,1,5,4,6,0,2) : 2
(3,1,5,4,6,2,0) : 3
(3,1,5,6) : 2
(3,1,5,6,0,2,4) : 7
(3,1,5,6,0,4,2) : 10
(3,1,5,6,2,0,4) : 4
(3,1,5,6,2,4,0) : 7
(3,1,5,6,4,0,2) : 10
(3,1,5,6,4,2,0) : 9
(3,1,6) : 26
(3,1,6,0,2,4,5) : 39
(3,1,6,0,2,5,4) : 2
(3,1,6,0,4,2,5) : 32
(3,1,6,0,4,5,2) : 6
(3,1,6,0,5,2,4) : 1
(3,1,6,0,5,4,2) : 5
(3,1,6,2) : 1
(3,1,6,2,0,4,5) : 26
(3,1,6,2,0,5) : 1
(3,1,6,2,0,5,4) : 2
(3,1,6,2,4,0,5) : 19
(3,1,6,2,4,5,0) : 2
(3,1,6,2,5) : 1
(3,1,6,2,5,0,4) : 3
(3,1,6,2,5,4,0) : 4
(3,1,6,4,0,2,5) : 44
(3,1,6,4,0,5,2) : 10
(3,1,6,4,2,0,5) : 35
(3,1,6,4,2,5) : 1
(3,1,6,4,2,5,0) : 3
(3,1,6,4,5,0,2) : 6
(3,1,6,4,5,2,0) : 4
(3,1,6,5) : 5
(3,1,6,5,0,2,4) : 7
(3,1,6,5,0,4,2) : 6
(3,1,6,5,2,0,4) : 3
(3,1,6,5,2,4,0) : 4
(3,1,6,5,4,0,2) : 9
(3,1,6,5,4,2) : 1
(3,1,6,5,4,2,0) : 12
(3,2) : 16
(3,2,0) : 2
(3,2,0,1,4) : 1
(3,2,0,1,4,5,6) : 1
(3,2,0,1,4,6,5) : 4
(3,2,0,1,5,4,6) : 2
(3,2,0,1,5,6,4) : 1
(3,2,0,4,1,6,5) : 1
(3,2,0,4,5,1,6) : 3
(3,2,0,4,6) : 1
(3,2,0,4,6,1,5) : 2
(3,2,0,4,6,5) : 1
(3,2,0,4,6,5,1) : 1
(3,2,0,5,1,6,4) : 1
(3,2,0,5,4,6,1) : 1
(3,2,0,5,6,4,1) : 1
(3,2,0,6,1,4,5) : 1
(3,2,0,6,4,1,5) : 2
(3,2,0,6,4,5,1) : 1
(3,2,1) : 8
(3,2,1,0,4,5,6) : 16
(3,2,1,0,4,6,5) : 16
(3,2,1,0,5,4,6) : 1
(3,2,1,0,5,6,4) : 1
(3,2,1,0,6,4,5) : 1
(3,2,1,0,6,5,4) : 3
(3,2,1,4) : 2
(3,2,1,4,0) : 1
(3,2,1,4,0,5,6) : 6
(3,2,1,4,0,6,5) : 6
(3,2,1,4,5,6) : 1
(3,2,1,4,5,6,0) : 3
(3,2,1,4,6,0,5) : 1
(3,2,1,4,6,5,0) : 3
(3,2,1,5,0,6,4) : 1
(3,2,1,5,4,0,6) : 2
(3,2,1,5,4,6,0) : 3
(3,2,1,5,6,0,4) : 1
(3,2,1,5,6,4,0) : 2
(3,2,1,6,0,4,5) : 5
(3,2,1,6,4,0,5) : 8
(3,2,1,6,4,5,0) : 2
(3,2,1,6,5,0,4) : 4
(3,2,1,6,5,4,0) : 2
(3,2,4) : 1
(3,2,4,0,1,5,6) : 2
(3,2,4,0,1,6,5) : 4
(3,2,4,0,5,1,6) : 1
(3,2,4,0,6,5,1) : 2
(3,2,4,1,0,5,6) : 3
(3,2,4,1,0,6,5) : 4
(3,2,4,1,5,0,6) : 1
(3,2,4,1,5,6,0) : 1
(3,2,4,1,6,0,5) : 2
(3,2,4,5,0,1,6) : 1
(3,2,4,5,1,6,0) : 1
(3,2,4,5,6,0,1) : 1
(3,2,4,5,6,1,0) : 4
(3,2,4,6,0,1,5) : 4
(3,2,4,6,1,5,0) : 1
(3,2,4,6,5,1,0) : 3
(3,2,5) : 1
(3,2,5,0,6,1,4) : 2
(3,2,5,1,0,4,6) : 2
(3,2,5,1,4,0,6) : 1
(3,2,5,1,6,0,4) : 4
(3,2,5,1,6,4,0) : 2
(3,2,5,4,0,1,6) : 2
(3,2,5,4,0,6,1) : 1
(3,2,5,4,1,0,6) : 1
(3,2,5,4,6,0,1) : 3
(3,2,5,6,0,1) : 1
(3,2,5,6,0,4,1) : 2
(3,2,5,6,1,0,4) : 2
(3,2,5,6,1,4,0) : 1
(3,2,5,6,4,0,1) : 3
(3,2,5,6,4,1,0) : 2
(3,2,6) : 7
(3,2,6,0,1,4,5) : 2
(3,2,6,0,4,1,5) : 1
(3,2,6,0,4,5,1) : 2
(3,2,6,1,0,4,5) : 2
(3,2,6,1,4,0,5) : 2
(3,2,6,1,4,5,0) : 1
(3,2,6,1,5,4,0) : 2
(3,2,6,4,0,1,5) : 2
(3,2,6,4,0,5,1) : 3
(3,2,6,4,1,0,5) : 4
(3,2,6,4,1,5,0) : 1
(3,2,6,4,5,1,0) : 2
(3,2,6,5) : 1
(3,2,6,5,0) : 1
(3,2,6,5,1,0,4) : 2
(3,2,6,5,4,0,1) : 3
(3,2,6,5,4,1,0) : 1
(3,4) : 19
(3,4,0,1,2,5,6) : 3
(3,4,0,1,2,6,5) : 1
(3,4,0,1,5,6,2) : 2
(3,4,0,1,6,5) : 1
(3,4,0,2,1,5,6) : 2
(3,4,0,2,1,6,5) : 4
(3,4,0,2,5,1,6) : 2
(3,4,0,2,5,6,1) : 1
(3,4,0,2,6,1,5) : 6
(3,4,0,2,6,5,1) : 3
(3,4,0,5,1,2,6) : 2
(3,4,0,5,1,6,2) : 2
(3,4,0,5,2,1,6) : 1
(3,4,0,6) : 1
(3,4,0,6,1,2,5) : 3
(3,4,0,6,1,5,2) : 4
(3,4,0,6,2,1,5) : 5
(3,4,0,6,2,5,1) : 1
(3,4,0,6,5,1,2) : 4
(3,4,0,6,5,2,1) : 2
(3,4,1) : 1
(3,4,1,0,2,5,6) : 2
(3,4,1,0,2,6,5) : 1
(3,4,1,0,5,6,2) : 1
(3,4,1,2,0,5,6) : 1
(3,4,1,2,0,6,5) : 3
(3,4,1,2,5,0,6) : 1
(3,4,1,2,6,0,5) : 1
(3,4,1,2,6,5,0) : 1
(3,4,1,5,6,2,0) : 2
(3,4,1,6) : 1
(3,4,1,6,0,2,5) : 5
(3,4,1,6,0,5,2) : 1
(3,4,1,6,2,0,5) : 2
(3,4,1,6,2,5,0) : 1
(3,4,1,6,5,0,2) : 1
(3,4,2) : 3
(3,4,2,0,1,5,6) : 2
(3,4,2,0,1,6,5) : 2
(3,4,2,0,5,1,6) : 1
(3,4,2,0,5,6,1) : 1
(3,4,2,0,6,1,5) : 2
(3,4,2,0,6,5,1) : 4
(3,4,2,1,0,5,6) : 4
(3,4,2,1,0,6) : 1
(3,4,2,1,0,6,5) : 4
(3,4,2,1,5,0,6) : 1
(3,4,2,1,5,6,0) : 3
(3,4,2,1,6,0,5) : 2
(3,4,2,5,1,0,6) : 1
(3,4,2,5,6,0,1) : 1
(3,4,2,5,6,1,0) : 1
(3,4,2,6,0,1,5) : 2
(3,4,2,6,1,5,0) : 1
(3,4,2,6,5,1,0) : 1
(3,4,5) : 3
(3,4,5,0,1,2,6) : 2
(3,4,5,0,1,6,2) : 1
(3,4,5,0,2,6,1) : 1
(3,4,5,1,0,2,6) : 2
(3,4,5,1,2,6,0) : 1
(3,4,5,1,6,2,0) : 1
(3,4,5,2,0,1,6) : 2
(3,4,5,2,0,6,1) : 1
(3,4,5,2,6,1,0) : 2
(3,4,5,6,0,1) : 1
(3,4,5,6,0,1,2) : 11
(3,4,5,6,1,0,2) : 3
(3,4,5,6,1,2,0) : 1
(3,4,5,6,2,0,1) : 2
(3,4,5,6,2,1,0) : 6
(3,4,6) : 4
(3,4,6,0,1) : 1
(3,4,6,0,1,2) : 1
(3,4,6,0,1,2,5) : 1
(3,4,6,0,1,5,2) : 4
(3,4,6,0,2,1,5) : 8
(3,4,6,0,2,5,1) : 10
(3,4,6,0,5,1,2) : 3
(3,4,6,0,5,2,1) : 1
(3,4,6,1) : 2
(3,4,6,1,0,2,5) : 4
(3,4,6,1,2,0,5) : 6
(3,4,6,1,5,0,2) : 1
(3,4,6,1,5,2,0) : 1
(3,4,6,2,0,1,5) : 2
(3,4,6,2,5,0,1) : 1
(3,4,6,2,5,1,0) : 1
(3,4,6,5) : 4
(3,4,6,5,0,1,2) : 7
(3,4,6,5,0,2,1) : 3
(3,4,6,5,1,0,2) : 4
(3,4,6,5,1,2,0) : 1
(3,4,6,5,2,0,1) : 2
(3,4,6,5,2,1,0) : 1
(3,5) : 168
(3,5,0) : 5
(3,5,0,1,2,4,6) : 23
(3,5,0,1,2,6,4) : 4
(3,5,0,1,4,2,6) : 4
(3,5,0,1,4,6,2) : 3
(3,5,0,1,6,2,4) : 4
(3,5,0,1,6,4,2) : 1
(3,5,0,2) : 1
(3,5,0,2,1,4,6) : 1
(3,5,0,2,1,6) : 2
(3,5,0,2,1,6,4) : 1
(3,5,0,2,4,6,1) : 4
(3,5,0,2,6,1,4) : 1
(3,5,0,2,6,4,1) : 2
(3,5,0,4,1,2,6) : 2
(3,5,0,4,2,1,6) : 3
(3,5,0,4,2,6,1) : 2
(3,5,0,4,6,1,2) : 2
(3,5,0,4,6,2,1) : 2
(3,5,0,6) : 5
(3,5,0,6,1,2) : 1
(3,5,0,6,1,2,4) : 6
(3,5,0,6,1,4) : 1
(3,5,0,6,1,4,2) : 3
(3,5,0,6,2,1,4) : 2
(3,5,0,6,2,4,1) : 2
(3,5,0,6,4,1,2) : 4
(3,5,0,6,4,2,1) : 22
(3,5,1) : 17
(3,5,1,0,2,4,6) : 13
(3,5,1,0,2,6,4) : 3
(3,5,1,0,4,2,6) : 4
(3,5,1,0,4,6,2) : 5
(3,5,1,0,6,2) : 1
(3,5,1,0,6,2,4) : 6
(3,5,1,0,6,4,2) : 6
(3,5,1,2) : 1
(3,5,1,2,0,4,6) : 3
(3,5,1,2,0,6) : 4
(3,5,1,2,0,6,4) : 2
(3,5,1,2,4,0,6) : 3
(3,5,1,2,4,6,0) : 8
(3,5,1,2,6,0,4) : 2
(3,5,1,2,6,4,0) : 4
(3,5,1,4,0,2,6) : 4
(3,5,1,4,0,6,2) : 1
(3,5,1,4,2,0,6) : 2
(3,5,1,4,6,0,2) : 4
(3,5,1,4,6,2,0) : 1
(3,5,1,6,0) : 1
(3,5,1,6,0,2,4) : 1
(3,5,1,6,0,4,2) : 7
(3,5,1,6,2,0) : 1
(3,5,1,6,2,0,4) : 5
(3,5,1,6,2,4,0) : 3
(3,5,1,6,4,0,2) : 12
(3,5,1,6,4,2,0) : 4
(3,5,2) : 4
(3,5,2,0,1,4) : 1
(3,5,2,0,1,4,6) : 2
(3,5,2,0,1,6,4) : 1
(3,5,2,0,4,1,6) : 3
(3,5,2,0,4,6) : 1
(3,5,2,0,4,6,1) : 1
(3,5,2,1,0,4,6) : 4
(3,5,2,1,0,6,4) : 1
(3,5,2,1,4,0,6) : 1
(3,5,2,1,4,6,0) : 3
(3,5,2,1,6,0,4) : 1
(3,5,2,1,6,4,0) : 2
(3,5,2,4,0,1,6) : 1
(3,5,2,4,1,0,6) : 2
(3,5,2,4,6,0,1) : 1
(3,5,2,6,0,1,4) : 3
(3,5,2,6,0,4) : 1
(3,5,2,6,0,4,1) : 2
(3,5,2,6,4,0,1) : 2
(3,5,2,6,4,1,0) : 3
(3,5,4,0,1,2,6) : 2
(3,5,4,0,2,1,6) : 1
(3,5,4,0,6,1,2) : 3
(3,5,4,0,6,2,1) : 1
(3,5,4,1,0,2) : 1
(3,5,4,1,0,2,6) : 2
(3,5,4,1,0,6,2) : 1
(3,5,4,1,2,0,6) : 1
(3,5,4,1,6,2,0) : 1
(3,5,4,2,0,6,1) : 2
(3,5,4,2,1,0,6) : 3
(3,5,4,2,6,0,1) : 1
(3,5,4,2,6,1,0) : 1
(3,5,4,6) : 1
(3,5,4,6,0,1) : 1
(3,5,4,6,0,1,2) : 2
(3,5,4,6,0,2,1) : 5
(3,5,4,6,1,0,2) : 2
(3,5,4,6,1,2,0) : 1
(3,5,4,6,2,0,1) : 4
(3,5,4,6,2,1,0) : 6
(3,5,6) : 67
(3,5,6,0) : 2
(3,5,6,0,1,2,4) : 18
(3,5,6,0,1,4,2) : 11
(3,5,6,0,2) : 1
(3,5,6,0,2,1) : 4
(3,5,6,0,2,1,4) : 13
(3,5,6,0,2,4,1) : 11
(3,5,6,0,4,1,2) : 14
(3,5,6,0,4,2,1) : 38
(3,5,6,1) : 9
(3,5,6,1,0,2) : 2
(3,5,6,1,0,2,4) : 19
(3,5,6,1,0,4,2) : 14
(3,5,6,1,2,0) : 4
(3,5,6,1,2,0,4) : 6
(3,5,6,1,2,4) : 1
(3,5,6,1,2,4,0) : 8
(3,5,6,1,4,0,2) : 16
(3,5,6,1,4,2,0) : 6
(3,5,6,2) : 1
(3,5,6,2,0,1) : 1
(3,5,6,2,0,1,4) : 5
(3,5,6,2,0,4,1) : 5
(3,5,6,2,1,0) : 1
(3,5,6,2,1,0,4) : 9
(3,5,6,2,1,4,0) : 2
(3,5,6,2,4,0,1) : 14
(3,5,6,2,4,1,0) : 6
(3,5,6,4) : 4
(3,5,6,4,0,1) : 1
(3,5,6,4,0,1,2) : 28
(3,5,6,4,0,2,1) : 33
(3,5,6,4,1,0,2) : 17
(3,5,6,4,1,2,0) : 8
(3,5,6,4,2,0,1) : 27
(3,5,6,4,2,1) : 1
(3,5,6,4,2,1,0) : 28
(3,6) : 203
(3,6,0) : 5
(3,6,0,1,2,4,5) : 23
(3,6,0,1,2,5,4) : 3
(3,6,0,1,4,2,5) : 9
(3,6,0,1,4,5,2) : 3
(3,6,0,1,5,2,4) : 3
(3,6,0,1,5,4,2) : 4
(3,6,0,2,1,4,5) : 4
(3,6,0,2,1,5,4) : 1
(3,6,0,2,4,1,5) : 8
(3,6,0,2,4,5) : 1
(3,6,0,2,4,5,1) : 6
(3,6,0,4,1,2,5) : 14
(3,6,0,4,1,5,2) : 8
(3,6,0,4,2,1,5) : 21
(3,6,0,4,2,5,1) : 7
(3,6,0,4,5,1,2) : 12
(3,6,0,4,5,2,1) : 10
(3,6,0,5) : 1
(3,6,0,5,1,2,4) : 2
(3,6,0,5,1,4,2) : 5
(3,6,0,5,4,1,2) : 8
(3,6,0,5,4,2,1) : 5
(3,6,1) : 17
(3,6,1,0) : 1
(3,6,1,0,2,4,5) : 27
(3,6,1,0,2,5,4) : 2
(3,6,1,0,4,2,5) : 18
(3,6,1,0,4,5) : 2
(3,6,1,0,4,5,2) : 6
(3,6,1,0,5,2,4) : 3
(3,6,1,0,5,4) : 1
(3,6,1,0,5,4,2) : 6
(3,6,1,2,0,4,5) : 14
(3,6,1,2,0,5,4) : 1
(3,6,1,2,4,0,5) : 9
(3,6,1,2,4,5,0) : 3
(3,6,1,2,5,4,0) : 2
(3,6,1,4) : 1
(3,6,1,4,0,2,5) : 28
(3,6,1,4,0,5) : 2
(3,6,1,4,0,5,2) : 15
(3,6,1,4,2,0,5) : 17
(3,6,1,4,2,5) : 1
(3,6,1,4,2,5,0) : 4
(3,6,1,4,5,0,2) : 5
(3,6,1,4,5,2,0) : 4
(3,6,1,5) : 2
(3,6,1,5,0,2,4) : 2
(3,6,1,5,0,4,2) : 8
(3,6,1,5,2,0,4) : 1
(3,6,1,5,2,4,0) : 4
(3,6,1,5,4,0,2) : 17
(3,6,1,5,4,2,0) : 5
(3,6,2) : 4
(3,6,2,0,1,4,5) : 4
(3,6,2,0,4,1,5) : 4
(3,6,2,0,4,5) : 1
(3,6,2,0,4,5,1) : 4
(3,6,2,0,5,1,4) : 2
(3,6,2,0,5,4,1) : 1
(3,6,2,1,0,4,5) : 5
(3,6,2,1,0,5) : 1
(3,6,2,1,0,5,4) : 2
(3,6,2,1,4,0,5) : 3
(3,6,2,1,4,5,0) : 1
(3,6,2,1,5,0,4) : 1
(3,6,2,1,5,4,0) : 2
(3,6,2,4,0,1,5) : 7
(3,6,2,4,5,0,1) : 2
(3,6,2,4,5,1,0) : 5
(3,6,2,5) : 1
(3,6,2,5,0,1,4) : 1
(3,6,2,5,1,0,4) : 2
(3,6,2,5,1,4,0) : 3
(3,6,2,5,4,1,0) : 1
(3,6,4) : 38
(3,6,4,0) : 1
(3,6,4,0,1,2,5) : 26
(3,6,4,0,1,5,2) : 16
(3,6,4,0,2) : 1
(3,6,4,0,2,1,5) : 15
(3,6,4,0,2,5,1) : 12
(3,6,4,0,5) : 1
(3,6,4,0,5,1,2) : 40
(3,6,4,0,5,2,1) : 14
(3,6,4,1) : 1
(3,6,4,1,0,2,5) : 22
(3,6,4,1,0,5) : 1
(3,6,4,1,0,5,2) : 8
(3,6,4,1,2,0,5) : 11
(3,6,4,1,2,5) : 1
(3,6,4,1,2,5,0) : 1
(3,6,4,1,5,0) : 1
(3,6,4,1,5,0,2) : 8
(3,6,4,1,5,2,0) : 1
(3,6,4,2,0,1,5) : 13
(3,6,4,2,0,5,1) : 4
(3,6,4,2,1,0,5) : 19
(3,6,4,2,1,5,0) : 1
(3,6,4,2,5,0,1) : 4
(3,6,4,2,5,1,0) : 3
(3,6,4,5) : 7
(3,6,4,5,0,1,2) : 27
(3,6,4,5,0,2,1) : 10
(3,6,4,5,1,0,2) : 26
(3,6,4,5,1,2,0) : 10
(3,6,4,5,2,0,1) : 9
(3,6,4,5,2,1,0) : 6
(3,6,5) : 67
(3,6,5,0) : 1
(3,6,5,0,1) : 2
(3,6,5,0,1,2) : 2
(3,6,5,0,1,2,4) : 5
(3,6,5,0,1,4,2) : 12
(3,6,5,0,2,1) : 1
(3,6,5,0,2,1,4) : 5
(3,6,5,0,2,4,1) : 10
(3,6,5,0,4) : 1
(3,6,5,0,4,1,2) : 34
(3,6,5,0,4,2,1) : 29
(3,6,5,1) : 2
(3,6,5,1,0,2) : 2
(3,6,5,1,0,2,4) : 12
(3,6,5,1,0,4,2) : 37
(3,6,5,1,2,0) : 1
(3,6,5,1,2,0,4) : 10
(3,6,5,1,2,4,0) : 15
(3,6,5,1,4,0,2) : 27
(3,6,5,1,4,2,0) : 6
(3,6,5,2,0) : 1
(3,6,5,2,0,1) : 1
(3,6,5,2,0,4,1) : 4
(3,6,5,2,1,0) : 1
(3,6,5,2,1,0,4) : 6
(3,6,5,2,1,4,0) : 6
(3,6,5,2,4,0,1) : 5
(3,6,5,2,4,1,0) : 3
(3,6,5,4) : 3
(3,6,5,4,0,1,2) : 52
(3,6,5,4,0,2,1) : 39
(3,6,5,4,1,0,2) : 22
(3,6,5,4,1,2,0) : 18
(3,6,5,4,2,0,1) : 19
(3,6,5,4,2,1,0) : 21
(4) : 355
(4,0) : 5
(4,0,1,2,3,5,6) : 1
(4,0,1,3,2,5,6) : 1
(4,0,1,3,5,2,6) : 1
(4,0,2) : 1
(4,0,2,3,1,5,6) : 2
(4,0,2,5) : 1
(4,0,2,6,3,5,1) : 1
(4,0,3,1,2,5,6) : 1
(4,0,3,1,2,6,5) : 1
(4,0,3,1,5,2,6) : 1
(4,0,3,1,6,5) : 1
(4,0,3,2,1,6,5) : 1
(4,0,3,5,6,1,2) : 1
(4,0,3,6,5,1,2) : 2
(4,0,5,2,1,3,6) : 1
(4,0,5,3,2,6,1) : 1
(4,0,5,3,6,1,2) : 1
(4,0,6) : 1
(4,0,6,1,2,3,5) : 1
(4,0,6,3,2,5,1) : 1
(4,0,6,5,3,1,2) : 1
(4,1) : 6
(4,1,0,2) : 1
(4,1,0,2,3,5,6) : 2
(4,1,0,3,5,6,2) : 1
(4,1,0,3,6,2,5) : 2
(4,1,2,0,3,5,6) : 1
(4,1,2,0,3,6,5) : 1
(4,1,2,3) : 1
(4,1,2,3,5,0,6) : 1
(4,1,2,3,5,6,0) : 1
(4,1,3,0,6,5,2) : 2
(4,1,3,2,0,5,6) : 2
(4,1,3,2,5,0,6) : 1
(4,1,3,2,6,0,5) : 1
(4,1,3,5,2,0,6) : 1
(4,1,3,5,6,2) : 1
(4,1,3,5,6,2,0) : 1
(4,1,3,6,0,2,5) : 1
(4,1,3,6,2,0,5) : 1
(4,1,3,6,2,5,0) : 1
(4,1,3,6,5,0,2) : 1
(4,1,3,6,5,2,0) : 1
(4,1,5) : 1
(4,1,5,2,3,6,0) : 1
(4,1,5,6,3,0,2) : 2
(4,1,6,0,3,2,5) : 1
(4,1,6,0,3,5,2) : 1
(4,1,6,2,3,5,0) : 1
(4,1,6,3,0,2,5) : 2
(4,1,6,3,0,5,2) : 1
(4,1,6,3,5,2,0) : 1
(4,1,6,5) : 1
(4,2) : 2
(4,2,0,1,3,5,6) : 2
(4,2,0,5,6,3,1) : 1
(4,2,0,6,1,5,3) : 1
(4,2,0,6,5,3,1) : 1
(4,2,1) : 2
(4,2,1,0,3,5,6) : 1
(4,2,1,0,3,6) : 1
(4,2,1,0,3,6,5) : 1
(4,2,1,0,5,3,6) : 1
(4,2,1,3) : 2
(4,2,1,5,3,0,6) : 1
(4,2,1,5,6,0,3) : 1
(4,2,3,0,1,6,5) : 1
(4,2,3,1,0,5,6) : 2
(4,2,5,0,3,6,1) : 1
(4,2,6,0,3,5,1) : 1
(4,3) : 3
(4,3,0,1,2,5,6) : 1
(4,3,0,2,6,1,5) : 2
(4,3,0,5,1,2,6) : 1
(4,3,0,6,1,5,2) : 2
(4,3,0,6,2,5,1) : 1
(4,3,1) : 1
(4,3,1,0,2,5,6) : 1
(4,3,1,0,2,6,5) : 1
(4,3,1,0,6,5,2) : 1
(4,3,1,2,0,5,6) : 1
(4,3,1,2,0,6,5) : 2
(4,3,1,2,6,0,5) : 1
(4,3,1,6,0,2,5) : 1
(4,3,1,6,0,5,2) : 1
(4,3,1,6,5,0,2) : 1
(4,3,2) : 1
(4,3,2,0,1,5,6) : 1
(4,3,2,0,1,6,5) : 2
(4,3,2,1,0,5,6) : 2
(4,3,2,1,0,6,5) : 3
(4,3,2,1,6,0,5) : 2
(4,3,2,6,0,1,5) : 1
(4,3,5,0,2) : 1
(4,3,5,0,6,2,1) : 1
(4,3,5,2,6,0,1) : 1
(4,3,5,6,0) : 1
(4,3,5,6,0,1,2) : 1
(4,3,5,6,1,0,2) : 2
(4,3,5,6,2,0,1) : 1
(4,3,5,6,2,1,0) : 2
(4,3,6) : 1
(4,3,6,0) : 1
(4,3,6,0,1,2,5) : 3
(4,3,6,0,1,5,2) : 1
(4,3,6,0,2,1,5) : 1
(4,3,6,1,2,0,5) : 1
(4,3,6,1,5,0) : 1
(4,3,6,2,0,1,5) : 3
(4,3,6,2,0,5,1) : 1
(4,3,6,2,1,0,5) : 1
(4,3,6,5,0,1,2) : 1
(4,3,6,5,1) : 1
(4,3,6,5,1,2,0) : 1
(4,3,6,5,2,1,0) : 4
(4,5) : 8
(4,5,0,1,2,3,6) : 1
(4,5,0,1,3,6,2) : 1
(4,5,0,2,3,6,1) : 1
(4,5,0,3,6,2,1) : 1
(4,5,2,6,3,1,0) : 1
(4,5,3,1,2,0,6) : 1
(4,5,3,1,6,0,2) : 1
(4,5,3,1,6,2,0) : 1
(4,5,3,2) : 1
(4,5,3,2,1,0) : 1
(4,5,3,2,1,0,6) : 1
(4,5,3,6,1,2,0) : 1
(4,5,3,6,2,0,1) : 1
(4,5,6) : 2
(4,5,6,0,1,2,3) : 2
(4,5,6,0,3,1) : 1
(4,5,6,0,3,2,1) : 2
(4,5,6,1,3,0,2) : 2
(4,5,6,3,0,2,1) : 1
(4,5,6,3,1,0,2) : 1
(4,5,6,3,2,0,1) : 1
(4,5,6,3,2,1,0) : 5
(4,6) : 4
(4,6,0,1,2,3,5) : 1
(4,6,0,1,5,3,2) : 1
(4,6,0,2,1,3,5) : 1
(4,6,0,2,3,1,5) : 1
(4,6,0,3,1,2,5) : 1
(4,6,0,3,2,1,5) : 1
(4,6,0,3,5,2,1) : 1
(4,6,1,0,2,3,5) : 1
(4,6,1,3,0,5,2) : 1
(4,6,1,3,2,0,5) : 1
(4,6,1,3,5,2,0) : 1
(4,6,2,0,1,3,5) : 1
(4,6,2,0,3,5,1) : 1
(4,6,2,1,0,3,5) : 1
(4,6,2,5,3,1,0) : 1
(4,6,3) : 4
(4,6,3,0,1,5,2) : 1
(4,6,3,0,2,1,5) : 2
(4,6,3,0,5,2,1) : 1
(4,6,3,1,0,5,2) : 2
(4,6,3,1,5,2,0) : 3
(4,6,3,5,0,1,2) : 1
(4,6,3,5,0,2,1) : 1
(4,6,3,5,1,0,2) : 2
(4,6,3,5,1,2,0) : 1
(4,6,3,5,2,0,1) : 2
(4,6,3,5,2,1,0) : 3
(4,6,5) : 4
(4,6,5,0,3,1,2) : 1
(4,6,5,0,3,2,1) : 5
(4,6,5,1,3,0,2) : 2
(4,6,5,2,0,3,1) : 1
(4,6,5,3) : 1
(4,6,5,3,0,1,2) : 4
(4,6,5,3,0,2,1) : 1
(4,6,5,3,2,0,1) : 1
(5) : 14911
(5,0) : 118
(5,0,1) : 7
(5,0,1,2) : 3
(5,0,1,2,3,4) : 4
(5,0,1,2,3,4,6) : 74
(5,0,1,2,3,6) : 1
(5,0,1,2,3,6,4) : 2
(5,0,1,2,4,3,6) : 2
(5,0,1,2,4,6,3) : 2
(5,0,1,2,6,3,4) : 2
(5,0,1,2,6,4,3) : 3
(5,0,1,3,2,4,6) : 9
(5,0,1,3,2,6) : 2
(5,0,1,3,2,6,4) : 5
(5,0,1,3,4,2,6) : 3
(5,0,1,3,4,6,2) : 3
(5,0,1,3,6,2) : 1
(5,0,1,3,6,2,4) : 3
(5,0,1,3,6,4,2) : 2
(5,0,1,4,2,3,6) : 1
(5,0,1,4,6,2,3) : 2
(5,0,1,6,2,3,4) : 1
(5,0,1,6,3,2,4) : 3
(5,0,1,6,4,2,3) : 2
(5,0,1,6,4,3,2) : 2
(5,0,2) : 3
(5,0,2,1,3,4,6) : 14
(5,0,2,1,3,6,4) : 3
(5,0,2,1,4,3,6) : 2
(5,0,2,1,6,4) : 1
(5,0,2,1,6,4,3) : 2
(5,0,2,3) : 2
(5,0,2,3,1,4) : 1
(5,0,2,3,1,4,6) : 5
(5,0,2,3,1,6) : 1
(5,0,2,3,4,1) : 2
(5,0,2,3,4,1,6) : 5
(5,0,2,3,4,6) : 3
(5,0,2,3,4,6,1) : 18
(5,0,2,3,6,1) : 1
(5,0,2,3,6,4) : 1
(5,0,2,3,6,4,1) : 6
(5,0,2,4,1,3,6) : 1
(5,0,2,4,1,6,3) : 1
(5,0,2,4,3,6,1) : 8
(5,0,2,4,6,1,3) : 1
(5,0,2,4,6,3,1) : 9
(5,0,2,6,1,3,4) : 1
(5,0,2,6,1,4,3) : 1
(5,0,2,6,3,1,4) : 1
(5,0,2,6,3,4,1) : 3
(5,0,2,6,4,1) : 2
(5,0,2,6,4,1,3) : 2
(5,0,2,6,4,3) : 2
(5,0,2,6,4,3,1) : 2
(5,0,3) : 9
(5,0,3,1,2,4,6) : 6
(5,0,3,1,2,6,4) : 3
(5,0,3,1,4) : 1
(5,0,3,1,4,2,6) : 1
(5,0,3,1,6,2,4) : 1
(5,0,3,1,6,4,2) : 1
(5,0,3,2,1,4,6) : 6
(5,0,3,2,1,6) : 1
(5,0,3,2,4,1) : 1
(5,0,3,2,4,1,6) : 2
(5,0,3,2,4,6,1) : 6
(5,0,3,2,6,1,4) : 3
(5,0,3,2,6,4,1) : 5
(5,0,3,4) : 1
(5,0,3,4,1,6) : 1
(5,0,3,4,2,1) : 2
(5,0,3,4,2,6,1) : 3
(5,0,3,4,6) : 2
(5,0,3,4,6,1,2) : 5
(5,0,3,4,6,2,1) : 16
(5,0,3,6) : 1
(5,0,3,6,1,2) : 1
(5,0,3,6,1,2,4) : 6
(5,0,3,6,1,4,2) : 4
(5,0,3,6,2,1,4) : 3
(5,0,3,6,2,4,1) : 7
(5,0,3,6,4,1,2) : 1
(5,0,3,6,4,2) : 3
(5,0,3,6,4,2,1) : 22
(5,0,4) : 2
(5,0,4,1,2,6,3) : 1
(5,0,4,1,3,2,6) : 1
(5,0,4,2,1,3,6) : 2
(5,0,4,2,3,6,1) : 8
(5,0,4,2,6,3,1) : 3
(5,0,4,3,1,6,2) : 1
(5,0,4,3,2,1,6) : 2
(5,0,4,3,2,6,1) : 5
(5,0,4,3,6,2,1) : 6
(5,0,4,6,1,3,2) : 1
(5,0,4,6,2,1,3) : 1
(5,0,4,6,2,3,1) : 4
(5,0,4,6,3,1,2) : 1
(5,0,4,6,3,2) : 1
(5,0,4,6,3,2,1) : 12
(5,0,6) : 9
(5,0,6,1,2,3,4) : 4
(5,0,6,1,2,4,3) : 1
(5,0,6,1,3,2,4) : 2
(5,0,6,1,3,4,2) : 3
(5,0,6,1,4,2,3) : 3
(5,0,6,2,1,3,4) : 1
(5,0,6,2,3,1,4) : 1
(5,0,6,2,3,4,1) : 7
(5,0,6,2,4,3,1) : 2
(5,0,6,3) : 1
(5,0,6,3,1,2,4) : 7
(5,0,6,3,1,4) : 1
(5,0,6,3,2,1,4) : 2
(5,0,6,3,2,4,1) : 15
(5,0,6,3,4,1) : 2
(5,0,6,3,4,1,2) : 4
(5,0,6,3,4,2,1) : 16
(5,0,6,4) : 2
(5,0,6,4,1,2,3) : 1
(5,0,6,4,2,3,1) : 5
(5,0,6,4,3,2,1) : 25
(5,1) : 108
(5,1,0) : 3
(5,1,0,2) : 1
(5,1,0,2,3,4) : 2
(5,1,0,2,3,4,6) : 33
(5,1,0,2,3,6,4) : 4
(5,1,0,2,4,3,6) : 3
(5,1,0,2,6) : 1
(5,1,0,2,6,3,4) : 7
(5,1,0,3) : 1
(5,1,0,3,2,4,6) : 6
(5,1,0,3,2,6) : 1
(5,1,0,3,2,6,4) : 4
(5,1,0,3,4,2,6) : 1
(5,1,0,3,4,6,2) : 2
(5,1,0,3,6,2) : 1
(5,1,0,3,6,2,4) : 4
(5,1,0,3,6,4,2) : 1
(5,1,0,4,3,2,6) : 1
(5,1,0,4,3,6,2) : 1
(5,1,0,4,6,3,2) : 1
(5,1,0,6) : 2
(5,1,0,6,2,3,4) : 3
(5,1,0,6,3,2,4) : 2
(5,1,0,6,3,4,2) : 2
(5,1,0,6,4,3,2) : 1
(5,1,2) : 4
(5,1,2,0,3,4,6) : 2
(5,1,2,0,6,3,4) : 3
(5,1,2,3) : 1
(5,1,2,3,0,4,6) : 8
(5,1,2,3,0,6) : 1
(5,1,2,3,4,0,6) : 3
(5,1,2,3,4,6,0) : 12
(5,1,2,3,6,0) : 1
(5,1,2,3,6,0,4) : 2
(5,1,2,3,6,4,0) : 6
(5,1,2,4,3,0) : 1
(5,1,2,4,3,0,6) : 1
(5,1,2,6,0,3,4) : 1
(5,1,2,6,3,0,4) : 1
(5,1,2,6,3,4,0) : 1
(5,1,2,6,4,0,3) : 1
(5,1,2,6,4,3,0) : 2
(5,1,3) : 13
(5,1,3,0,2,4,6) : 5
(5,1,3,0,2,6,4) : 3
(5,1,3,0,4,2,6) : 2
(5,1,3,0,4,6) : 1
(5,1,3,0,4,6,2) : 1
(5,1,3,0,6,2,4) : 3
(5,1,3,0,6,4,2) : 6
(5,1,3,2) : 1
(5,1,3,2,0,4,6) : 4
(5,1,3,2,0,6,4) : 4
(5,1,3,2,4,0,6) : 3
(5,1,3,2,4,6) : 1
(5,1,3,2,4,6,0) : 1
(5,1,3,2,6,0,4) : 2
(5,1,3,2,6,4,0) : 2
(5,1,3,4,0,2,6) : 1
(5,1,3,4,0,6) : 3
(5,1,3,4,0,6,2) : 2
(5,1,3,4,2,0) : 1
(5,1,3,4,2,0,6) : 4
(5,1,3,4,6,0,2) : 1
(5,1,3,4,6,2,0) : 3
(5,1,3,6,0) : 1
(5,1,3,6,0,2,4) : 9
(5,1,3,6,0,4,2) : 7
(5,1,3,6,2,0) : 1
(5,1,3,6,2,0,4) : 1
(5,1,3,6,2,4,0) : 3
(5,1,3,6,4,0,2) : 9
(5,1,3,6,4,2,0) : 15
(5,1,4) : 3
(5,1,4,0) : 1
(5,1,4,0,3,2,6) : 1
(5,1,4,2,3,6,0) : 1
(5,1,4,3,0,2,6) : 1
(5,1,4,6,3,2,0) : 1
(5,1,6) : 9
(5,1,6,0,2,3) : 1
(5,1,6,0,2,3,4) : 2
(5,1,6,0,3,2,4) : 2
(5,1,6,0,3,4,2) : 1
(5,1,6,0,4,2,3) : 1
(5,1,6,2) : 1
(5,1,6,2,0,3,4) : 2
(5,1,6,2,3,0,4) : 1
(5,1,6,2,3,4,0) : 2
(5,1,6,2,4,0,3) : 1
(5,1,6,3) : 2
(5,1,6,3,0,2,4) : 5
(5,1,6,3,0,4,2) : 9
(5,1,6,3,2,0,4) : 2
(5,1,6,3,2,4,0) : 2
(5,1,6,3,4,0,2) : 6
(5,1,6,3,4,2,0) : 4
(5,1,6,4,0,3,2) : 1
(5,1,6,4,2,3,0) : 1
(5,1,6,4,3,0,2) : 2
(5,1,6,4,3,2,0) : 3
(5,2) : 44
(5,2,0) : 6
(5,2,0,1,3) : 1
(5,2,0,1,3,4,6) : 8
(5,2,0,1,3,6,4) : 1
(5,2,0,1,4,6,3) : 1
(5,2,0,3,1,6,4) : 1
(5,2,0,3,4,1,6) : 1
(5,2,0,3,4,6) : 1
(5,2,0,3,4,6,1) : 4
(5,2,0,3,6) : 1
(5,2,0,4,3,1,6) : 2
(5,2,0,4,6,3,1) : 4
(5,2,0,6,3,1,4) : 2
(5,2,0,6,3,4,1) : 3
(5,2,0,6,4,3,1) : 7
(5,2,1) : 1
(5,2,1,0) : 1
(5,2,1,0,3) : 1
(5,2,1,0,3,4) : 1
(5,2,1,0,3,4,6) : 8
(5,2,1,0,3,6,4) : 1
(5,2,1,0,4,3,6) : 2
(5,2,1,0,6) : 1
(5,2,1,0,6,3,4) : 2
(5,2,1,0,6,4,3) : 2
(5,2,1,3,0,4,6) : 4
(5,2,1,3,4,6,0) : 1
(5,2,1,3,6,0,4) : 1
(5,2,1,4,0,3,6) : 1
(5,2,1,4,0,6) : 1
(5,2,1,4,3,6,0) : 1
(5,2,1,4,6,3,0) : 2
(5,2,1,6) : 2
(5,2,1,6,0,3,4) : 1
(5,2,1,6,4,3,0) : 1
(5,2,3) : 1
(5,2,3,0,1,4,6) : 4
(5,2,3,0,1,6,4) : 2
(5,2,3,0,4) : 1
(5,2,3,0,4,6,1) : 5
(5,2,3,0,6,1,4) : 2
(5,2,3,0,6,4,1) : 1
(5,2,3,1,0,4,6) : 2
(5,2,3,1,4,0,6) : 1
(5,2,3,1,6,4,0) : 1
(5,2,3,4,0,6,1) : 5
(5,2,3,4,6) : 1
(5,2,3,4,6,0,1) : 3
(5,2,3,4,6,1,0) : 10
(5,2,3,6,0,1,4) : 2
(5,2,3,6,0,4,1) : 1
(5,2,3,6,1,0,4) : 1
(5,2,3,6,4,0,1) : 4
(5,2,4) : 2
(5,2,4,0,3,1,6) : 1
(5,2,4,0,6,1,3) : 2
(5,2,4,1,3,0,6) : 2
(5,2,4,3,0,6,1) : 1
(5,2,4,3,1,0,6) : 1
(5,2,4,3,6,0,1) : 1
(5,2,4,6,0,1,3) : 1
(5,2,4,6,0,3,1) : 2
(5,2,4,6,1,3,0) : 1
(5,2,4,6,3,0,1) : 2
(5,2,4,6,3,1,0) : 1
(5,2,6) : 5
(5,2,6,0,3,1,4) : 1
(5,2,6,0,3,4,1) : 4
(5,2,6,0,4,1,3) : 1
(5,2,6,0,4,3,1) : 4
(5,2,6,1,0,3,4) : 2
(5,2,6,1,0,4,3) : 1
(5,2,6,1,3,0,4) : 1
(5,2,6,1,3,4,0) : 1
(5,2,6,3,0,1,4) : 2
(5,2,6,3,0,4,1) : 2
(5,2,6,3,1,0,4) : 2
(5,2,6,3,1,4,0) : 1
(5,2,6,3,4,0,1) : 2
(5,2,6,3,4,1,0) : 2
(5,2,6,4,0,3,1) : 2
(5,2,6,4,3,0,1) : 4
(5,2,6,4,3,1) : 1
(5,3) : 232
(5,3,0) : 13
(5,3,0,1) : 1
(5,3,0,1,2,4,6) : 34
(5,3,0,1,2,6) : 2
(5,3,0,1,2,6,4) : 3
(5,3,0,1,4,2) : 2
(5,3,0,1,4,2,6) : 3
(5,3,0,1,4,6,2) : 7
(5,3,0,1,6,2) : 1
(5,3,0,1,6,2,4) : 6
(5,3,0,1,6,4,2) : 8
(5,3,0,2,1,4,6) : 4
(5,3,0,2,4,1,6) : 3
(5,3,0,2,4,6,1) : 9
(5,3,0,2,6,1) : 2
(5,3,0,2,6,4,1) : 7
(5,3,0,4) : 1
(5,3,0,4,1,2,6) : 4
(5,3,0,4,2,1,6) : 6
(5,3,0,4,2,6,1) : 7
(5,3,0,4,6) : 2
(5,3,0,4,6,1,2) : 6
(5,3,0,4,6,2,1) : 9
(5,3,0,6) : 2
(5,3,0,6,1) : 1
(5,3,0,6,1,2,4) : 6
(5,3,0,6,1,4,2) : 3
(5,3,0,6,2,1) : 1
(5,3,0,6,2,1,4) : 7
(5,3,0,6,2,4,1) : 5
(5,3,0,6,4,1,2) : 9
(5,3,0,6,4,2) : 1
(5,3,0,6,4,2,1) : 32
(5,3,1) : 11
(5,3,1,0,2,4) : 1
(5,3,1,0,2,4,6) : 17
(5,3,1,0,2,6,4) : 5
(5,3,1,0,4) : 1
(5,3,1,0,4,2,6) : 6
(5,3,1,0,4,6) : 2
(5,3,1,0,4,6,2) : 5
(5,3,1,0,6) : 2
(5,3,1,0,6,2) : 1
(5,3,1,0,6,2,4) : 2
(5,3,1,0,6,4,2) : 7
(5,3,1,2,0,4,6) : 5
(5,3,1,2,0,6,4) : 2
(5,3,1,2,4) : 1
(5,3,1,2,4,0,6) : 1
(5,3,1,2,6,4,0) : 1
(5,3,1,4,0,2,6) : 1
(5,3,1,4,0,6,2) : 1
(5,3,1,4,2,0,6) : 5
(5,3,1,4,6,0) : 1
(5,3,1,4,6,0,2) : 2
(5,3,1,4,6,2,0) : 2
(5,3,1,6,0,2,4) : 5
(5,3,1,6,0,4,2) : 8
(5,3,1,6,2,0,4) : 1
(5,3,1,6,2,4,0) : 2
(5,3,1,6,4,0) : 1
(5,3,1,6,4,0,2) : 5
(5,3,1,6,4,2,0) : 12
(5,3,2) : 6
(5,3,2,0,1) : 1
(5,3,2,0,1,4,6) : 5
(5,3,2,0,1,6) : 1
(5,3,2,0,1,6,4) : 2
(5,3,2,0,4,1,6) : 5
(5,3,2,0,4,6,1) : 5
(5,3,2,0,6,1) : 1
(5,3,2,0,6,1,4) : 2
(5,3,2,0,6,4,1) : 4
(5,3,2,1) : 1
(5,3,2,1,0) : 1
(5,3,2,1,0,4,6) : 18
(5,3,2,1,0,6) : 6
(5,3,2,1,0,6,4) : 7
(5,3,2,1,4,0,6) : 2
(5,3,2,1,4,6,0) : 1
(5,3,2,1,6) : 1
(5,3,2,1,6,0) : 1
(5,3,2,1,6,0,4) : 1
(5,3,2,1,6,4,0) : 2
(5,3,2,4,0,1) : 1
(5,3,2,4,0,1,6) : 2
(5,3,2,4,1,0,6) : 1
(5,3,2,4,1,6,0) : 2
(5,3,2,4,6,0,1) : 4
(5,3,2,4,6,1,0) : 5
(5,3,2,6,0,1,4) : 2
(5,3,2,6,0,4,1) : 2
(5,3,2,6,1,0) : 2
(5,3,2,6,1,0,4) : 3
(5,3,2,6,1,4,0) : 1
(5,3,2,6,4,0,1) : 6
(5,3,2,6,4,1,0) : 2
(5,3,4) : 4
(5,3,4,0,1,2,6) : 6
(5,3,4,0,1,6,2) : 1
(5,3,4,0,2,1) : 1
(5,3,4,0,2,1,6) : 5
(5,3,4,0,2,6) : 1
(5,3,4,0,2,6,1) : 2
(5,3,4,0,6,1,2) : 4
(5,3,4,0,6,2) : 1
(5,3,4,0,6,2,1) : 6
(5,3,4,1,0,2,6) : 2
(5,3,4,1,0,6,2) : 2
(5,3,4,1,2,0,6) : 3
(5,3,4,1,6,0,2) : 2
(5,3,4,1,6,2) : 1
(5,3,4,1,6,2,0) : 1
(5,3,4,2,0,1,6) : 2
(5,3,4,2,0,6,1) : 5
(5,3,4,2,1) : 1
(5,3,4,2,1,0,6) : 5
(5,3,4,2,1,6,0) : 3
(5,3,4,2,6,0,1) : 4
(5,3,4,2,6,1,0) : 1
(5,3,4,6) : 1
(5,3,4,6,0,1) : 1
(5,3,4,6,0,1,2) : 3
(5,3,4,6,0,2,1) : 8
(5,3,4,6,1,0,2) : 4
(5,3,4,6,1,2,0) : 1
(5,3,4,6,2) : 1
(5,3,4,6,2,0,1) : 11
(5,3,4,6,2,1) : 4
(5,3,4,6,2,1,0) : 20
(5,3,6) : 71
(5,3,6,0) : 4
(5,3,6,0,1,2) : 3
(5,3,6,0,1,2,4) : 17
(5,3,6,0,1,4,2) : 13
(5,3,6,0,2,1) : 5
(5,3,6,0,2,1,4) : 13
(5,3,6,0,2,4,1) : 29
(5,3,6,0,4,1) : 1
(5,3,6,0,4,1,2) : 21
(5,3,6,0,4,2) : 2
(5,3,6,0,4,2,1) : 47
(5,3,6,1) : 1
(5,3,6,1,0) : 1
(5,3,6,1,0,2) : 1
(5,3,6,1,0,2,4) : 17
(5,3,6,1,0,4,2) : 21
(5,3,6,1,2,0) : 1
(5,3,6,1,2,0,4) : 9
(5,3,6,1,2,4,0) : 7
(5,3,6,1,4,0) : 1
(5,3,6,1,4,0,2) : 8
(5,3,6,1,4,2) : 1
(5,3,6,1,4,2,0) : 3
(5,3,6,2) : 2
(5,3,6,2,0,1) : 6
(5,3,6,2,0,1,4) : 6
(5,3,6,2,0,4) : 1
(5,3,6,2,0,4,1) : 12
(5,3,6,2,1,0) : 6
(5,3,6,2,1,0,4) : 6
(5,3,6,2,1,4,0) : 3
(5,3,6,2,4,0,1) : 13
(5,3,6,2,4,1,0) : 7
(5,3,6,4) : 4
(5,3,6,4,0) : 1
(5,3,6,4,0,1) : 1
(5,3,6,4,0,1,2) : 15
(5,3,6,4,0,2,1) : 52
(5,3,6,4,1,0,2) : 4
(5,3,6,4,1,2,0) : 3
(5,3,6,4,2) : 1
(5,3,6,4,2,0,1) : 32
(5,3,6,4,2,1,0) : 26
(5,4) : 11
(5,4,0) : 2
(5,4,0,1,2,3,6) : 7
(5,4,0,2,3,1,6) : 1
(5,4,0,2,3,6,1) : 4
(5,4,0,2,6,3,1) : 2
(5,4,0,3,2,1,6) : 1
(5,4,0,3,2,6,1) : 5
(5,4,0,3,6,2,1) : 3
(5,4,0,6) : 1
(5,4,0,6,2,1,3) : 1
(5,4,0,6,2,3,1) : 2
(5,4,0,6,3,2,1) : 4
(5,4,1,0,2,3,6) : 1
(5,4,1,0,3,2,6) : 2
(5,4,1,0,3,6,2) : 1
(5,4,1,2,6,3) : 1
(5,4,1,2,6,3,0) : 1
(5,4,1,3,0,2) : 1
(5,4,1,3,0,2,6) : 2
(5,4,1,3,6,0,2) : 1
(5,4,1,6,2,0,3) : 1
(5,4,2,0,1,3,6) : 2
(5,4,2,0,1,6,3) : 1
(5,4,2,0,3,1,6) : 1
(5,4,2,0,3,6,1) : 2
(5,4,2,1,6,3,0) : 1
(5,4,2,3,0,1,6) : 1
(5,4,2,3,0,6,1) : 2
(5,4,2,3,1,0) : 1
(5,4,2,3,1,0,6) : 3
(5,4,2,6,0,1,3) : 1
(5,4,2,6,0,3,1) : 3
(5,4,2,6,1,3,0) : 1
(5,4,3) : 2
(5,4,3,0) : 1
(5,4,3,0,1,2) : 1
(5,4,3,0,1,2,6) : 4
(5,4,3,0,1,6,2) : 2
(5,4,3,0,2,6,1) : 5
(5,4,3,0,6,1,2) : 3
(5,4,3,0,6,2,1) : 2
(5,4,3,1,0,2,6) : 2
(5,4,3,1,2,0,6) : 2
(5,4,3,1,2,6,0) : 1
(5,4,3,2,0) : 1
(5,4,3,2,0,1,6) : 1
(5,4,3,2,0,6,1) : 6
(5,4,3,2,1) : 1
(5,4,3,2,1,0) : 1
(5,4,3,2,1,0,6) : 23
(5,4,3,2,1,6) : 3
(5,4,3,2,6,1,0) : 2
(5,4,3,6) : 3
(5,4,3,6,0,1) : 2
(5,4,3,6,0,1,2) : 1
(5,4,3,6,0,2,1) : 4
(5,4,3,6,1,0,2) : 1
(5,4,3,6,1,2,0) : 1
(5,4,3,6,2,0,1) : 3
(5,4,3,6,2,1,0) : 7
(5,4,6) : 4
(5,4,6,0,1,2,3) : 2
(5,4,6,0,1,3,2) : 1
(5,4,6,0,2,1,3) : 1
(5,4,6,0,2,3,1) : 1
(5,4,6,0,3,1,2) : 2
(5,4,6,0,3,2,1) : 10
(5,4,6,1) : 1
(5,4,6,1,0,2,3) : 2
(5,4,6,1,3,0,2) : 2
(5,4,6,2,0,1) : 1
(5,4,6,2,1,0,3) : 1
(5,4,6,2,1,3,0) : 1
(5,4,6,2,3,0,1) : 2
(5,4,6,2,3,1,0) : 1
(5,4,6,3,0) : 1
(5,4,6,3,0,1,2) : 6
(5,4,6,3,0,2,1) : 5
(5,4,6,3,1,0,2) : 4
(5,4,6,3,1,2) : 1
(5,4,6,3,1,2,0) : 4
(5,4,6,3,2) : 1
(5,4,6,3,2,0,1) : 8
(5,4,6,3,2,1,0) : 19
(5,6) : 474
(5,6,0) : 26
(5,6,0,1) : 1
(5,6,0,1,2,3) : 1
(5,6,0,1,2,3,4) : 46
(5,6,0,1,2,4,3) : 5
(5,6,0,1,3,2,4) : 2
(5,6,0,1,3,4,2) : 12
(5,6,0,1,4,3) : 1
(5,6,0,1,4,3,2) : 5
(5,6,0,2) : 1
(5,6,0,2,1,3,4) : 5
(5,6,0,2,1,4,3) : 1
(5,6,0,2,3,1) : 3
(5,6,0,2,3,1,4) : 6
(5,6,0,2,3,4,1) : 29
(5,6,0,2,4,1) : 1
(5,6,0,2,4,1,3) : 2
(5,6,0,2,4,3,1) : 5
(5,6,0,3) : 4
(5,6,0,3,1,2,4) : 7
(5,6,0,3,1,4,2) : 5
(5,6,0,3,2,1) : 1
(5,6,0,3,2,1,4) : 14
(5,6,0,3,2,4,1) : 22
(5,6,0,3,4,1,2) : 20
(5,6,0,3,4,2) : 1
(5,6,0,3,4,2,1) : 51
(5,6,0,4) : 4
(5,6,0,4,1,2,3) : 3
(5,6,0,4,1,3,2) : 1
(5,6,0,4,2,1,3) : 4
(5,6,0,4,2,3,1) : 14
(5,6,0,4,3) : 1
(5,6,0,4,3,1,2) : 8
(5,6,0,4,3,2,1) : 44
(5,6,1) : 13
(5,6,1,0,2,3,4) : 13
(5,6,1,0,2,4,3) : 1
(5,6,1,0,3,2,4) : 3
(5,6,1,0,3,4,2) : 6
(5,6,1,0,4,2,3) : 1
(5,6,1,0,4,3,2) : 5
(5,6,1,2) : 1
(5,6,1,2,0,3,4) : 3
(5,6,1,2,0,4,3) : 1
(5,6,1,2,3,0) : 1
(5,6,1,2,3,0,4) : 4
(5,6,1,2,3,4,0) : 1
(5,6,1,2,4,0,3) : 1
(5,6,1,3) : 1
(5,6,1,3,0,2,4) : 4
(5,6,1,3,0,4,2) : 15
(5,6,1,3,2,0,4) : 10
(5,6,1,3,2,4,0) : 2
(5,6,1,3,4,0,2) : 10
(5,6,1,3,4,2,0) : 5
(5,6,1,4,0,2,3) : 1
(5,6,1,4,0,3,2) : 2
(5,6,1,4,2,3,0) : 1
(5,6,1,4,3,0,2) : 4
(5,6,1,4,3,2,0) : 3
(5,6,2) : 6
(5,6,2,0,1,3) : 1
(5,6,2,0,1,3,4) : 2
(5,6,2,0,3,1,4) : 2
(5,6,2,0,3,4,1) : 2
(5,6,2,0,4,3,1) : 3
(5,6,2,1,0,3,4) : 1
(5,6,2,1,3,0,4) : 1
(5,6,2,1,4,3,0) : 1
(5,6,2,3) : 2
(5,6,2,3,0,1,4) : 5
(5,6,2,3,0,4,1) : 9
(5,6,2,3,1,0,4) : 1
(5,6,2,3,1,4,0) : 1
(5,6,2,3,4,0,1) : 12
(5,6,2,3,4,1,0) : 5
(5,6,2,4) : 1
(5,6,2,4,0,1,3) : 1
(5,6,2,4,0,3,1) : 2
(5,6,2,4,1,0,3) : 1
(5,6,2,4,3,0,1) : 12
(5,6,2,4,3,1) : 1
(5,6,2,4,3,1,0) : 4
(5,6,3) : 75
(5,6,3,0) : 5
(5,6,3,0,1,2,4) : 26
(5,6,3,0,1,4,2) : 21
(5,6,3,0,2,1) : 4
(5,6,3,0,2,1,4) : 12
(5,6,3,0,2,4,1) : 50
(5,6,3,0,4) : 3
(5,6,3,0,4,1,2) : 37
(5,6,3,0,4,2) : 3
(5,6,3,0,4,2,1) : 107
(5,6,3,1) : 3
(5,6,3,1,0,2,4) : 28
(5,6,3,1,0,4) : 2
(5,6,3,1,0,4,2) : 19
(5,6,3,1,2,0,4) : 15
(5,6,3,1,2,4,0) : 7
(5,6,3,1,4,0) : 2
(5,6,3,1,4,0,2) : 19
(5,6,3,1,4,2,0) : 4
(5,6,3,2) : 2
(5,6,3,2,0,1) : 1
(5,6,3,2,0,1,4) : 10
(5,6,3,2,0,4) : 1
(5,6,3,2,0,4,1) : 30
(5,6,3,2,1) : 2
(5,6,3,2,1,0) : 4
(5,6,3,2,1,0,4) : 12
(5,6,3,2,1,4) : 1
(5,6,3,2,1,4,0) : 4
(5,6,3,2,4) : 1
(5,6,3,2,4,0,1) : 25
(5,6,3,2,4,1,0) : 9
(5,6,3,4) : 8
(5,6,3,4,0,1,2) : 52
(5,6,3,4,0,2,1) : 90
(5,6,3,4,1) : 1
(5,6,3,4,1,0) : 1
(5,6,3,4,1,0,2) : 18
(5,6,3,4,1,2) : 1
(5,6,3,4,1,2,0) : 11
(5,6,3,4,2) : 1
(5,6,3,4,2,0,1) : 68
(5,6,3,4,2,1) : 1
(5,6,3,4,2,1,0) : 25
(5,6,4) : 14
(5,6,4,0,1,2,3) : 12
(5,6,4,0,1,3,2) : 4
(5,6,4,0,2,1) : 1
(5,6,4,0,2,1,3) : 5
(5,6,4,0,2,3,1) : 17
(5,6,4,0,3,1,2) : 18
(5,6,4,0,3,2,1) : 35
(5,6,4,1,0,2,3) : 3
(5,6,4,1,0,3,2) : 4
(5,6,4,1,2,0,3) : 1
(5,6,4,1,2,3,0) : 3
(5,6,4,1,3,0,2) : 4
(5,6,4,2,0,1,3) : 7
(5,6,4,2,0,3,1) : 10
(5,6,4,2,1,0,3) : 6
(5,6,4,2,1,3,0) : 3
(5,6,4,2,3,0,1) : 9
(5,6,4,2,3,1,0) : 12
(5,6,4,3) : 4
(5,6,4,3,0) : 1
(5,6,4,3,0,1) : 1
(5,6,4,3,0,1,2) : 31
(5,6,4,3,0,2,1) : 56
(5,6,4,3,1,0,2) : 17
(5,6,4,3,1,2,0) : 7
(5,6,4,3,2,0,1) : 72
(5,6,4,3,2,1,0) : 139
(6) : 2114
(6,0) : 18
(6,0,1) : 3
(6,0,1,2,3,4,5) : 4
(6,0,1,3,2,4,5) : 1
(6,0,1,4,3,2,5) : 1
(6,0,1,4,3,5,2) : 1
(6,0,1,5,3,4,2) : 2
(6,0,1,5,4,2,3) : 1
(6,0,1,5,4,3,2) : 1
(6,0,2) : 1
(6,0,2,1,3,4,5) : 1
(6,0,2,3,4,5,1) : 1
(6,0,2,3,5,1,4) : 1
(6,0,2,4,3,1,5) : 1
(6,0,3) : 2
(6,0,3,1,4,2,5) : 2
(6,0,3,1,4,5,2) : 1
(6,0,3,1,5,2) : 1
(6,0,3,2,5,1,4) : 1
(6,0,3,4) : 2
(6,0,3,4,1,2,5) : 2
(6,0,3,4,2,5,1) : 2
(6,0,3,4,5,1,2) : 1
(6,0,3,5,1,2,4) : 1
(6,0,3,5,2,4,1) : 1
(6,0,3,5,4,2,1) : 7
(6,0,4,1,2,3,5) : 1
(6,0,4,1,2,5,3) : 1
(6,0,4,2,1,5,3) : 1
(6,0,4,2,3,1,5) : 2
(6,0,4,2,3,5,1) : 1
(6,0,4,3,1,2,5) : 1
(6,0,4,3,2,1,5) : 1
(6,0,4,3,2,5,1) : 2
(6,0,4,3,5,1,2) : 2
(6,0,4,3,5,2,1) : 1
(6,0,4,5) : 1
(6,0,4,5,3,2,1) : 1
(6,0,5) : 5
(6,0,5,1) : 1
(6,0,5,1,2,3,4) : 1
(6,0,5,1,3,4,2) : 1
(6,0,5,1,4,2,3) : 1
(6,0,5,1,4,3,2) : 1
(6,0,5,3,1,4,2) : 1
(6,0,5,3,2,1,4) : 1
(6,0,5,3,4,1,2) : 2
(6,0,5,3,4,2,1) : 2
(6,0,5,4) : 1
(6,0,5,4,3,2,1) : 1
(6,1) : 21
(6,1,0,2,3,4,5) : 4
(6,1,0,3,2,4,5) : 2
(6,1,0,3,4) : 1
(6,1,0,3,4,2,5) : 2
(6,1,0,3,4,5,2) : 1
(6,1,0,4,2,5,3) : 1
(6,1,0,4,3,2,5) : 1
(6,1,0,5,3,2,4) : 1
(6,1,0,5,4,2,3) : 1
(6,1,0,5,4,3,2) : 1
(6,1,2) : 1
(6,1,2,0,3,4,5) : 1
(6,1,2,0,4,3,5) : 2
(6,1,2,3,0,4,5) : 1
(6,1,2,3,4,0,5) : 2
(6,1,2,3,5,4,0) : 1
(6,1,3) : 6
(6,1,3,0) : 1
(6,1,3,0,2,4,5) : 3
(6,1,3,0,2,5,4) : 1
(6,1,3,0,4,2,5) : 5
(6,1,3,0,4,5,2) : 3
(6,1,3,0,5,4,2) : 1
(6,1,3,2,0,4,5) : 1
(6,1,3,2,0,5,4) : 1
(6,1,3,2,4,0,5) : 2
(6,1,3,2,5,4,0) : 2
(6,1,3,4,0,2,5) : 1
(6,1,3,4,0,5,2) : 3
(6,1,3,4,2,0,5) : 2
(6,1,3,4,5,0,2) : 1
(6,1,3,5) : 1
(6,1,3,5,0,2,4) : 3
(6,1,3,5,0,4,2) : 1
(6,1,3,5,4,0,2) : 2
(6,1,3,5,4,2,0) : 1
(6,1,4) : 2
(6,1,4,0) : 1
(6,1,4,0,2,3,5) : 1
(6,1,4,0,3,2,5) : 1
(6,1,4,2,0,3,5) : 1
(6,1,4,2,0,5) : 1
(6,1,4,3,0,2,5) : 2
(6,1,4,3,2,0,5) : 1
(6,1,4,3,5,0,2) : 2
(6,1,5) : 7
(6,1,5,0,2,3,4) : 2
(6,1,5,0,3,2,4) : 1
(6,1,5,0,3,4,2) : 3
(6,1,5,0,4,3,2) : 1
(6,1,5,2,3,4,0) : 1
(6,1,5,3) : 1
(6,1,5,3,0,2,4) : 2
(6,1,5,3,0,4,2) : 2
(6,1,5,3,2,0,4) : 1
(6,1,5,3,4,0,2) : 1
(6,1,5,3,4,2,0) : 1
(6,1,5,4,0,3,2) : 4
(6,1,5,4,2,0,3) : 1
(6,1,5,4,2,3,0) : 1
(6,1,5,4,3,2,0) : 2
(6,2,0) : 2
(6,2,0,1,3,4,5) : 3
(6,2,0,1,5,4,3) : 1
(6,2,0,3) : 2
(6,2,0,3,1,4,5) : 1
(6,2,0,3,4,1,5) : 1
(6,2,1) : 2
(6,2,1,3,4,5,0) : 1
(6,2,1,5,0,3,4) : 1
(6,2,3) : 1
(6,2,3,0,1,4,5) : 1
(6,2,3,0,4,5,1) : 2
(6,2,3,4,0,1,5) : 1
(6,2,3,4,0,5,1) : 1
(6,2,3,4,1,5,0) : 1
(6,2,3,5,0,4,1) : 1
(6,2,4,0,3) : 1
(6,2,5) : 1
(6,2,5,0) : 1
(6,2,5,3,4,0,1) : 2
(6,3) : 124
(6,3,0) : 3
(6,3,0,1,2,4,5) : 4
(6,3,0,1,2,5,4) : 1
(6,3,0,1,4,2,5) : 1
(6,3,0,1,4,5,2) : 5
(6,3,0,1,5,2,4) : 1
(6,3,0,1,5,4,2) : 2
(6,3,0,2,1,4,5) : 2
(6,3,0,2,1,5,4) : 1
(6,3,0,2,4,1,5) : 1
(6,3,0,2,5,1,4) : 1
(6,3,0,2,5,4,1) : 1
(6,3,0,4) : 1
(6,3,0,4,1,5,2) : 2
(6,3,0,4,2,1,5) : 4
(6,3,0,4,2,5,1) : 3
(6,3,0,4,5,1,2) : 8
(6,3,0,4,5,2,1) : 9
(6,3,0,5,1,2,4) : 1
(6,3,0,5,1,4,2) : 6
(6,3,0,5,4,1,2) : 2
(6,3,0,5,4,2,1) : 4
(6,3,1) : 7
(6,3,1,0,2,4,5) : 3
(6,3,1,0,2,5,4) : 1
(6,3,1,0,4,2,5) : 6
(6,3,1,0,4,5,2) : 4
(6,3,1,0,5,2,4) : 1
(6,3,1,0,5,4,2) : 3
(6,3,1,2,0,4,5) : 4
(6,3,1,2,4,0) : 1
(6,3,1,2,4,0,5) : 1
(6,3,1,2,4,5,0) : 2
(6,3,1,4,0,2,5) : 2
(6,3,1,4,0,5,2) : 4
(6,3,1,4,2,0,5) : 2
(6,3,1,4,5,0,2) : 1
(6,3,1,4,5,2,0) : 2
(6,3,1,5) : 1
(6,3,1,5,0,2,4) : 3
(6,3,1,5,0,4,2) : 3
(6,3,1,5,2,0,4) : 1
(6,3,1,5,2,4,0) : 2
(6,3,1,5,4,0,2) : 6
(6,3,1,5,4,2,0) : 2
(6,3,2) : 2
(6,3,2,0,4,1,5) : 3
(6,3,2,0,4,5,1) : 3
(6,3,2,0,5,1) : 1
(6,3,2,1,0,4,5) : 2
(6,3,2,1,0,5,4) : 2
(6,3,2,1,4,0,5) : 1
(6,3,2,1,5,0,4) : 1
(6,3,2,4,0,1,5) : 1
(6,3,2,4,1,0,5) : 2
(6,3,2,5,0,4,1) : 1
(6,3,2,5,1,0,4) : 1
(6,3,2,5,4,0,1) : 3
(6,3,2,5,4,1,0) : 1
(6,3,4) : 285
(6,3,4,0) : 2
(6,3,4,0,1,2,5) : 10
(6,3,4,0,1,5) : 1
(6,3,4,0,1,5,2) : 7
(6,3,4,0,2,1,5) : 9
(6,3,4,0,2,5,1) : 9
(6,3,4,0,5,1,2) : 17
(6,3,4,0,5,2,1) : 13
(6,3,4,1) : 2
(6,3,4,1,0,2,5) : 11
(6,3,4,1,0,5,2) : 7
(6,3,4,1,2,0,5) : 4
(6,3,4,1,2,5,0) : 1
(6,3,4,1,5,0,2) : 6
(6,3,4,1,5,2,0) : 6
(6,3,4,2,0,1,5) : 6
(6,3,4,2,0,5,1) : 2
(6,3,4,2,1,0,5) : 1
(6,3,4,2,5,0,1) : 1
(6,3,4,5) : 13
(6,3,4,5,0) : 1
(6,3,4,5,0,1,2) : 48
(6,3,4,5,0,2,1) : 19
(6,3,4,5,1) : 2
(6,3,4,5,1,0,2) : 26
(6,3,4,5,1,2,0) : 6
(6,3,4,5,2,0,1) : 7
(6,3,4,5,2,1,0) : 2
(6,3,5) : 59
(6,3,5,0) : 1
(6,3,5,0,1,2,4) : 5
(6,3,5,0,1,4,2) : 5
(6,3,5,0,2,4,1) : 4
(6,3,5,0,4,1,2) : 22
(6,3,5,0,4,2,1) : 13
(6,3,5,1) : 3
(6,3,5,1,0,2) : 1
(6,3,5,1,0,2,4) : 5
(6,3,5,1,0,4,2) : 11
(6,3,5,1,2,0,4) : 3
(6,3,5,1,2,4) : 1
(6,3,5,1,2,4,0) : 3
(6,3,5,1,4,0,2) : 14
(6,3,5,1,4,2,0) : 4
(6,3,5,2,0,4,1) : 1
(6,3,5,2,1,0,4) : 2
(6,3,5,2,4,0,1) : 2
(6,3,5,4) : 5
(6,3,5,4,0,1,2) : 51
(6,3,5,4,0,2,1) : 29
(6,3,5,4,1,0,2) : 19
(6,3,5,4,1,2,0) : 1
(6,3,5,4,2,0,1) : 8
(6,3,5,4,2,1,0) : 1
(6,4) : 17
(6,4,0) : 2
(6,4,0,1,2,3,5) : 1
(6,4,0,1,3,2,5) : 1
(6,4,0,2,1,5) : 1
(6,4,0,2,3,5,1) : 1
(6,4,0,3,1,2,5) : 1
(6,4,0,3,2,1,5) : 2
(6,4,0,3,2,5,1) : 3
(6,4,0,3,5,1,2) : 6
(6,4,0,3,5,2,1) : 3
(6,4,0,5,3,1,2) : 4
(6,4,0,5,3,2,1) : 1
(6,4,1,0,2,3,5) : 1
(6,4,1,0,3,2,5) : 1
(6,4,1,2,0,3) : 1
(6,4,1,2,0,3,5) : 1
(6,4,1,3,0,2,5) : 1
(6,4,1,3,0,5,2) : 1
(6,4,1,3,2,0,5) : 1
(6,4,1,3,2,5,0) : 1
(6,4,1,3,5,0,2) : 1
(6,4,1,5,3,0,2) : 1
(6,4,2,0,3,1,5) : 1
(6,4,2,1,0,3,5) : 1
(6,4,2,3) : 1
(6,4,3) : 15
(6,4,3,0,1,2,5) : 1
(6,4,3,0,1,5,2) : 3
(6,4,3,0,2,1,5) : 3
(6,4,3,0,2,5,1) : 3
(6,4,3,0,5,1,2) : 14
(6,4,3,0,5,2,1) : 4
(6,4,3,1,0,2,5) : 1
(6,4,3,1,5,0,2) : 2
(6,4,3,1,5,2,0) : 1
(6,4,3,2,0,1,5) : 2
(6,4,3,2,0,5,1) : 1
(6,4,3,2,1,0,5) : 1
(6,4,3,2,5) : 1
(6,4,3,5) : 5
(6,4,3,5,0,1,2) : 13
(6,4,3,5,0,2,1) : 3
(6,4,3,5,1,0,2) : 5
(6,4,3,5,1,2,0) : 2
(6,4,3,5,2,0,1) : 5
(6,4,3,5,2,1,0) : 2
(6,4,5) : 16
(6,4,5,0,1,2,3) : 1
(6,4,5,0,1,3,2) : 1
(6,4,5,0,2,3,1) : 2
(6,4,5,0,3,1,2) : 2
(6,4,5,1,0,3,2) : 2
(6,4,5,1,3,0,2) : 3
(6,4,5,2,1,0,3) : 1
(6,4,5,3) : 2
(6,4,5,3,0,1,2) : 17
(6,4,5,3,0,2,1) : 8
(6,4,5,3,1,0,2) : 5
(6,4,5,3,1,2,0) : 2
(6,4,5,3,2,0,1) : 3
(6,4,5,3,2,1,0) : 2
(6,5) : 277
(6,5,0) : 4
(6,5,0,1) : 1
(6,5,0,1,2,3) : 1
(6,5,0,1,2,3,4) : 8
(6,5,0,1,2,4,3) : 1
(6,5,0,1,3,2,4) : 2
(6,5,0,1,3,4,2) : 9
(6,5,0,1,4,3,2) : 3
(6,5,0,2,1,3,4) : 2
(6,5,0,2,1,4,3) : 2
(6,5,0,2,3,4,1) : 4
(6,5,0,3) : 1
(6,5,0,3,1,2,4) : 2
(6,5,0,3,1,4,2) : 4
(6,5,0,3,2,1) : 2
(6,5,0,3,2,4,1) : 3
(6,5,0,3,4) : 1
(6,5,0,3,4,1,2) : 19
(6,5,0,3,4,2,1) : 10
(6,5,0,4) : 2
(6,5,0,4,1,2,3) : 1
(6,5,0,4,1,3,2) : 2
(6,5,0,4,2,3,1) : 4
(6,5,0,4,3,1,2) : 13
(6,5,0,4,3,2,1) : 10
(6,5,1) : 15
(6,5,1,0) : 1
(6,5,1,0,2,3,4) : 2
(6,5,1,0,3,2,4) : 3
(6,5,1,0,3,4,2) : 5
(6,5,1,0,4,3,2) : 6
(6,5,1,2,0,3,4) : 1
(6,5,1,2,3,4,0) : 3
(6,5,1,2,4,0,3) : 1
(6,5,1,3,0,2,4) : 5
(6,5,1,3,0,4,2) : 8
(6,5,1,3,2,0,4) : 3
(6,5,1,3,4,0,2) : 13
(6,5,1,3,4,2,0) : 1
(6,5,1,4,3,0,2) : 1
(6,5,1,4,3,2) : 1
(6,5,1,4,3,2,0) : 1
(6,5,2) : 1
(6,5,2,0,3,1,4) : 1
(6,5,2,0,3,4,1) : 2
(6,5,2,1,0,3,4) : 1
(6,5,2,1,3,0,4) : 1
(6,5,2,3,0,4,1) : 4
(6,5,2,3,1,0,4) : 1
(6,5,2,3,1,4,0) : 1
(6,5,2,3,4,0,1) : 3
(6,5,2,3,4,1,0) : 1
(6,5,2,4,3,0,1) : 1
(6,5,3) : 37
(6,5,3,0) : 1
(6,5,3,0,1,2,4) : 11
(6,5,3,0,1,4,2) : 10
(6,5,3,0,2,1,4) : 3
(6,5,3,0,2,4,1) : 4
(6,5,3,0,4,1) : 1
(6,5,3,0,4,1,2) : 49
(6,5,3,0,4,2,1) : 37
(6,5,3,1) : 3
(6,5,3,1,0,2) : 1
(6,5,3,1,0,2,4) : 12
(6,5,3,1,0,4,2) : 14
(6,5,3,1,2,0,4) : 1
(6,5,3,1,2,4,0) : 2
(6,5,3,1,4,0,2) : 16
(6,5,3,1,4,2,0) : 6
(6,5,3,2,0,1,4) : 3
(6,5,3,2,1,0,4) : 3
(6,5,3,2,4,0,1) : 5
(6,5,3,4) : 10
(6,5,3,4,0,1,2) : 86
(6,5,3,4,0,2,1) : 49
(6,5,3,4,1,0,2) : 25
(6,5,3,4,1,2,0) : 9
(6,5,3,4,2) : 2
(6,5,3,4,2,0,1) : 16
(6,5,3,4,2,1,0) : 10
(6,5,4) : 19
(6,5,4,0) : 1
(6,5,4,0,1,2,3) : 5
(6,5,4,0,1,3,2) : 7
(6,5,4,0,2,1,3) : 1
(6,5,4,0,2,3,1) : 2
(6,5,4,0,3,1,2) : 16
(6,5,4,0,3,2,1) : 5
(6,5,4,1,0,2,3) : 2
(6,5,4,1,2,3,0) : 1
(6,5,4,1,3,0,2) : 1
(6,5,4,1,3,2,0) : 1
(6,5,4,2,0,1,3) : 1
(6,5,4,2,0,3,1) : 1
(6,5,4,2,1,0,3) : 2
(6,5,4,2,1,3,0) : 1
(6,5,4,2,3,1,0) : 1
(6,5,4,3) : 2
(6,5,4,3,0,1,2) : 41
(6,5,4,3,0,2,1) : 27
(6,5,4,3,1,0,2) : 22
(6,5,4,3,1,2,0) : 4
(6,5,4,3,2,0,1) : 11
(6,5,4,3,2,1,0) : 29
