0, 1, 2, 3, 4
NLT,LAB,CDP,LIB,GRN
-+-+-+-+-
() : 82
(0) : 809
(0,1) : 59
(0,1,2,3) : 6
(0,1,2,3,4) : 127
(0,1,2,4) : 1
(0,1,2,4,3) : 15
(0,1,3) : 3
(0,1,3,2) : 3
(0,1,3,2,4) : 26
(0,1,3,4,2) : 17
(0,1,4) : 4
(0,1,4,2,3) : 15
(0,1,4,3,2) : 29
(0,2) : 11
(0,2,1) : 1
(0,2,1,3,4) : 10
(0,2,1,4,3) : 4
(0,2,3,1) : 1
(0,2,3,1,4) : 6
(0,2,3,4,1) : 7
(0,2,4) : 1
(0,2,4,1,3) : 3
(0,2,4,3,1) : 9
(0,3) : 31
(0,3,1) : 2
(0,3,1,2) : 1
(0,3,1,2,4) : 30
(0,3,1,4) : 1
(0,3,1,4,2) : 12
(0,3,2) : 1
(0,3,2,1) : 1
(0,3,2,1,4) : 10
(0,3,2,4,1) : 3
(0,3,4) : 2
(0,3,4,1) : 1
(0,3,4,1,2) : 10
(0,3,4,2,1) : 14
(0,4) : 26
(0,4,1) : 2
(0,4,1,2,3) : 20
(0,4,1,3,2) : 23
(0,4,2,1,3) : 3
(0,4,2,3,1) : 9
(0,4,3) : 1
(0,4,3,1) : 1
(0,4,3,1,2) : 14
(0,4,3,2,1) : 7
(1) : 13560
(1,0) : 141
(1,0,2) : 6
(1,0,2,3) : 2
(1,0,2,3,4) : 224
(1,0,2,4,3) : 133
(1,0,3) : 7
(1,0,3,2) : 2
(1,0,3,2,4) : 69
(1,0,3,4) : 1
(1,0,3,4,2) : 93
(1,0,4) : 29
(1,0,4,2) : 1
(1,0,4,2,3) : 176
(1,0,4,3) : 3
(1,0,4,3,2) : 132
(1,2) : 50
(1,2,0) : 4
(1,2,0,3) : 1
(1,2,0,3,4) : 70
(1,2,0,4,3) : 53
(1,2,3) : 11
(1,2,3,0) : 4
(1,2,3,0,4) : 64
(1,2,3,4) : 7
(1,2,3,4,0) : 86
(1,2,4) : 8
(1,2,4,0) : 1
(1,2,4,0,3) : 53
(1,2,4,3,0) : 31
(1,3) : 253
(1,3,0) : 14
(1,3,0,2) : 5
(1,3,0,2,4) : 112
(1,3,0,4) : 1
(1,3,0,4,2) : 78
(1,3,2) : 5
(1,3,2,0) : 5
(1,3,2,0,4) : 114
(1,3,2,4) : 2
(1,3,2,4,0) : 54
(1,3,4) : 58
(1,3,4,0) : 4
(1,3,4,0,2) : 287
(1,3,4,2) : 4
(1,3,4,2,0) : 181
(1,4) : 1187
(1,4,0) : 68
(1,4,0,2) : 4
(1,4,0,2,3) : 807
(1,4,0,3) : 6
(1,4,0,3,2) : 790
(1,4,2) : 19
(1,4,2,0) : 3
(1,4,2,0,3) : 208
(1,4,2,3) : 2
(1,4,2,3,0) : 71
(1,4,3) : 108
(1,4,3,0) : 8
(1,4,3,0,2) : 788
(1,4,3,2) : 1
(1,4,3,2,0) : 270
(2) : 451
(2,0) : 10
(2,0,1,3,4) : 8
(2,0,1,4,3) : 4
(2,0,3) : 1
(2,0,3,1,4) : 9
(2,0,3,4,1) : 2
(2,0,4,1,3) : 8
(2,0,4,3,1) : 13
(2,1) : 16
(2,1,0) : 2
(2,1,0,3,4) : 18
(2,1,0,4,3) : 5
(2,1,3) : 4
(2,1,3,0,4) : 25
(2,1,3,4,0) : 17
(2,1,4) : 2
(2,1,4,0,3) : 7
(2,1,4,3,0) : 3
(2,3) : 66
(2,3,0) : 1
(2,3,0,1) : 1
(2,3,0,1,4) : 44
(2,3,0,4,1) : 9
(2,3,1) : 6
(2,3,1,0,4) : 71
(2,3,1,4,0) : 19
(2,3,4) : 1
(2,3,4,0,1) : 3
(2,3,4,1,0) : 11
(2,4) : 12
(2,4,0,1,3) : 7
(2,4,0,3,1) : 1
(2,4,1) : 3
(2,4,1,0,3) : 2
(2,4,1,3,0) : 5
(2,4,3,0,1) : 3
(2,4,3,1,0) : 3
(3) : 10135
(3,0) : 126
(3,0,1) : 10
(3,0,1,2) : 1
(3,0,1,2,4) : 98
(3,0,1,4) : 2
(3,0,1,4,2) : 97
(3,0,2) : 3
(3,0,2,1) : 1
(3,0,2,1,4) : 119
(3,0,2,4,1) : 127
(3,0,4) : 9
(3,0,4,1) : 1
(3,0,4,1,2) : 81
(3,0,4,2) : 1
(3,0,4,2,1) : 62
(3,1) : 257
(3,1,0) : 9
(3,1,0,2) : 1
(3,1,0,2,4) : 141
(3,1,0,4) : 4
(3,1,0,4,2) : 120
(3,1,2) : 7
(3,1,2,0) : 2
(3,1,2,0,4) : 105
(3,1,2,4) : 1
(3,1,2,4,0) : 73
(3,1,4) : 50
(3,1,4,0) : 1
(3,1,4,0,2) : 260
(3,1,4,2) : 1
(3,1,4,2,0) : 132
(3,2) : 125
(3,2,0) : 11
(3,2,0,1) : 3
(3,2,0,1,4) : 203
(3,2,0,4,1) : 111
(3,2,1) : 13
(3,2,1,0) : 2
(3,2,1,0,4) : 138
(3,2,1,4) : 2
(3,2,1,4,0) : 80
(3,2,4) : 2
(3,2,4,0) : 1
(3,2,4,0,1) : 38
(3,2,4,1,0) : 38
(3,4) : 176
(3,4,0) : 8
(3,4,0,1) : 2
(3,4,0,1,2) : 140
(3,4,0,2) : 1
(3,4,0,2,1) : 85
(3,4,1) : 48
(3,4,1,0) : 3
(3,4,1,0,2) : 286
(3,4,1,2,0) : 86
(3,4,2) : 4
(3,4,2,0,1) : 61
(3,4,2,1) : 1
(3,4,2,1,0) : 70
(4) : 3594
(4,0) : 44
(4,0,1) : 8
(4,0,1,2,3) : 72
(4,0,1,3) : 2
(4,0,1,3,2) : 152
(4,0,2) : 2
(4,0,2,1,3) : 24
(4,0,2,3,1) : 19
(4,0,3) : 2
(4,0,3,1,2) : 38
(4,0,3,2,1) : 9
(4,1) : 2129
(4,1,0) : 47
(4,1,0,2) : 1
(4,1,0,2,3) : 495
(4,1,0,3) : 8
(4,1,0,3,2) : 1173
(4,1,2) : 6
(4,1,2,0) : 1
(4,1,2,0,3) : 82
(4,1,2,3) : 1
(4,1,2,3,0) : 50
(4,1,3) : 74
(4,1,3,0) : 7
(4,1,3,0,2) : 938
(4,1,3,2) : 3
(4,1,3,2,0) : 173
(4,2) : 16
(4,2,0) : 2
(4,2,0,1) : 2
(4,2,0,1,3) : 13
(4,2,0,3,1) : 4
(4,2,1) : 4
(4,2,1,0,3) : 11
(4,2,1,3,0) : 7
(4,2,3) : 1
(4,2,3,0,1) : 7
(4,2,3,1,0) : 3
(4,3) : 104
(4,3,0) : 6
(4,3,0,1) : 2
(4,3,0,1,2) : 56
(4,3,0,2,1) : 23
(4,3,1) : 32
(4,3,1,0) : 2
(4,3,1,0,2) : 233
(4,3,1,2) : 1
(4,3,1,2,0) : 58
(4,3,2) : 2
(4,3,2,0,1) : 20
(4,3,2,1) : 1
(4,3,2,1,0) : 24
