0, 1, 2, 3, 4
NP,CDP,CLP,NLT,GRN
-+-+-+-+-
() : 80
(0) : 15741
(0,1) : 3666
(0,1,2) : 20
(0,1,2,3) : 11
(0,1,2,3,4) : 801
(0,1,2,4) : 2
(0,1,2,4,3) : 212
(0,1,3) : 13
(0,1,3,2) : 1
(0,1,3,2,4) : 578
(0,1,3,4) : 2
(0,1,3,4,2) : 320
(0,1,4) : 8
(0,1,4,2,3) : 115
(0,1,4,3) : 2
(0,1,4,3,2) : 149
(0,2) : 157
(0,2,1) : 6
(0,2,1,3) : 1
(0,2,1,3,4) : 276
(0,2,1,4) : 2
(0,2,1,4,3) : 95
(0,2,3) : 4
(0,2,3,1) : 1
(0,2,3,1,4) : 179
(0,2,3,4) : 2
(0,2,3,4,1) : 176
(0,2,4) : 21
(0,2,4,1) : 1
(0,2,4,1,3) : 129
(0,2,4,3) : 1
(0,2,4,3,1) : 222
(0,3) : 102
(0,3,1) : 6
(0,3,1,2) : 1
(0,3,1,2,4) : 220
(0,3,1,4,2) : 130
(0,3,2) : 2
(0,3,2,1) : 4
(0,3,2,1,4) : 128
(0,3,2,4,1) : 87
(0,3,4) : 4
(0,3,4,1,2) : 76
(0,3,4,2,1) : 88
(0,4) : 145
(0,4,1) : 3
(0,4,1,2) : 2
(0,4,1,2,3) : 75
(0,4,1,3,2) : 45
(0,4,2) : 14
(0,4,2,1,3) : 88
(0,4,2,3) : 1
(0,4,2,3,1) : 156
(0,4,3) : 6
(0,4,3,1) : 1
(0,4,3,1,2) : 69
(0,4,3,2) : 2
(0,4,3,2,1) : 133
(1) : 678
(1,0) : 140
(1,0,2) : 2
(1,0,2,3,4) : 119
(1,0,2,4) : 1
(1,0,2,4,3) : 37
(1,0,3) : 6
(1,0,3,2,4) : 93
(1,0,3,4,2) : 22
(1,0,4) : 1
(1,0,4,2,3) : 12
(1,0,4,3,2) : 11
(1,2) : 11
(1,2,0) : 2
(1,2,0,3,4) : 34
(1,2,0,4,3) : 12
(1,2,3) : 1
(1,2,3,0) : 1
(1,2,3,0,4) : 13
(1,2,3,4) : 1
(1,2,3,4,0) : 29
(1,2,4) : 1
(1,2,4,0,3) : 6
(1,2,4,3,0) : 12
(1,3) : 15
(1,3,0) : 1
(1,3,0,2,4) : 25
(1,3,0,4,2) : 8
(1,3,2,0) : 2
(1,3,2,0,4) : 10
(1,3,2,4,0) : 7
(1,3,4,0,2) : 5
(1,3,4,2,0) : 13
(1,4) : 5
(1,4,0) : 1
(1,4,0,2,3) : 11
(1,4,0,3,2) : 6
(1,4,2) : 1
(1,4,2,0,3) : 5
(1,4,2,3,0) : 6
(1,4,3,0,2) : 6
(1,4,3,2,0) : 10
(2) : 6436
(2,0) : 102
(2,0,1) : 7
(2,0,1,3) : 1
(2,0,1,3,4) : 161
(2,0,1,4,3) : 46
(2,0,3) : 7
(2,0,3,1) : 1
(2,0,3,1,4) : 82
(2,0,3,4) : 1
(2,0,3,4,1) : 120
(2,0,4) : 13
(2,0,4,1,3) : 80
(2,0,4,3) : 3
(2,0,4,3,1) : 177
(2,1) : 28
(2,1,0) : 2
(2,1,0,3,4) : 110
(2,1,0,4,3) : 29
(2,1,3,0,4) : 40
(2,1,3,4,0) : 81
(2,1,4) : 5
(2,1,4,0,3) : 23
(2,1,4,3,0) : 60
(2,3) : 46
(2,3,0) : 1
(2,3,0,1) : 1
(2,3,0,1,4) : 78
(2,3,0,4) : 1
(2,3,0,4,1) : 52
(2,3,1) : 1
(2,3,1,0) : 1
(2,3,1,0,4) : 55
(2,3,1,4,0) : 79
(2,3,4) : 7
(2,3,4,0) : 1
(2,3,4,0,1) : 110
(2,3,4,1) : 2
(2,3,4,1,0) : 253
(2,4) : 356
(2,4,0) : 26
(2,4,0,1) : 3
(2,4,0,1,3) : 177
(2,4,0,3) : 4
(2,4,0,3,1) : 287
(2,4,1) : 7
(2,4,1,0) : 3
(2,4,1,0,3) : 68
(2,4,1,3) : 2
(2,4,1,3,0) : 222
(2,4,3) : 32
(2,4,3,0) : 1
(2,4,3,0,1) : 422
(2,4,3,1) : 3
(2,4,3,1,0) : 2496
(3) : 795
(3,0) : 23
(3,0,1,2) : 1
(3,0,1,2,4) : 33
(3,0,1,4,2) : 13
(3,0,2) : 2
(3,0,2,1,4) : 22
(3,0,2,4,1) : 11
(3,0,4) : 1
(3,0,4,1,2) : 3
(3,0,4,2,1) : 9
(3,1) : 6
(3,1,0,2,4) : 18
(3,1,0,4,2) : 4
(3,1,2,0,4) : 16
(3,1,2,4,0) : 10
(3,1,4,0,2) : 6
(3,1,4,2,0) : 10
(3,2) : 12
(3,2,0) : 1
(3,2,0,1,4) : 31
(3,2,0,4,1) : 19
(3,2,1,0) : 2
(3,2,1,0,4) : 14
(3,2,1,4,0) : 6
(3,2,4,0,1) : 12
(3,2,4,1) : 1
(3,2,4,1,0) : 14
(3,4) : 11
(3,4,0,1,2) : 8
(3,4,0,2,1) : 9
(3,4,1) : 2
(3,4,1,0,2) : 8
(3,4,1,2,0) : 5
(3,4,2,0,1) : 21
(3,4,2,1) : 1
(3,4,2,1,0) : 26
(4) : 2885
(4,0) : 62
(4,0,1,2) : 1
(4,0,1,2,3) : 44
(4,0,1,3,2) : 13
(4,0,2) : 10
(4,0,2,1) : 1
(4,0,2,1,3) : 39
(4,0,2,3) : 1
(4,0,2,3,1) : 119
(4,0,3) : 3
(4,0,3,1,2) : 21
(4,0,3,2,1) : 58
(4,1) : 6
(4,1,0) : 1
(4,1,0,2) : 1
(4,1,0,2,3) : 13
(4,1,0,3,2) : 4
(4,1,2) : 1
(4,1,2,0,3) : 9
(4,1,2,3,0) : 18
(4,1,3) : 1
(4,1,3,0,2) : 7
(4,1,3,2,0) : 16
(4,2) : 460
(4,2,0) : 35
(4,2,0,1,3) : 128
(4,2,0,3,1) : 340
(4,2,1) : 4
(4,2,1,0,3) : 47
(4,2,1,3) : 1
(4,2,1,3,0) : 119
(4,2,3) : 20
(4,2,3,0) : 4
(4,2,3,0,1) : 513
(4,2,3,1) : 4
(4,2,3,1,0) : 1663
(4,3) : 23
(4,3,0) : 1
(4,3,0,1,2) : 14
(4,3,0,2,1) : 34
(4,3,1) : 1
(4,3,1,0,2) : 7
(4,3,1,2,0) : 41
(4,3,2) : 9
(4,3,2,0) : 1
(4,3,2,0,1) : 83
(4,3,2,1,0) : 146
