0, 1, 2, 3, 4, 5
NLT,CDP,IND,LAB,LIB,GRN
-+-+-+-+-
() : 349
(0) : 440
(0,1) : 8
(0,1,2) : 2
(0,1,2,3) : 3
(0,1,2,3,4) : 2
(0,1,2,3,4,5) : 54
(0,1,2,3,5,4) : 2
(0,1,2,4,3,5) : 2
(0,1,2,5,3,4) : 3
(0,1,3,2,4,5) : 1
(0,1,3,2,5,4) : 1
(0,1,3,4,2,5) : 1
(0,1,3,4,5,2) : 1
(0,1,4) : 1
(0,1,4,3,2,5) : 3
(0,1,4,3,5,2) : 1
(0,1,4,5,3,2) : 1
(0,1,5) : 1
(0,1,5,4,3,2) : 2
(0,2) : 5
(0,2,1,3,4,5) : 6
(0,2,1,3,5,4) : 3
(0,2,1,4,3,5) : 2
(0,2,1,5,3,4) : 1
(0,2,1,5,4,3) : 1
(0,2,3) : 1
(0,2,3,1,4,5) : 2
(0,2,3,4,1,5) : 3
(0,2,3,4,5,1) : 8
(0,2,3,5) : 1
(0,2,3,5,1,4) : 1
(0,2,3,5,4,1) : 1
(0,2,4) : 2
(0,2,4,1,3,5) : 2
(0,2,4,1,5) : 1
(0,2,4,1,5,3) : 3
(0,2,4,3) : 1
(0,2,4,3,5,1) : 6
(0,2,4,5,3,1) : 1
(0,2,5,1,3,4) : 4
(0,2,5,3,1,4) : 1
(0,2,5,3,4,1) : 1
(0,2,5,4,3,1) : 4
(0,3) : 7
(0,3,2,1,4) : 1
(0,3,2,1,4,5) : 3
(0,3,2,1,5,4) : 3
(0,3,2,4,1,5) : 2
(0,3,2,4,5) : 1
(0,3,2,4,5,1) : 4
(0,3,2,5,1,4) : 3
(0,3,2,5,4,1) : 1
(0,3,4,1,2,5) : 2
(0,3,4,2,1,5) : 3
(0,3,4,2,5,1) : 4
(0,3,4,5,2,1) : 1
(0,3,5) : 1
(0,3,5,1,2,4) : 1
(0,3,5,2,1) : 1
(0,3,5,2,1,4) : 2
(0,3,5,2,4,1) : 2
(0,3,5,4,1,2) : 1
(0,4) : 14
(0,4,1,2,3,5) : 4
(0,4,1,2,5,3) : 3
(0,4,2,1,5,3) : 1
(0,4,2,3,1,5) : 3
(0,4,2,3,5,1) : 2
(0,4,2,5,1,3) : 1
(0,4,2,5,3,1) : 2
(0,4,3) : 1
(0,4,3,1,2,5) : 1
(0,4,3,2,1,5) : 4
(0,4,3,2,5,1) : 1
(0,4,3,5,2,1) : 3
(0,4,5,1,2,3) : 1
(0,4,5,2,1,3) : 1
(0,4,5,2,3,1) : 1
(0,4,5,3,2) : 1
(0,4,5,3,2,1) : 3
(0,5) : 10
(0,5,1,2,3) : 1
(0,5,1,2,3,4) : 1
(0,5,1,3,2,4) : 1
(0,5,1,4,2,3) : 1
(0,5,2,1,3,4) : 2
(0,5,2,3,1,4) : 2
(0,5,2,3,4,1) : 3
(0,5,2,4,3,1) : 1
(0,5,3,2,1,4) : 2
(0,5,3,2,4,1) : 4
(0,5,3,4,1,2) : 1
(0,5,3,4,2,1) : 2
(0,5,4,3,2,1) : 6
(1) : 653
(1,0) : 2
(1,0,2) : 1
(1,0,2,3,4,5) : 5
(1,0,2,3,5,4) : 2
(1,0,2,4,3,5) : 4
(1,0,2,5,3,4) : 1
(1,0,2,5,4,3) : 1
(1,0,3,4,2,5) : 1
(1,0,3,5,2,4) : 1
(1,0,4,2,3,5) : 7
(1,0,5,2,3,4) : 1
(1,0,5,3,4,2) : 1
(1,2) : 7
(1,2,0) : 1
(1,2,0,3,4) : 1
(1,2,0,3,4,5) : 5
(1,2,0,4,3,5) : 7
(1,2,0,4,5,3) : 1
(1,2,0,5,3,4) : 1
(1,2,0,5,4,3) : 3
(1,2,3) : 2
(1,2,3,0,4,5) : 1
(1,2,3,0,5,4) : 3
(1,2,3,4,0,5) : 10
(1,2,3,4,5,0) : 8
(1,2,3,5,0,4) : 1
(1,2,3,5,4,0) : 2
(1,2,4) : 2
(1,2,4,0,3,5) : 10
(1,2,4,0,5,3) : 1
(1,2,4,3) : 1
(1,2,4,3,0,5) : 10
(1,2,4,3,5,0) : 16
(1,2,4,5,0,3) : 1
(1,2,4,5,3,0) : 4
(1,2,5) : 1
(1,2,5,0,3,4) : 3
(1,2,5,0,4,3) : 1
(1,2,5,3,4,0) : 2
(1,2,5,4,0,3) : 1
(1,3) : 25
(1,3,0,2,4,5) : 5
(1,3,0,2,5,4) : 4
(1,3,0,4,2,5) : 2
(1,3,0,4,5,2) : 1
(1,3,0,5,2,4) : 1
(1,3,2) : 2
(1,3,2,0,4,5) : 7
(1,3,2,0,5,4) : 2
(1,3,2,4,0,5) : 8
(1,3,2,4,5,0) : 7
(1,3,2,5,0,4) : 4
(1,3,2,5,4,0) : 7
(1,3,4) : 3
(1,3,4,0,2,5) : 1
(1,3,4,2) : 2
(1,3,4,2,0,5) : 18
(1,3,4,2,5) : 1
(1,3,4,2,5,0) : 9
(1,3,4,5) : 2
(1,3,4,5,0,2) : 3
(1,3,4,5,2,0) : 8
(1,3,5) : 2
(1,3,5,0,2,4) : 2
(1,3,5,2,0,4) : 4
(1,3,5,2,4,0) : 1
(1,3,5,4,2,0) : 4
(1,4) : 186
(1,4,0) : 1
(1,4,0,2,3,5) : 30
(1,4,0,2,5,3) : 4
(1,4,0,3) : 1
(1,4,0,3,2,5) : 8
(1,4,0,5,3,2) : 1
(1,4,2) : 7
(1,4,2,0,3,5) : 91
(1,4,2,0,5) : 1
(1,4,2,0,5,3) : 13
(1,4,2,3) : 2
(1,4,2,3,0,5) : 49
(1,4,2,3,5,0) : 32
(1,4,2,5,0,3) : 3
(1,4,2,5,3,0) : 10
(1,4,3) : 5
(1,4,3,0,2,5) : 16
(1,4,3,0,5,2) : 1
(1,4,3,2) : 7
(1,4,3,2,0) : 1
(1,4,3,2,0,5) : 46
(1,4,3,2,5,0) : 25
(1,4,3,5,0,2) : 3
(1,4,3,5,2) : 1
(1,4,3,5,2,0) : 9
(1,4,5) : 2
(1,4,5,0,2) : 1
(1,4,5,0,2,3) : 3
(1,4,5,0,3,2) : 1
(1,4,5,2,0,3) : 2
(1,4,5,2,3,0) : 4
(1,4,5,3,2) : 1
(1,4,5,3,2,0) : 3
(1,5) : 9
(1,5,0,2,3,4) : 2
(1,5,0,2,4,3) : 1
(1,5,2,0,3,4) : 1
(1,5,2,0,4,3) : 1
(1,5,2,3,4,0) : 1
(1,5,3,0,2,4) : 1
(1,5,3,2,0,4) : 2
(1,5,3,4,0,2) : 1
(1,5,3,4,2,0) : 2
(1,5,4,0,2,3) : 1
(1,5,4,2,3,0) : 1
(1,5,4,3) : 1
(1,5,4,3,2,0) : 3
(2) : 1019
(2,0) : 8
(2,0,1) : 2
(2,0,1,3,4,5) : 4
(2,0,1,3,5,4) : 1
(2,0,1,4,3,5) : 4
(2,0,1,4,5,3) : 1
(2,0,1,5,3,4) : 3
(2,0,1,5,4,3) : 2
(2,0,3) : 1
(2,0,3,1,4,5) : 1
(2,0,3,1,5,4) : 1
(2,0,3,4,1,5) : 1
(2,0,3,4,5,1) : 7
(2,0,4) : 1
(2,0,4,1,3,5) : 1
(2,0,4,3,1,5) : 1
(2,0,4,3,5,1) : 2
(2,0,4,5,1,3) : 1
(2,0,4,5,3,1) : 2
(2,0,5) : 1
(2,0,5,3,1,4) : 2
(2,0,5,3,4,1) : 6
(2,0,5,4,3,1) : 4
(2,1) : 6
(2,1,0) : 1
(2,1,0,3,4,5) : 4
(2,1,0,3,5,4) : 2
(2,1,0,4,3,5) : 12
(2,1,0,4,5,3) : 1
(2,1,0,5,3,4) : 2
(2,1,0,5,4,3) : 4
(2,1,3) : 1
(2,1,3,0,5,4) : 1
(2,1,3,4,0,5) : 2
(2,1,3,4,5,0) : 3
(2,1,3,5,0,4) : 1
(2,1,3,5,4,0) : 3
(2,1,4,0,3,5) : 1
(2,1,4,0,5,3) : 2
(2,1,4,3,0) : 1
(2,1,4,3,0,5) : 7
(2,1,4,3,5,0) : 6
(2,1,4,5,0,3) : 1
(2,1,4,5,3,0) : 2
(2,1,5,0,3,4) : 2
(2,1,5,3,0,4) : 1
(2,1,5,3,4,0) : 1
(2,1,5,4,3,0) : 5
(2,3) : 65
(2,3,0) : 2
(2,3,0,1,4,5) : 11
(2,3,0,1,5,4) : 3
(2,3,0,4,1,5) : 1
(2,3,0,4,5,1) : 7
(2,3,0,5,1,4) : 3
(2,3,0,5,4,1) : 6
(2,3,1) : 2
(2,3,1,0,4,5) : 7
(2,3,1,0,5,4) : 2
(2,3,1,4,0,5) : 3
(2,3,1,4,5,0) : 1
(2,3,1,5,0,4) : 1
(2,3,1,5,4,0) : 2
(2,3,4) : 5
(2,3,4,0,1,5) : 9
(2,3,4,0,5,1) : 4
(2,3,4,1,0,5) : 3
(2,3,4,1,5,0) : 5
(2,3,4,5) : 1
(2,3,4,5,0,1) : 22
(2,3,4,5,1,0) : 14
(2,3,5) : 15
(2,3,5,0,1,4) : 18
(2,3,5,0,4,1) : 19
(2,3,5,1,0,4) : 5
(2,3,5,1,4,0) : 3
(2,3,5,4) : 2
(2,3,5,4,0) : 1
(2,3,5,4,0,1) : 23
(2,3,5,4,1,0) : 21
(2,4) : 72
(2,4,0) : 1
(2,4,0,1) : 2
(2,4,0,1,3,5) : 5
(2,4,0,1,5,3) : 3
(2,4,0,3,1,5) : 3
(2,4,0,3,5,1) : 4
(2,4,0,5,1,3) : 1
(2,4,0,5,3,1) : 3
(2,4,1,0) : 1
(2,4,1,0,3,5) : 5
(2,4,1,0,5,3) : 2
(2,4,1,3,0,5) : 6
(2,4,1,3,5,0) : 4
(2,4,1,5,3,0) : 2
(2,4,3) : 8
(2,4,3,0,1,5) : 5
(2,4,3,0,5,1) : 7
(2,4,3,1) : 2
(2,4,3,1,0,5) : 8
(2,4,3,1,5) : 1
(2,4,3,1,5,0) : 9
(2,4,3,5,0) : 1
(2,4,3,5,0,1) : 12
(2,4,3,5,1,0) : 17
(2,4,5) : 6
(2,4,5,0,1,3) : 2
(2,4,5,0,3,1) : 2
(2,4,5,1,0,3) : 2
(2,4,5,1,3) : 1
(2,4,5,1,3,0) : 1
(2,4,5,3) : 1
(2,4,5,3,0,1) : 13
(2,4,5,3,1,0) : 15
(2,5) : 40
(2,5,0,1,3,4) : 9
(2,5,0,1,4,3) : 1
(2,5,0,3,1,4) : 2
(2,5,0,3,4,1) : 10
(2,5,0,4,3,1) : 4
(2,5,1,0,3,4) : 3
(2,5,1,0,4,3) : 1
(2,5,1,3,4,0) : 3
(2,5,1,4,0,3) : 2
(2,5,1,4,3,0) : 3
(2,5,3) : 4
(2,5,3,0) : 1
(2,5,3,0,1,4) : 24
(2,5,3,0,4,1) : 16
(2,5,3,1,0,4) : 4
(2,5,3,1,4,0) : 3
(2,5,3,4) : 8
(2,5,3,4,0,1) : 37
(2,5,3,4,1,0) : 12
(2,5,4) : 6
(2,5,4,0,1,3) : 1
(2,5,4,0,3,1) : 2
(2,5,4,1,0,3) : 1
(2,5,4,1,3,0) : 1
(2,5,4,3) : 2
(2,5,4,3,0,1) : 13
(2,5,4,3,1,0) : 17
(3) : 7791
(3,0) : 33
(3,0,1) : 5
(3,0,1,2) : 2
(3,0,1,2,4,5) : 30
(3,0,1,2,5,4) : 39
(3,0,1,4,2,5) : 8
(3,0,1,4,5) : 2
(3,0,1,4,5,2) : 7
(3,0,1,5,2,4) : 9
(3,0,1,5,4) : 1
(3,0,1,5,4,2) : 6
(3,0,2) : 4
(3,0,2,1) : 1
(3,0,2,1,4) : 1
(3,0,2,1,4,5) : 15
(3,0,2,1,5) : 1
(3,0,2,1,5,4) : 27
(3,0,2,4,1,5) : 8
(3,0,2,4,5,1) : 7
(3,0,2,5,1) : 1
(3,0,2,5,1,4) : 26
(3,0,2,5,4,1) : 23
(3,0,4) : 4
(3,0,4,1,2,5) : 5
(3,0,4,1,5,2) : 1
(3,0,4,2,1,5) : 9
(3,0,4,2,5,1) : 5
(3,0,4,5,1,2) : 3
(3,0,4,5,2,1) : 7
(3,0,5) : 4
(3,0,5,1,2,4) : 22
(3,0,5,1,4) : 1
(3,0,5,1,4,2) : 4
(3,0,5,2,1) : 1
(3,0,5,2,1,4) : 37
(3,0,5,2,4,1) : 12
(3,0,5,4,1,2) : 2
(3,0,5,4,2) : 1
(3,0,5,4,2,1) : 9
(3,1) : 35
(3,1,0) : 4
(3,1,0,2,4,5) : 9
(3,1,0,2,5,4) : 16
(3,1,0,4) : 1
(3,1,0,4,2,5) : 2
(3,1,0,4,5) : 1
(3,1,0,4,5,2) : 1
(3,1,0,5,2,4) : 4
(3,1,0,5,4,2) : 1
(3,1,2) : 1
(3,1,2,0,4,5) : 15
(3,1,2,0,5,4) : 21
(3,1,2,4) : 1
(3,1,2,4,0,5) : 15
(3,1,2,4,5) : 1
(3,1,2,4,5,0) : 17
(3,1,2,5,0) : 1
(3,1,2,5,0,4) : 17
(3,1,2,5,4,0) : 9
(3,1,4) : 3
(3,1,4,0) : 1
(3,1,4,0,2,5) : 17
(3,1,4,0,5) : 1
(3,1,4,0,5,2) : 1
(3,1,4,2,0,5) : 10
(3,1,4,2,5,0) : 13
(3,1,4,5,0,2) : 2
(3,1,4,5,2,0) : 9
(3,1,5) : 5
(3,1,5,0,2,4) : 12
(3,1,5,0,4) : 1
(3,1,5,2,0,4) : 17
(3,1,5,2,4,0) : 7
(3,1,5,4) : 2
(3,1,5,4,0) : 1
(3,1,5,4,0,2) : 7
(3,1,5,4,2,0) : 14
(3,2) : 75
(3,2,0) : 6
(3,2,0,1,4,5) : 36
(3,2,0,1,5,4) : 39
(3,2,0,4,1,5) : 2
(3,2,0,4,5,1) : 19
(3,2,0,5) : 1
(3,2,0,5,1) : 1
(3,2,0,5,1,4) : 38
(3,2,0,5,4,1) : 15
(3,2,1) : 4
(3,2,1,0,4) : 1
(3,2,1,0,4,5) : 37
(3,2,1,0,5) : 1
(3,2,1,0,5,4) : 43
(3,2,1,4,0,5) : 13
(3,2,1,4,5) : 2
(3,2,1,4,5,0) : 19
(3,2,1,5,0) : 1
(3,2,1,5,0,4) : 15
(3,2,1,5,4) : 1
(3,2,1,5,4,0) : 10
(3,2,4) : 12
(3,2,4,0) : 1
(3,2,4,0,1,5) : 13
(3,2,4,0,5,1) : 12
(3,2,4,1,0) : 1
(3,2,4,1,0,5) : 8
(3,2,4,1,5,0) : 10
(3,2,4,5) : 5
(3,2,4,5,0,1) : 37
(3,2,4,5,1) : 1
(3,2,4,5,1,0) : 56
(3,2,5) : 34
(3,2,5,0) : 5
(3,2,5,0,1,4) : 108
(3,2,5,0,4) : 2
(3,2,5,0,4,1) : 52
(3,2,5,1,0,4) : 68
(3,2,5,1,4) : 1
(3,2,5,1,4,0) : 16
(3,2,5,4) : 4
(3,2,5,4,0) : 1
(3,2,5,4,0,1) : 73
(3,2,5,4,1) : 3
(3,2,5,4,1,0) : 63
(3,4) : 143
(3,4,0) : 1
(3,4,0,1,2) : 2
(3,4,0,1,2,5) : 29
(3,4,0,1,5,2) : 7
(3,4,0,2,1,5) : 11
(3,4,0,2,5,1) : 6
(3,4,0,5,1,2) : 3
(3,4,0,5,2,1) : 9
(3,4,1) : 3
(3,4,1,0,2,5) : 3
(3,4,1,0,5) : 1
(3,4,1,0,5,2) : 2
(3,4,1,2,0,5) : 12
(3,4,1,2,5,0) : 12
(3,4,1,5,0) : 1
(3,4,1,5,0,2) : 2
(3,4,1,5,2,0) : 15
(3,4,2) : 18
(3,4,2,0,1,5) : 26
(3,4,2,0,5,1) : 13
(3,4,2,1) : 1
(3,4,2,1,0,5) : 31
(3,4,2,1,5,0) : 31
(3,4,2,5) : 2
(3,4,2,5,0) : 1
(3,4,2,5,0,1) : 46
(3,4,2,5,1) : 1
(3,4,2,5,1,0) : 43
(3,4,5) : 19
(3,4,5,0,1) : 1
(3,4,5,0,1,2) : 21
(3,4,5,0,2,1) : 21
(3,4,5,1) : 2
(3,4,5,1,0) : 1
(3,4,5,1,0,2) : 7
(3,4,5,1,2,0) : 11
(3,4,5,2) : 7
(3,4,5,2,0,1) : 75
(3,4,5,2,1) : 1
(3,4,5,2,1,0) : 127
(3,5) : 413
(3,5,0) : 17
(3,5,0,1) : 8
(3,5,0,1,2) : 21
(3,5,0,1,2,4) : 4065
(3,5,0,1,4) : 2
(3,5,0,1,4,2) : 17
(3,5,0,2) : 4
(3,5,0,2,1,4) : 163
(3,5,0,2,4,1) : 86
(3,5,0,4,1,2) : 4
(3,5,0,4,2) : 1
(3,5,0,4,2,1) : 23
(3,5,1) : 7
(3,5,1,0) : 2
(3,5,1,0,2) : 2
(3,5,1,0,2,4) : 51
(3,5,1,0,4) : 2
(3,5,1,0,4,2) : 4
(3,5,1,2) : 2
(3,5,1,2,0) : 2
(3,5,1,2,0,4) : 51
(3,5,1,2,4,0) : 24
(3,5,1,4,0,2) : 2
(3,5,1,4,2,0) : 10
(3,5,2) : 67
(3,5,2,0) : 7
(3,5,2,0,1,4) : 387
(3,5,2,0,4) : 1
(3,5,2,0,4,1) : 202
(3,5,2,1) : 3
(3,5,2,1,0) : 1
(3,5,2,1,0,4) : 172
(3,5,2,1,4) : 3
(3,5,2,1,4,0) : 37
(3,5,2,4) : 11
(3,5,2,4,0) : 1
(3,5,2,4,0,1) : 236
(3,5,2,4,1) : 1
(3,5,2,4,1,0) : 114
(3,5,4) : 17
(3,5,4,0) : 1
(3,5,4,0,1) : 1
(3,5,4,0,1,2) : 14
(3,5,4,0,2,1) : 21
(3,5,4,1,0,2) : 6
(3,5,4,1,2,0) : 8
(3,5,4,2) : 3
(3,5,4,2,0,1) : 127
(3,5,4,2,1) : 1
(3,5,4,2,1,0) : 94
(4) : 21073
(4,0) : 48
(4,0,1) : 6
(4,0,1,2) : 2
(4,0,1,2,3,5) : 51
(4,0,1,2,5,3) : 36
(4,0,1,3) : 1
(4,0,1,3,2,5) : 9
(4,0,1,3,5) : 1
(4,0,1,3,5,2) : 1
(4,0,1,5,2,3) : 4
(4,0,1,5,3,2) : 6
(4,0,2) : 8
(4,0,2,1,3) : 1
(4,0,2,1,3,5) : 32
(4,0,2,1,5) : 3
(4,0,2,1,5,3) : 28
(4,0,2,3,1,5) : 18
(4,0,2,3,5) : 1
(4,0,2,3,5,1) : 22
(4,0,2,5,1) : 2
(4,0,2,5,1,3) : 10
(4,0,2,5,3,1) : 19
(4,0,3) : 1
(4,0,3,1,2,5) : 2
(4,0,3,1,5,2) : 1
(4,0,3,2,1,5) : 20
(4,0,3,2,5,1) : 8
(4,0,3,5,2) : 1
(4,0,3,5,2,1) : 4
(4,0,5) : 2
(4,0,5,1,2,3) : 3
(4,0,5,2,1,3) : 9
(4,0,5,2,3) : 1
(4,0,5,2,3,1) : 6
(4,0,5,3,2,1) : 10
(4,1) : 283
(4,1,0) : 3
(4,1,0,2) : 1
(4,1,0,2,3,5) : 72
(4,1,0,2,5) : 1
(4,1,0,2,5,3) : 36
(4,1,0,3,2,5) : 11
(4,1,0,3,5,2) : 1
(4,1,0,5,2,3) : 4
(4,1,0,5,3) : 1
(4,1,0,5,3,2) : 2
(4,1,2) : 13
(4,1,2,0) : 1
(4,1,2,0,3,5) : 168
(4,1,2,0,5) : 1
(4,1,2,0,5,3) : 85
(4,1,2,3) : 1
(4,1,2,3,0) : 2
(4,1,2,3,0,5) : 97
(4,1,2,3,5) : 1
(4,1,2,3,5,0) : 93
(4,1,2,5,0) : 1
(4,1,2,5,0,3) : 23
(4,1,2,5,3,0) : 34
(4,1,3) : 11
(4,1,3,0) : 1
(4,1,3,0,2,5) : 12
(4,1,3,0,5,2) : 2
(4,1,3,2) : 1
(4,1,3,2,0,5) : 45
(4,1,3,2,5) : 1
(4,1,3,2,5,0) : 28
(4,1,3,5,0) : 1
(4,1,3,5,0,2) : 1
(4,1,3,5,2) : 1
(4,1,3,5,2,0) : 17
(4,1,5) : 1
(4,1,5,0,2,3) : 2
(4,1,5,0,3,2) : 2
(4,1,5,2,0,3) : 6
(4,1,5,2,3,0) : 10
(4,1,5,3,0,2) : 4
(4,1,5,3,2) : 1
(4,1,5,3,2,0) : 7
(4,2) : 166
(4,2,0) : 9
(4,2,0,1) : 1
(4,2,0,1,3,5) : 64
(4,2,0,1,5,3) : 63
(4,2,0,3) : 2
(4,2,0,3,1,5) : 26
(4,2,0,3,5) : 1
(4,2,0,3,5,1) : 27
(4,2,0,5,1,3) : 21
(4,2,0,5,3,1) : 33
(4,2,1) : 8
(4,2,1,0) : 1
(4,2,1,0,3,5) : 98
(4,2,1,0,5) : 3
(4,2,1,0,5,3) : 86
(4,2,1,3,0,5) : 33
(4,2,1,3,5) : 2
(4,2,1,3,5,0) : 56
(4,2,1,5,0,3) : 26
(4,2,1,5,3) : 1
(4,2,1,5,3,0) : 34
(4,2,3) : 9
(4,2,3,0,1,5) : 38
(4,2,3,0,5,1) : 23
(4,2,3,1,0) : 1
(4,2,3,1,0,5) : 49
(4,2,3,1,5) : 1
(4,2,3,1,5,0) : 29
(4,2,3,5) : 2
(4,2,3,5,0) : 1
(4,2,3,5,0,1) : 67
(4,2,3,5,1,0) : 63
(4,2,5) : 11
(4,2,5,0,1) : 2
(4,2,5,0,1,3) : 31
(4,2,5,0,3,1) : 21
(4,2,5,1,0) : 1
(4,2,5,1,0,3) : 27
(4,2,5,1,3,0) : 15
(4,2,5,3) : 1
(4,2,5,3,0) : 1
(4,2,5,3,0,1) : 54
(4,2,5,3,1,0) : 65
(4,3) : 202
(4,3,0) : 6
(4,3,0,1,2,5) : 20
(4,3,0,1,5) : 1
(4,3,0,1,5,2) : 7
(4,3,0,2,1,5) : 10
(4,3,0,2,5,1) : 11
(4,3,0,5,1,2) : 1
(4,3,0,5,2,1) : 11
(4,3,1) : 11
(4,3,1,0,2,5) : 16
(4,3,1,0,5,2) : 7
(4,3,1,2) : 1
(4,3,1,2,0,5) : 15
(4,3,1,2,5) : 2
(4,3,1,2,5,0) : 22
(4,3,1,5) : 1
(4,3,1,5,0,2) : 3
(4,3,1,5,2,0) : 10
(4,3,2) : 28
(4,3,2,0) : 4
(4,3,2,0,1,5) : 38
(4,3,2,0,5) : 2
(4,3,2,0,5,1) : 29
(4,3,2,1) : 1
(4,3,2,1,0,5) : 83
(4,3,2,1,5) : 5
(4,3,2,1,5,0) : 48
(4,3,2,5) : 7
(4,3,2,5,0,1) : 103
(4,3,2,5,1) : 3
(4,3,2,5,1,0) : 88
(4,3,5) : 30
(4,3,5,0,1) : 1
(4,3,5,0,1,2) : 9
(4,3,5,0,2,1) : 18
(4,3,5,1) : 1
(4,3,5,1,0) : 1
(4,3,5,1,0,2) : 2
(4,3,5,1,2,0) : 9
(4,3,5,2) : 5
(4,3,5,2,0,1) : 104
(4,3,5,2,1) : 1
(4,3,5,2,1,0) : 103
(4,5) : 111
(4,5,0) : 1
(4,5,0,1) : 1
(4,5,0,1,2,3) : 22
(4,5,0,1,3,2) : 4
(4,5,0,2) : 1
(4,5,0,2,1,3) : 9
(4,5,0,2,3,1) : 9
(4,5,0,3,2,1) : 6
(4,5,1) : 2
(4,5,1,0,2,3) : 13
(4,5,1,0,3,2) : 2
(4,5,1,2,0,3) : 5
(4,5,1,2,3,0) : 6
(4,5,1,3,2,0) : 2
(4,5,2) : 12
(4,5,2,0,1) : 2
(4,5,2,0,1,3) : 35
(4,5,2,0,3,1) : 20
(4,5,2,1,0) : 3
(4,5,2,1,0,3) : 28
(4,5,2,1,3,0) : 16
(4,5,2,3) : 7
(4,5,2,3,0) : 1
(4,5,2,3,0,1) : 66
(4,5,2,3,1,0) : 63
(4,5,3) : 23
(4,5,3,0,1) : 1
(4,5,3,0,1,2) : 7
(4,5,3,0,2,1) : 17
(4,5,3,1) : 1
(4,5,3,1,0,2) : 4
(4,5,3,1,2,0) : 6
(4,5,3,2) : 4
(4,5,3,2,0,1) : 73
(4,5,3,2,1) : 2
(4,5,3,2,1,0) : 77
(5) : 1982
(5,0) : 14
(5,0,1,2,3,4) : 12
(5,0,1,2,4,3) : 3
(5,0,1,3,2,4) : 2
(5,0,1,3,4) : 1
(5,0,1,4,2,3) : 1
(5,0,2,1,3,4) : 1
(5,0,2,1,4,3) : 1
(5,0,2,3,1,4) : 7
(5,0,2,3,4,1) : 8
(5,0,2,4,1,3) : 2
(5,0,2,4,3,1) : 4
(5,0,3) : 1
(5,0,3,1,2,4) : 1
(5,0,3,2,1,4) : 5
(5,0,3,2,4) : 1
(5,0,3,2,4,1) : 5
(5,0,3,4,1,2) : 2
(5,0,3,4,2,1) : 1
(5,0,4,3,2,1) : 2
(5,1) : 4
(5,1,0,2,3,4) : 4
(5,1,0,2,4,3) : 1
(5,1,2) : 1
(5,1,2,0,3,4) : 3
(5,1,2,3,4,0) : 4
(5,1,2,4,0,3) : 1
(5,1,3,0,4,2) : 1
(5,1,3,2,0,4) : 1
(5,1,3,2,4,0) : 3
(5,1,3,4,2,0) : 1
(5,1,4,3,0,2) : 1
(5,2) : 49
(5,2,0) : 2
(5,2,0,1,3,4) : 20
(5,2,0,1,4,3) : 4
(5,2,0,3,1,4) : 14
(5,2,0,3,4,1) : 25
(5,2,0,4,3,1) : 9
(5,2,1,0,3,4) : 8
(5,2,1,0,4,3) : 5
(5,2,1,3,0,4) : 2
(5,2,1,3,4) : 1
(5,2,1,3,4,0) : 1
(5,2,1,4,0,3) : 1
(5,2,3) : 26
(5,2,3,0,1) : 1
(5,2,3,0,1,4) : 24
(5,2,3,0,4,1) : 58
(5,2,3,1,0,4) : 9
(5,2,3,1,4,0) : 6
(5,2,3,4) : 6
(5,2,3,4,0,1) : 84
(5,2,3,4,1,0) : 47
(5,2,4) : 2
(5,2,4,0,1,3) : 2
(5,2,4,0,3,1) : 1
(5,2,4,1,0,3) : 2
(5,2,4,1,3,0) : 1
(5,2,4,3) : 3
(5,2,4,3,0,1) : 26
(5,2,4,3,1) : 1
(5,2,4,3,1,0) : 16
(5,3) : 295
(5,3,0) : 4
(5,3,0,1,2) : 1
(5,3,0,1,2,4) : 29
(5,3,0,1,4,2) : 3
(5,3,0,2) : 2
(5,3,0,2,1,4) : 42
(5,3,0,2,4,1) : 43
(5,3,0,4,1,2) : 1
(5,3,0,4,2,1) : 10
(5,3,1) : 1
(5,3,1,0,2,4) : 6
(5,3,1,0,4,2) : 1
(5,3,1,2,0,4) : 7
(5,3,1,2,4,0) : 5
(5,3,1,4,0,2) : 1
(5,3,1,4,2,0) : 3
(5,3,2) : 49
(5,3,2,0) : 5
(5,3,2,0,1,4) : 150
(5,3,2,0,4) : 3
(5,3,2,0,4,1) : 187
(5,3,2,1,0,4) : 42
(5,3,2,1,4) : 1
(5,3,2,1,4,0) : 26
(5,3,2,4) : 5
(5,3,2,4,0) : 3
(5,3,2,4,0,1) : 695
(5,3,2,4,1) : 1
(5,3,2,4,1,0) : 86
(5,3,4) : 20
(5,3,4,0,1) : 1
(5,3,4,0,2,1) : 22
(5,3,4,1) : 1
(5,3,4,1,0,2) : 1
(5,3,4,1,2,0) : 4
(5,3,4,2) : 6
(5,3,4,2,0) : 1
(5,3,4,2,0,1) : 100
(5,3,4,2,1,0) : 59
(5,4) : 44
(5,4,0) : 2
(5,4,0,1,2,3) : 4
(5,4,0,2,1,3) : 1
(5,4,0,2,3,1) : 1
(5,4,0,3,2,1) : 1
(5,4,1) : 1
(5,4,1,0,2,3) : 1
(5,4,1,2,0,3) : 2
(5,4,1,2,3,0) : 2
(5,4,1,3,2,0) : 3
(5,4,2) : 2
(5,4,2,0,1,3) : 9
(5,4,2,0,3,1) : 1
(5,4,2,1,0,3) : 6
(5,4,2,1,3,0) : 3
(5,4,2,3) : 3
(5,4,2,3,0,1) : 24
(5,4,2,3,1) : 1
(5,4,2,3,1,0) : 18
(5,4,3) : 12
(5,4,3,0,1) : 1
(5,4,3,0,1,2) : 5
(5,4,3,0,2,1) : 9
(5,4,3,1,0,2) : 5
(5,4,3,1,2,0) : 5
(5,4,3,2) : 2
(5,4,3,2,0,1) : 41
(5,4,3,2,1) : 1
(5,4,3,2,1,0) : 58
