0, 1, 2, 3, 4
CDP,NLT,GRN,LAB,LIB
-+-+-+-+-
() : 106
(0) : 466
(0,1) : 8
(0,1,2) : 2
(0,1,2,3) : 1
(0,1,2,3,4) : 44
(0,1,2,4,3) : 4
(0,1,3,2) : 1
(0,1,3,2,4) : 4
(0,1,3,4,2) : 9
(0,1,4,2) : 1
(0,1,4,2,3) : 2
(0,1,4,3,2) : 13
(0,2) : 5
(0,2,1) : 1
(0,2,1,3,4) : 3
(0,2,1,4,3) : 7
(0,2,3,1,4) : 6
(0,2,3,4,1) : 8
(0,2,4,1,3) : 3
(0,2,4,3,1) : 8
(0,3) : 9
(0,3,1,2,4) : 8
(0,3,1,4,2) : 6
(0,3,2) : 2
(0,3,2,1,4) : 5
(0,3,2,4,1) : 5
(0,3,4,1,2) : 6
(0,3,4,2,1) : 8
(0,4) : 96
(0,4,1) : 4
(0,4,1,2,3) : 17
(0,4,1,3,2) : 35
(0,4,2,1,3) : 11
(0,4,2,3,1) : 11
(0,4,3) : 4
(0,4,3,1,2) : 37
(0,4,3,2,1) : 26
(1) : 465
(1,0) : 4
(1,0,2) : 1
(1,0,2,3,4) : 10
(1,0,2,4,3) : 5
(1,0,3) : 1
(1,0,3,2,4) : 3
(1,0,3,4,2) : 6
(1,0,4,2,3) : 2
(1,0,4,3,2) : 5
(1,2) : 15
(1,2,0,3,4) : 16
(1,2,0,4,3) : 6
(1,2,3) : 3
(1,2,3,0,4) : 11
(1,2,3,4,0) : 25
(1,2,4) : 1
(1,2,4,0,3) : 3
(1,2,4,3,0) : 9
(1,3) : 12
(1,3,0) : 1
(1,3,0,2,4) : 2
(1,3,0,4,2) : 3
(1,3,2) : 1
(1,3,2,0,4) : 2
(1,3,2,4,0) : 16
(1,3,4) : 1
(1,3,4,0,2) : 3
(1,3,4,2,0) : 20
(1,4) : 23
(1,4,0,2,3) : 12
(1,4,0,3,2) : 11
(1,4,2,0,3) : 5
(1,4,2,3) : 1
(1,4,2,3,0) : 18
(1,4,3) : 2
(1,4,3,0,2) : 10
(1,4,3,2,0) : 17
(2) : 3651
(2,0) : 4
(2,0,1,3,4) : 25
(2,0,1,4) : 1
(2,0,1,4,3) : 8
(2,0,3) : 1
(2,0,3,1,4) : 10
(2,0,3,4,1) : 6
(2,0,4,1,3) : 4
(2,0,4,3,1) : 5
(2,1) : 55
(2,1,0,3) : 1
(2,1,0,3,4) : 32
(2,1,0,4,3) : 9
(2,1,3) : 3
(2,1,3,0,4) : 42
(2,1,3,4) : 3
(2,1,3,4,0) : 106
(2,1,4,0,3) : 12
(2,1,4,3) : 2
(2,1,4,3,0) : 52
(2,3) : 974
(2,3,0) : 7
(2,3,0,1) : 1
(2,3,0,1,4) : 84
(2,3,0,4,1) : 25
(2,3,1) : 37
(2,3,1,0) : 2
(2,3,1,0,4) : 317
(2,3,1,4) : 4
(2,3,1,4,0) : 494
(2,3,4) : 112
(2,3,4,0) : 1
(2,3,4,0,1) : 164
(2,3,4,1) : 5
(2,3,4,1,0) : 769
(2,4) : 198
(2,4,0) : 3
(2,4,0,1,3) : 13
(2,4,0,3,1) : 9
(2,4,1) : 7
(2,4,1,0,3) : 22
(2,4,1,3) : 1
(2,4,1,3,0) : 63
(2,4,3) : 46
(2,4,3,0,1) : 52
(2,4,3,1) : 2
(2,4,3,1,0) : 336
(3) : 2795
(3,0) : 13
(3,0,1,2,4) : 31
(3,0,1,4,2) : 11
(3,0,2,1) : 1
(3,0,2,1,4) : 15
(3,0,2,4,1) : 3
(3,0,4) : 2
(3,0,4,1,2) : 10
(3,0,4,2,1) : 11
(3,1) : 17
(3,1,0) : 1
(3,1,0,2,4) : 33
(3,1,0,4,2) : 12
(3,1,2) : 5
(3,1,2,0,4) : 46
(3,1,2,4) : 1
(3,1,2,4,0) : 36
(3,1,4) : 1
(3,1,4,0) : 1
(3,1,4,0,2) : 7
(3,1,4,2) : 1
(3,1,4,2,0) : 17
(3,2) : 269
(3,2,0) : 4
(3,2,0,1) : 1
(3,2,0,1,4) : 111
(3,2,0,4) : 2
(3,2,0,4,1) : 26
(3,2,1) : 15
(3,2,1,0) : 9
(3,2,1,0,4) : 1325
(3,2,1,4) : 2
(3,2,1,4,0) : 329
(3,2,4) : 43
(3,2,4,0,1) : 101
(3,2,4,1) : 2
(3,2,4,1,0) : 411
(3,4) : 76
(3,4,0) : 1
(3,4,0,1,2) : 27
(3,4,0,2,1) : 18
(3,4,1) : 1
(3,4,1,0,2) : 24
(3,4,1,2,0) : 44
(3,4,2) : 21
(3,4,2,0,1) : 42
(3,4,2,1) : 5
(3,4,2,1,0) : 188
(4) : 27795
(4,0) : 248
(4,0,1) : 13
(4,0,1,2) : 2
(4,0,1,2,3) : 241
(4,0,1,3) : 2
(4,0,1,3,2) : 220
(4,0,2) : 8
(4,0,2,1,3) : 56
(4,0,2,3) : 1
(4,0,2,3,1) : 63
(4,0,3) : 6
(4,0,3,1,2) : 85
(4,0,3,2) : 1
(4,0,3,2,1) : 128
(4,1) : 198
(4,1,0) : 9
(4,1,0,2) : 1
(4,1,0,2,3) : 187
(4,1,0,3) : 2
(4,1,0,3,2) : 153
(4,1,2) : 8
(4,1,2,0) : 1
(4,1,2,0,3) : 97
(4,1,2,3) : 3
(4,1,2,3,0) : 153
(4,1,3) : 5
(4,1,3,0) : 2
(4,1,3,0,2) : 60
(4,1,3,2) : 2
(4,1,3,2,0) : 126
(4,2) : 452
(4,2,0) : 8
(4,2,0,1,3) : 82
(4,2,0,3) : 2
(4,2,0,3,1) : 35
(4,2,1) : 15
(4,2,1,0,3) : 143
(4,2,1,3) : 2
(4,2,1,3,0) : 233
(4,2,3) : 53
(4,2,3,0) : 3
(4,2,3,0,1) : 143
(4,2,3,1) : 4
(4,2,3,1,0) : 524
(4,3) : 133
(4,3,0) : 3
(4,3,0,1,2) : 76
(4,3,0,2,1) : 47
(4,3,1) : 2
(4,3,1,0) : 1
(4,3,1,0,2) : 65
(4,3,1,2) : 4
(4,3,1,2,0) : 114
(4,3,2) : 48
(4,3,2,0,1) : 143
(4,3,2,1) : 6
(4,3,2,1,0) : 544
