0, 1, 2, 3, 4, 5, 6
NP,CDP,CLP,IND,GRN,NLT,IND
-+-+-+-+-
() : 261
(0) : 18742
(0,1) : 3573
(0,1,2) : 10
(0,1,2,3,4,5) : 5
(0,1,2,3,4,5,6) : 5
(0,1,2,3,4,6,5) : 13
(0,1,2,3,5) : 1
(0,1,2,3,5,4) : 3
(0,1,2,3,5,4,6) : 2
(0,1,2,3,5,6,4) : 5
(0,1,2,3,6) : 1
(0,1,2,3,6,4) : 1
(0,1,2,3,6,4,5) : 8
(0,1,2,3,6,5) : 1
(0,1,2,3,6,5,4) : 18
(0,1,2,4) : 2
(0,1,2,4,3,5) : 1
(0,1,2,4,3,5,6) : 2
(0,1,2,4,3,6,5) : 6
(0,1,2,4,5,6,3) : 4
(0,1,2,4,6,3,5) : 1
(0,1,2,5,3,4) : 2
(0,1,2,5,3,4,6) : 2
(0,1,2,5,3,6,4) : 4
(0,1,2,5,4,3,6) : 1
(0,1,2,5,6,3,4) : 18
(0,1,2,5,6,4,3) : 1
(0,1,2,6,3,4,5) : 18
(0,1,2,6,3,5,4) : 22
(0,1,2,6,4,3,5) : 2
(0,1,2,6,5) : 2
(0,1,2,6,5,3,4) : 12
(0,1,2,6,5,4,3) : 1
(0,1,3) : 24
(0,1,3,2) : 7
(0,1,3,2,4,6,5) : 1
(0,1,3,2,5,6,4) : 4
(0,1,3,2,6,4,5) : 9
(0,1,3,2,6,5,4) : 12
(0,1,3,4,2,5,6) : 1
(0,1,3,4,2,6,5) : 11
(0,1,3,4,5,6,2) : 8
(0,1,3,4,6) : 1
(0,1,3,4,6,2,5) : 3
(0,1,3,4,6,5,2) : 4
(0,1,3,5) : 1
(0,1,3,5,2,4,6) : 1
(0,1,3,5,2,6,4) : 2
(0,1,3,5,4,2,6) : 1
(0,1,3,5,4,6,2) : 3
(0,1,3,5,6,2,4) : 40
(0,1,3,5,6,4,2) : 11
(0,1,3,6) : 3
(0,1,3,6,2,4,5) : 10
(0,1,3,6,2,5,4) : 26
(0,1,3,6,4) : 1
(0,1,3,6,4,2) : 1
(0,1,3,6,4,2,5) : 7
(0,1,3,6,4,5,2) : 16
(0,1,3,6,5,2) : 1
(0,1,3,6,5,2,4) : 62
(0,1,3,6,5,4,2) : 29
(0,1,4) : 8
(0,1,4,2,3,6,5) : 3
(0,1,4,2,5,6,3) : 1
(0,1,4,2,6,3,5) : 4
(0,1,4,3) : 1
(0,1,4,3,2,5,6) : 2
(0,1,4,3,2,6,5) : 9
(0,1,4,3,5,2,6) : 2
(0,1,4,3,5,6) : 1
(0,1,4,3,5,6,2) : 5
(0,1,4,3,6) : 1
(0,1,4,3,6,2,5) : 2
(0,1,4,3,6,5,2) : 4
(0,1,4,5,3,6,2) : 4
(0,1,4,5,6) : 1
(0,1,4,5,6,2,3) : 3
(0,1,4,5,6,3,2) : 7
(0,1,4,6) : 1
(0,1,4,6,3,2,5) : 2
(0,1,4,6,3,5,2) : 3
(0,1,4,6,5,2,3) : 1
(0,1,5) : 16
(0,1,5,2,3,6,4) : 6
(0,1,5,2,4,3,6) : 3
(0,1,5,2,6,3) : 1
(0,1,5,2,6,3,4) : 19
(0,1,5,3,2,6,4) : 3
(0,1,5,3,4,2,6) : 1
(0,1,5,3,4,6,2) : 1
(0,1,5,3,6,2,4) : 19
(0,1,5,3,6,4,2) : 16
(0,1,5,4) : 1
(0,1,5,4,2,6,3) : 1
(0,1,5,4,3,2,6) : 4
(0,1,5,4,3,6,2) : 7
(0,1,5,4,6,2,3) : 1
(0,1,5,4,6,3,2) : 5
(0,1,5,6) : 3
(0,1,5,6,2) : 1
(0,1,5,6,2,3) : 1
(0,1,5,6,2,3,4) : 84
(0,1,5,6,2,4,3) : 6
(0,1,5,6,3) : 1
(0,1,5,6,3,2,4) : 94
(0,1,5,6,3,4,2) : 61
(0,1,5,6,4,2,3) : 3
(0,1,5,6,4,3,2) : 5
(0,1,6) : 11
(0,1,6,2,3,4) : 4
(0,1,6,2,3,4,5) : 84
(0,1,6,2,3,5) : 1
(0,1,6,2,3,5,4) : 23
(0,1,6,2,4,3,5) : 1
(0,1,6,2,4,5,3) : 2
(0,1,6,2,5,3,4) : 12
(0,1,6,2,5,4,3) : 1
(0,1,6,3) : 6
(0,1,6,3,2,4) : 3
(0,1,6,3,2,4,5) : 29
(0,1,6,3,2,5,4) : 34
(0,1,6,3,4,2,5) : 25
(0,1,6,3,4,5,2) : 17
(0,1,6,3,5) : 1
(0,1,6,3,5,2) : 2
(0,1,6,3,5,2,4) : 95
(0,1,6,3,5,4) : 1
(0,1,6,3,5,4,2) : 46
(0,1,6,4,3,2,5) : 2
(0,1,6,4,3,5,2) : 7
(0,1,6,4,5,2,3) : 1
(0,1,6,5) : 2
(0,1,6,5,2) : 1
(0,1,6,5,2,3,4) : 25
(0,1,6,5,2,4,3) : 3
(0,1,6,5,3,2,4) : 29
(0,1,6,5,3,4,2) : 13
(0,1,6,5,4,3,2) : 2
(0,2) : 282
(0,2,1) : 4
(0,2,1,3,4,6,5) : 2
(0,2,1,3,5,6,4) : 1
(0,2,1,4,3,5) : 1
(0,2,1,4,3,5,6) : 1
(0,2,1,4,3,6,5) : 1
(0,2,1,4,5,6) : 1
(0,2,1,4,5,6,3) : 1
(0,2,1,5) : 1
(0,2,1,5,4) : 1
(0,2,1,5,4,3,6) : 1
(0,2,1,5,6,3,4) : 17
(0,2,1,6,3,4,5) : 8
(0,2,1,6,3,5,4) : 4
(0,2,1,6,4,3) : 1
(0,2,1,6,4,3,5) : 1
(0,2,1,6,5,3,4) : 8
(0,2,3) : 15
(0,2,3,1,4,6,5) : 1
(0,2,3,1,5,6,4) : 5
(0,2,3,1,6,4,5) : 6
(0,2,3,1,6,5,4) : 1
(0,2,3,4) : 1
(0,2,3,4,1,5) : 1
(0,2,3,4,1,5,6) : 2
(0,2,3,4,1,6) : 2
(0,2,3,4,1,6,5) : 4
(0,2,3,4,5) : 1
(0,2,3,4,5,1,6) : 14
(0,2,3,4,5,6,1) : 2
(0,2,3,4,6,1) : 2
(0,2,3,4,6,1,5) : 47
(0,2,3,4,6,5) : 1
(0,2,3,4,6,5,1) : 20
(0,2,3,5,1,4) : 1
(0,2,3,5,1,4,6) : 1
(0,2,3,5,1,6,4) : 10
(0,2,3,5,4,1,6) : 1
(0,2,3,5,4,6,1) : 3
(0,2,3,5,6,1,4) : 3
(0,2,3,5,6,4,1) : 7
(0,2,3,6) : 2
(0,2,3,6,1,4) : 1
(0,2,3,6,1,4,5) : 6
(0,2,3,6,1,5,4) : 20
(0,2,3,6,4) : 1
(0,2,3,6,4,1,5) : 17
(0,2,3,6,4,5,1) : 22
(0,2,3,6,5,1,4) : 32
(0,2,3,6,5,4) : 4
(0,2,3,6,5,4,1) : 18
(0,2,4) : 23
(0,2,4,1,3,5,6) : 3
(0,2,4,1,3,6,5) : 1
(0,2,4,1,5,6) : 2
(0,2,4,1,5,6,3) : 3
(0,2,4,1,6,3,5) : 4
(0,2,4,1,6,5) : 1
(0,2,4,1,6,5,3) : 1
(0,2,4,3) : 3
(0,2,4,3,1,5,6) : 1
(0,2,4,3,1,6,5) : 6
(0,2,4,3,5,1,6) : 4
(0,2,4,3,5,6,1) : 4
(0,2,4,3,6) : 1
(0,2,4,3,6,1) : 1
(0,2,4,3,6,1,5) : 35
(0,2,4,3,6,5,1) : 40
(0,2,4,5,1,3,6) : 2
(0,2,4,5,1,6,3) : 10
(0,2,4,5,3,6,1) : 6
(0,2,4,5,6,1) : 1
(0,2,4,5,6,1,3) : 1
(0,2,4,5,6,3,1) : 6
(0,2,4,6,1,5,3) : 1
(0,2,4,6,3,1,5) : 9
(0,2,4,6,3,5,1) : 14
(0,2,4,6,5,1) : 1
(0,2,4,6,5,1,3) : 1
(0,2,4,6,5,3,1) : 3
(0,2,5) : 5
(0,2,5,1,3,4) : 2
(0,2,5,1,3,4,6) : 5
(0,2,5,1,3,6,4) : 3
(0,2,5,1,4,3,6) : 1
(0,2,5,1,4,6,3) : 1
(0,2,5,1,6,3,4) : 43
(0,2,5,1,6,4,3) : 6
(0,2,5,3,1) : 1
(0,2,5,3,1,4) : 1
(0,2,5,3,1,4,6) : 3
(0,2,5,3,1,6,4) : 3
(0,2,5,3,4,1) : 1
(0,2,5,3,4,1,6) : 4
(0,2,5,3,4,6,1) : 5
(0,2,5,3,6) : 1
(0,2,5,3,6,1,4) : 6
(0,2,5,3,6,4,1) : 10
(0,2,5,4) : 1
(0,2,5,4,1,3,6) : 3
(0,2,5,4,3,1) : 1
(0,2,5,4,3,1,6) : 5
(0,2,5,4,3,6,1) : 8
(0,2,5,4,6,1,3) : 2
(0,2,5,6) : 2
(0,2,5,6,1,3,4) : 5
(0,2,5,6,1,4,3) : 2
(0,2,5,6,3,1,4) : 17
(0,2,5,6,3,4,1) : 18
(0,2,5,6,4,3,1) : 2
(0,2,6) : 9
(0,2,6,1,3,4,5) : 5
(0,2,6,1,3,5,4) : 4
(0,2,6,1,5,3,4) : 19
(0,2,6,1,5,4,3) : 1
(0,2,6,3) : 2
(0,2,6,3,1,4,5) : 1
(0,2,6,3,1,5,4) : 12
(0,2,6,3,4,1) : 1
(0,2,6,3,4,1,5) : 17
(0,2,6,3,4,5) : 3
(0,2,6,3,4,5,1) : 21
(0,2,6,3,5) : 2
(0,2,6,3,5,1,4) : 16
(0,2,6,3,5,4) : 1
(0,2,6,3,5,4,1) : 12
(0,2,6,4,1,3,5) : 1
(0,2,6,4,3) : 1
(0,2,6,4,3,1,5) : 5
(0,2,6,4,3,5,1) : 3
(0,2,6,4,5,1,3) : 1
(0,2,6,4,5,3,1) : 1
(0,2,6,5,1,3,4) : 11
(0,2,6,5,1,4,3) : 3
(0,2,6,5,3,1,4) : 7
(0,2,6,5,3,4,1) : 11
(0,2,6,5,4,1) : 1
(0,2,6,5,4,1,3) : 1
(0,3) : 233
(0,3,1) : 9
(0,3,1,2,4,6,5) : 2
(0,3,1,2,5,4,6) : 1
(0,3,1,2,5,6,4) : 2
(0,3,1,2,6,4,5) : 1
(0,3,1,2,6,5,4) : 5
(0,3,1,4,2,6,5) : 2
(0,3,1,4,6,2,5) : 3
(0,3,1,4,6,5,2) : 1
(0,3,1,5,2,6,4) : 1
(0,3,1,5,4,6,2) : 1
(0,3,1,5,6,2) : 1
(0,3,1,5,6,2,4) : 16
(0,3,1,5,6,4) : 1
(0,3,1,5,6,4,2) : 8
(0,3,1,6,2,4,5) : 7
(0,3,1,6,2,5,4) : 2
(0,3,1,6,4,2,5) : 1
(0,3,1,6,4,5,2) : 2
(0,3,1,6,5,2) : 1
(0,3,1,6,5,2,4) : 14
(0,3,1,6,5,4) : 1
(0,3,1,6,5,4,2) : 5
(0,3,2) : 13
(0,3,2,1,5,6,4) : 1
(0,3,2,1,6,4,5) : 2
(0,3,2,1,6,5,4) : 3
(0,3,2,4,1,6,5) : 1
(0,3,2,4,5,1,6) : 1
(0,3,2,4,5,6,1) : 1
(0,3,2,4,6,1,5) : 9
(0,3,2,4,6,5,1) : 9
(0,3,2,5,1,6,4) : 8
(0,3,2,5,6,1,4) : 4
(0,3,2,6) : 1
(0,3,2,6,1,4,5) : 4
(0,3,2,6,1,5,4) : 14
(0,3,2,6,4,1) : 1
(0,3,2,6,4,1,5) : 3
(0,3,2,6,4,5,1) : 4
(0,3,2,6,5,1) : 1
(0,3,2,6,5,1,4) : 16
(0,3,2,6,5,4) : 1
(0,3,2,6,5,4,1) : 10
(0,3,4) : 8
(0,3,4,1,2,6,5) : 1
(0,3,4,1,5,6,2) : 2
(0,3,4,1,6) : 1
(0,3,4,1,6,2) : 2
(0,3,4,1,6,5,2) : 3
(0,3,4,2,1,6,5) : 2
(0,3,4,2,5,1,6) : 3
(0,3,4,2,5,6,1) : 1
(0,3,4,2,6,1,5) : 15
(0,3,4,2,6,5) : 2
(0,3,4,2,6,5,1) : 8
(0,3,4,5,1,2,6) : 2
(0,3,4,5,1,6,2) : 6
(0,3,4,5,2,6,1) : 1
(0,3,4,5,6,1,2) : 5
(0,3,4,6) : 1
(0,3,4,6,1) : 1
(0,3,4,6,1,2,5) : 3
(0,3,4,6,1,5) : 3
(0,3,4,6,1,5,2) : 6
(0,3,4,6,2,1,5) : 5
(0,3,4,6,2,5,1) : 1
(0,3,4,6,5,1,2) : 8
(0,3,4,6,5,2) : 1
(0,3,4,6,5,2,1) : 5
(0,3,5) : 2
(0,3,5,1) : 1
(0,3,5,1,2,4,6) : 1
(0,3,5,1,4,2,6) : 2
(0,3,5,1,4,6,2) : 1
(0,3,5,1,6,2,4) : 22
(0,3,5,1,6,4,2) : 14
(0,3,5,2) : 1
(0,3,5,2,1,4,6) : 1
(0,3,5,2,1,6,4) : 2
(0,3,5,2,4,1,6) : 2
(0,3,5,2,4,6,1) : 1
(0,3,5,2,6,1,4) : 3
(0,3,5,2,6,4,1) : 2
(0,3,5,4,6,1) : 1
(0,3,5,4,6,2,1) : 4
(0,3,5,6,1,2,4) : 19
(0,3,5,6,1,4,2) : 8
(0,3,5,6,2,1) : 1
(0,3,5,6,2,1,4) : 8
(0,3,5,6,2,4,1) : 6
(0,3,5,6,4,1,2) : 3
(0,3,5,6,4,2,1) : 5
(0,3,6) : 28
(0,3,6,1) : 2
(0,3,6,1,2,4) : 3
(0,3,6,1,2,4,5) : 1
(0,3,6,1,2,5,4) : 3
(0,3,6,1,4,2,5) : 2
(0,3,6,1,4,5,2) : 9
(0,3,6,1,5) : 1
(0,3,6,1,5,2) : 1
(0,3,6,1,5,2,4) : 32
(0,3,6,1,5,4) : 1
(0,3,6,1,5,4,2) : 25
(0,3,6,2) : 1
(0,3,6,2,1,4,5) : 5
(0,3,6,2,1,5,4) : 11
(0,3,6,2,4,1,5) : 13
(0,3,6,2,4,5,1) : 14
(0,3,6,2,5,1,4) : 24
(0,3,6,2,5,4,1) : 8
(0,3,6,4) : 2
(0,3,6,4,1,2,5) : 2
(0,3,6,4,1,5) : 4
(0,3,6,4,1,5,2) : 7
(0,3,6,4,2) : 1
(0,3,6,4,2,1,5) : 4
(0,3,6,4,2,5) : 1
(0,3,6,4,2,5,1) : 10
(0,3,6,4,5,1) : 2
(0,3,6,4,5,1,2) : 7
(0,3,6,4,5,2,1) : 2
(0,3,6,5) : 1
(0,3,6,5,1,2,4) : 67
(0,3,6,5,1,4) : 2
(0,3,6,5,1,4,2) : 26
(0,3,6,5,2) : 1
(0,3,6,5,2,1,4) : 23
(0,3,6,5,2,4) : 2
(0,3,6,5,2,4,1) : 8
(0,3,6,5,4,1) : 1
(0,3,6,5,4,1,2) : 8
(0,3,6,5,4,2) : 3
(0,3,6,5,4,2,1) : 22
(0,4) : 108
(0,4,1) : 1
(0,4,1,2,3,5,6) : 1
(0,4,1,2,5,6,3) : 1
(0,4,1,2,6,3,5) : 1
(0,4,1,3,2,5,6) : 1
(0,4,1,3,2,6,5) : 1
(0,4,1,3,6,2,5) : 1
(0,4,1,5,6,2,3) : 2
(0,4,1,5,6,3,2) : 1
(0,4,1,6,2,3,5) : 2
(0,4,1,6,2,5,3) : 1
(0,4,1,6,3,2,5) : 2
(0,4,1,6,3,5,2) : 3
(0,4,1,6,5,2,3) : 1
(0,4,1,6,5,3,2) : 1
(0,4,2) : 15
(0,4,2,1,3,6,5) : 1
(0,4,2,1,5,6,3) : 1
(0,4,2,3,1,6,5) : 3
(0,4,2,3,5,1,6) : 2
(0,4,2,3,5,6,1) : 4
(0,4,2,3,6) : 1
(0,4,2,3,6,1,5) : 10
(0,4,2,3,6,5,1) : 13
(0,4,2,5,1,6,3) : 2
(0,4,2,5,3,6,1) : 4
(0,4,2,5,6,1,3) : 3
(0,4,2,5,6,3,1) : 6
(0,4,2,6,3,1,5) : 9
(0,4,2,6,3,5,1) : 9
(0,4,2,6,5,1,3) : 2
(0,4,2,6,5,3,1) : 1
(0,4,3) : 3
(0,4,3,1,2,6,5) : 1
(0,4,3,1,6,2,5) : 2
(0,4,3,1,6,5,2) : 1
(0,4,3,2,1,6,5) : 4
(0,4,3,2,5) : 1
(0,4,3,2,5,1,6) : 6
(0,4,3,2,5,6,1) : 6
(0,4,3,2,6,1,5) : 20
(0,4,3,2,6,5,1) : 5
(0,4,3,5,1,6,2) : 5
(0,4,3,5,2,6,1) : 1
(0,4,3,5,6,1,2) : 2
(0,4,3,5,6,2,1) : 4
(0,4,3,6) : 1
(0,4,3,6,1,2) : 1
(0,4,3,6,1,2,5) : 3
(0,4,3,6,1,5,2) : 8
(0,4,3,6,2,1) : 1
(0,4,3,6,2,1,5) : 8
(0,4,3,6,2,5) : 1
(0,4,3,6,2,5,1) : 14
(0,4,3,6,5,1,2) : 10
(0,4,3,6,5,2) : 1
(0,4,3,6,5,2,1) : 8
(0,4,5) : 6
(0,4,5,1) : 1
(0,4,5,1,2,6,3) : 3
(0,4,5,1,3,2,6) : 1
(0,4,5,1,3,6,2) : 1
(0,4,5,1,6,2,3) : 7
(0,4,5,1,6,3,2) : 3
(0,4,5,2,1,3,6) : 1
(0,4,5,2,3,1,6) : 3
(0,4,5,2,3,6,1) : 1
(0,4,5,2,6,3,1) : 2
(0,4,5,3,1,2,6) : 1
(0,4,5,3,1,6,2) : 3
(0,4,5,3,2,1,6) : 2
(0,4,5,3,2,6,1) : 2
(0,4,5,3,6,1,2) : 2
(0,4,5,3,6,2,1) : 2
(0,4,5,6,1,2,3) : 2
(0,4,5,6,1,3,2) : 2
(0,4,5,6,2,1) : 1
(0,4,5,6,2,1,3) : 1
(0,4,5,6,2,3,1) : 4
(0,4,5,6,3,1,2) : 1
(0,4,5,6,3,2,1) : 3
(0,4,6) : 6
(0,4,6,1,2,3,5) : 1
(0,4,6,1,5,2,3) : 1
(0,4,6,2,1,3,5) : 1
(0,4,6,2,1,5,3) : 1
(0,4,6,2,3,1,5) : 3
(0,4,6,2,3,5,1) : 5
(0,4,6,2,5,3,1) : 1
(0,4,6,3) : 2
(0,4,6,3,1,5,2) : 2
(0,4,6,3,2) : 1
(0,4,6,3,2,1,5) : 5
(0,4,6,3,2,5,1) : 6
(0,4,6,3,5,1,2) : 5
(0,4,6,3,5,2,1) : 4
(0,4,6,5,1,2,3) : 2
(0,4,6,5,1,3,2) : 2
(0,4,6,5,2,1,3) : 1
(0,4,6,5,2,3,1) : 3
(0,4,6,5,3,1,2) : 1
(0,4,6,5,3,2,1) : 2
(0,5) : 178
(0,5,1) : 9
(0,5,1,2,3) : 1
(0,5,1,2,3,4,6) : 5
(0,5,1,2,3,6,4) : 7
(0,5,1,2,4,3,6) : 5
(0,5,1,2,4,6,3) : 2
(0,5,1,2,6) : 2
(0,5,1,2,6,3) : 1
(0,5,1,2,6,3,4) : 34
(0,5,1,2,6,4) : 1
(0,5,1,2,6,4,3) : 5
(0,5,1,3,2,6,4) : 2
(0,5,1,3,4,2,6) : 1
(0,5,1,3,4,6,2) : 2
(0,5,1,3,6) : 1
(0,5,1,3,6,2,4) : 7
(0,5,1,3,6,4,2) : 4
(0,5,1,4) : 1
(0,5,1,4,2,3,6) : 1
(0,5,1,4,3,2,6) : 3
(0,5,1,4,3,6,2) : 1
(0,5,1,4,6,2,3) : 3
(0,5,1,4,6,3,2) : 2
(0,5,1,6) : 4
(0,5,1,6,2,3) : 3
(0,5,1,6,2,3,4) : 189
(0,5,1,6,2,4,3) : 10
(0,5,1,6,3) : 1
(0,5,1,6,3,2) : 1
(0,5,1,6,3,2,4) : 38
(0,5,1,6,3,4,2) : 36
(0,5,1,6,4,2,3) : 1
(0,5,1,6,4,3,2) : 7
(0,5,2) : 3
(0,5,2,1,3,4,6) : 1
(0,5,2,1,3,6,4) : 2
(0,5,2,1,6) : 1
(0,5,2,1,6,3,4) : 14
(0,5,2,1,6,4,3) : 1
(0,5,2,3,1,6,4) : 4
(0,5,2,3,4,6,1) : 7
(0,5,2,3,6,1,4) : 8
(0,5,2,3,6,4) : 1
(0,5,2,3,6,4,1) : 7
(0,5,2,4) : 1
(0,5,2,4,3,6,1) : 10
(0,5,2,4,6,1,3) : 1
(0,5,2,6,1) : 1
(0,5,2,6,1,3,4) : 10
(0,5,2,6,1,4) : 1
(0,5,2,6,3,1,4) : 9
(0,5,2,6,3,4,1) : 16
(0,5,2,6,4,1,3) : 1
(0,5,2,6,4,3,1) : 2
(0,5,3) : 5
(0,5,3,1,2,6,4) : 1
(0,5,3,1,4,2,6) : 1
(0,5,3,1,4,6,2) : 1
(0,5,3,1,6) : 1
(0,5,3,1,6,2,4) : 3
(0,5,3,1,6,4,2) : 1
(0,5,3,2,1,6,4) : 1
(0,5,3,2,4,1,6) : 1
(0,5,3,2,6,1,4) : 4
(0,5,3,2,6,4,1) : 3
(0,5,3,4) : 2
(0,5,3,4,1,6,2) : 1
(0,5,3,4,2,6,1) : 6
(0,5,3,4,6,1,2) : 2
(0,5,3,6) : 4
(0,5,3,6,1,2,4) : 14
(0,5,3,6,1,4) : 3
(0,5,3,6,1,4,2) : 5
(0,5,3,6,2,1,4) : 5
(0,5,3,6,2,4,1) : 4
(0,5,3,6,4,1,2) : 4
(0,5,4) : 8
(0,5,4,1,3,6,2) : 2
(0,5,4,1,6,2,3) : 1
(0,5,4,1,6,3,2) : 1
(0,5,4,2,3,1,6) : 2
(0,5,4,2,3,6,1) : 3
(0,5,4,2,6,1,3) : 3
(0,5,4,3,2,6,1) : 8
(0,5,4,3,6,1,2) : 2
(0,5,4,3,6,2,1) : 7
(0,5,4,6,1,2,3) : 1
(0,5,4,6,1,3,2) : 1
(0,5,4,6,2,1,3) : 1
(0,5,4,6,2,3,1) : 2
(0,5,4,6,3,1,2) : 1
(0,5,4,6,3,2) : 1
(0,5,4,6,3,2,1) : 3
(0,5,6) : 8
(0,5,6,1) : 1
(0,5,6,1,2,3,4) : 25
(0,5,6,1,2,4,3) : 4
(0,5,6,1,3,2,4) : 18
(0,5,6,1,3,4,2) : 8
(0,5,6,1,4,2,3) : 4
(0,5,6,1,4,3,2) : 1
(0,5,6,2,1,3,4) : 10
(0,5,6,2,3,1,4) : 13
(0,5,6,2,3,4) : 2
(0,5,6,2,3,4,1) : 25
(0,5,6,2,4,3,1) : 4
(0,5,6,3) : 5
(0,5,6,3,1,2) : 1
(0,5,6,3,1,2,4) : 31
(0,5,6,3,1,4) : 1
(0,5,6,3,1,4,2) : 12
(0,5,6,3,2,1,4) : 25
(0,5,6,3,2,4) : 1
(0,5,6,3,2,4,1) : 16
(0,5,6,3,4) : 1
(0,5,6,3,4,1) : 4
(0,5,6,3,4,1,2) : 12
(0,5,6,3,4,2) : 1
(0,5,6,3,4,2,1) : 18
(0,5,6,4,2,3,1) : 2
(0,5,6,4,3,1,2) : 4
(0,5,6,4,3,2,1) : 1
(0,6) : 75
(0,6,1) : 2
(0,6,1,2,3,4) : 1
(0,6,1,2,3,4,5) : 7
(0,6,1,2,3,5,4) : 4
(0,6,1,2,4,5,3) : 1
(0,6,1,2,5,3,4) : 1
(0,6,1,3) : 1
(0,6,1,3,2,4,5) : 2
(0,6,1,3,2,5,4) : 1
(0,6,1,3,4,2,5) : 2
(0,6,1,3,4,5,2) : 3
(0,6,1,3,5,2,4) : 4
(0,6,1,3,5,4,2) : 1
(0,6,1,4,2,3,5) : 1
(0,6,1,4,3,2,5) : 1
(0,6,1,4,3,5,2) : 1
(0,6,1,4,5,3,2) : 1
(0,6,1,5,2,3,4) : 11
(0,6,1,5,2,4,3) : 3
(0,6,1,5,3,2) : 1
(0,6,1,5,3,2,4) : 5
(0,6,1,5,3,4,2) : 1
(0,6,2) : 5
(0,6,2,1,3,4,5) : 2
(0,6,2,1,3,5,4) : 2
(0,6,2,1,5,3,4) : 7
(0,6,2,3) : 2
(0,6,2,3,1,4,5) : 3
(0,6,2,3,1,5,4) : 8
(0,6,2,3,4) : 2
(0,6,2,3,4,1) : 1
(0,6,2,3,4,1,5) : 27
(0,6,2,3,4,5) : 6
(0,6,2,3,4,5,1) : 15
(0,6,2,3,5,1,4) : 16
(0,6,2,3,5,4) : 1
(0,6,2,3,5,4,1) : 5
(0,6,2,4,3,1,5) : 3
(0,6,2,4,3,5) : 1
(0,6,2,4,3,5,1) : 2
(0,6,2,4,5,3,1) : 1
(0,6,2,5,1,3,4) : 3
(0,6,2,5,3,1,4) : 3
(0,6,2,5,3,4,1) : 1
(0,6,2,5,4,3,1) : 4
(0,6,3) : 36
(0,6,3,1) : 1
(0,6,3,1,2) : 1
(0,6,3,1,2,4,5) : 7
(0,6,3,1,2,5,4) : 4
(0,6,3,1,4,2) : 1
(0,6,3,1,4,2,5) : 5
(0,6,3,1,4,5,2) : 1
(0,6,3,1,5,2,4) : 29
(0,6,3,1,5,4) : 2
(0,6,3,1,5,4,2) : 14
(0,6,3,2,1,4) : 1
(0,6,3,2,1,4,5) : 5
(0,6,3,2,1,5,4) : 14
(0,6,3,2,4) : 1
(0,6,3,2,4,1) : 1
(0,6,3,2,4,1,5) : 18
(0,6,3,2,4,5,1) : 17
(0,6,3,2,5,1,4) : 23
(0,6,3,2,5,4) : 1
(0,6,3,2,5,4,1) : 10
(0,6,3,4) : 4
(0,6,3,4,1,2,5) : 3
(0,6,3,4,1,5) : 2
(0,6,3,4,1,5,2) : 5
(0,6,3,4,2) : 1
(0,6,3,4,2,1,5) : 26
(0,6,3,4,2,5,1) : 17
(0,6,3,4,5,1) : 1
(0,6,3,4,5,1,2) : 22
(0,6,3,4,5,2,1) : 8
(0,6,3,5) : 2
(0,6,3,5,1,2) : 3
(0,6,3,5,1,2,4) : 68
(0,6,3,5,1,4) : 2
(0,6,3,5,1,4,2) : 24
(0,6,3,5,2,1) : 1
(0,6,3,5,2,1,4) : 22
(0,6,3,5,2,4) : 3
(0,6,3,5,2,4,1) : 14
(0,6,3,5,4,1) : 2
(0,6,3,5,4,1,2) : 13
(0,6,3,5,4,2) : 2
(0,6,3,5,4,2,1) : 14
(0,6,4) : 3
(0,6,4,1,5,2,3) : 1
(0,6,4,2,3,5,1) : 4
(0,6,4,2,5,3,1) : 1
(0,6,4,3) : 1
(0,6,4,3,2,1,5) : 3
(0,6,4,3,2,5) : 1
(0,6,4,3,2,5,1) : 5
(0,6,4,3,5,1,2) : 2
(0,6,4,3,5,2,1) : 1
(0,6,4,5,1,2,3) : 2
(0,6,4,5,2,3,1) : 1
(0,6,4,5,3,2,1) : 1
(0,6,5) : 5
(0,6,5,1) : 1
(0,6,5,1,2,3,4) : 7
(0,6,5,1,2,4,3) : 6
(0,6,5,1,3,2,4) : 4
(0,6,5,1,3,4,2) : 6
(0,6,5,1,4,3,2) : 4
(0,6,5,2,1,3,4) : 2
(0,6,5,2,1,4,3) : 2
(0,6,5,2,3,1,4) : 6
(0,6,5,2,3,4) : 2
(0,6,5,2,3,4,1) : 5
(0,6,5,2,4,1,3) : 1
(0,6,5,3,1,2,4) : 14
(0,6,5,3,1,4,2) : 4
(0,6,5,3,2,1,4) : 4
(0,6,5,3,2,4,1) : 4
(0,6,5,3,4,1) : 1
(0,6,5,3,4,1,2) : 2
(0,6,5,3,4,2,1) : 3
(0,6,5,4,1,2,3) : 1
(0,6,5,4,3,1,2) : 2
(0,6,5,4,3,2,1) : 3
(1) : 489
(1,0) : 114
(1,0,2) : 7
(1,0,2,3) : 2
(1,0,2,3,5,6,4) : 2
(1,0,2,3,6,4,5) : 2
(1,0,2,3,6,5,4) : 10
(1,0,2,4,3,6,5) : 1
(1,0,2,5,3,6,4) : 1
(1,0,2,5,6,3,4) : 10
(1,0,2,6,3) : 1
(1,0,2,6,3,4,5) : 1
(1,0,2,6,3,5,4) : 8
(1,0,2,6,5,3,4) : 3
(1,0,3) : 8
(1,0,3,2) : 104
(1,0,3,2,4,5) : 1
(1,0,3,2,4,6,5) : 3
(1,0,3,2,5,4,6) : 1
(1,0,3,2,5,6,4) : 6
(1,0,3,2,6,4,5) : 2
(1,0,3,2,6,5,4) : 28
(1,0,3,4,5,6,2) : 2
(1,0,3,5,6,2,4) : 7
(1,0,3,5,6,4,2) : 1
(1,0,3,6) : 2
(1,0,3,6,2) : 1
(1,0,3,6,2,4,5) : 2
(1,0,3,6,2,5,4) : 10
(1,0,3,6,4,2,5) : 1
(1,0,3,6,4,5,2) : 2
(1,0,3,6,5,2,4) : 33
(1,0,3,6,5,4,2) : 4
(1,0,4,2,6,3,5) : 1
(1,0,4,6,3,2,5) : 1
(1,0,4,6,3,5,2) : 1
(1,0,4,6,5,3,2) : 1
(1,0,5) : 1
(1,0,5,2,3,6,4) : 1
(1,0,5,2,6,3,4) : 2
(1,0,5,3,2,6,4) : 1
(1,0,5,3,4,2,6) : 1
(1,0,5,3,6,2,4) : 3
(1,0,5,3,6,4,2) : 4
(1,0,5,4,6,3,2) : 1
(1,0,5,6) : 1
(1,0,5,6,2,3,4) : 9
(1,0,5,6,2,4,3) : 2
(1,0,5,6,3,2,4) : 19
(1,0,5,6,3,4,2) : 5
(1,0,5,6,4,3,2) : 1
(1,0,6) : 3
(1,0,6,2) : 1
(1,0,6,2,3,4,5) : 1
(1,0,6,2,3,5,4) : 4
(1,0,6,2,5,3,4) : 3
(1,0,6,3) : 2
(1,0,6,3,2,4) : 1
(1,0,6,3,2,4,5) : 5
(1,0,6,3,2,5,4) : 8
(1,0,6,3,4,2,5) : 2
(1,0,6,3,4,5) : 1
(1,0,6,3,4,5,2) : 2
(1,0,6,3,5,2,4) : 24
(1,0,6,3,5,4,2) : 8
(1,0,6,4,3,2,5) : 1
(1,0,6,5,2,3,4) : 3
(1,0,6,5,2,4,3) : 1
(1,0,6,5,3,2,4) : 7
(1,0,6,5,3,4,2) : 1
(1,2) : 20
(1,2,0) : 2
(1,2,0,3,6,5,4) : 3
(1,2,0,6,3,4,5) : 1
(1,2,0,6,5,3,4) : 1
(1,2,3,0) : 1
(1,2,3,4,0) : 1
(1,2,3,4,6,0,5) : 1
(1,2,3,4,6,5,0) : 1
(1,2,3,5,0,6,4) : 1
(1,2,3,5,6,0,4) : 1
(1,2,3,6,0,5,4) : 2
(1,2,3,6,5,0,4) : 2
(1,2,3,6,5,4,0) : 1
(1,2,4,0,5,6,3) : 1
(1,2,4,3) : 1
(1,2,4,3,6,0,5) : 1
(1,2,4,6) : 1
(1,2,5,0,6,3,4) : 2
(1,2,5,3,0,6,4) : 1
(1,2,5,3,6,0,4) : 1
(1,2,5,3,6,4,0) : 1
(1,2,5,4,0,6,3) : 1
(1,2,6,0,5,3,4) : 1
(1,2,6,3,0,5,4) : 3
(1,2,6,3,4,0,5) : 1
(1,2,6,3,4,5,0) : 2
(1,2,6,3,5,4,0) : 2
(1,2,6,4,3,5,0) : 1
(1,2,6,5,0,3,4) : 1
(1,3) : 1
(1,3,0) : 1
(1,3,0,2) : 1
(1,3,0,2,6) : 1
(1,3,0,2,6,5,4) : 1
(1,3,0,5,6,4,2) : 1
(1,3,0,6) : 1
(1,3,0,6,4,2,5) : 1
(1,3,0,6,5,2,4) : 1
(1,3,2,6,4,0,5) : 1
(1,3,2,6,5,0,4) : 1
(1,3,4,0,6,5,2) : 1
(1,3,4,2,6,5,0) : 2
(1,3,4,6,2,5,0) : 1
(1,3,5,6,0,2,4) : 1
(1,3,6) : 1
(1,3,6,0) : 1
(1,3,6,0,2,4,5) : 2
(1,3,6,0,2,5,4) : 4
(1,3,6,0,5,2,4) : 2
(1,3,6,0,5,4,2) : 1
(1,3,6,2,5,4,0) : 1
(1,3,6,4,0) : 1
(1,3,6,4,0,2,5) : 1
(1,3,6,4,5,2,0) : 2
(1,3,6,5,0,2,4) : 2
(1,3,6,5,4,2,0) : 1
(1,4) : 1
(1,4,0) : 1
(1,4,0,2,3,6,5) : 1
(1,4,0,3,5,6,2) : 1
(1,4,0,5,6,3,2) : 1
(1,4,2) : 1
(1,4,2,0,5,3,6) : 1
(1,4,2,3,6,5,0) : 1
(1,4,2,6,3,5,0) : 1
(1,4,3,6,0,2,5) : 1
(1,4,3,6,2,5,0) : 1
(1,4,3,6,5,0,2) : 1
(1,4,3,6,5,2,0) : 1
(1,4,5,0,6,2,3) : 1
(1,4,5,2,0,6,3) : 1
(1,4,5,6,3,0,2) : 1
(1,4,6,2,0,3,5) : 1
(1,5) : 4
(1,5,0) : 1
(1,5,0,2) : 1
(1,5,0,3,2,6,4) : 1
(1,5,0,3,6,2,4) : 1
(1,5,0,4,3,2,6) : 1
(1,5,0,6,2,3,4) : 4
(1,5,0,6,2,4,3) : 1
(1,5,0,6,3,2,4) : 1
(1,5,0,6,3,4,2) : 3
(1,5,2) : 1
(1,5,2,0,6,3,4) : 2
(1,5,2,4,3,0,6) : 1
(1,5,2,4,6,0,3) : 1
(1,5,2,6,4,3,0) : 1
(1,5,3,0,6,2,4) : 1
(1,5,3,6,0,2,4) : 2
(1,5,4,3,6,2,0) : 1
(1,5,4,6,2,0,3) : 1
(1,5,6,0,2,3,4) : 1
(1,5,6,2,3,0,4) : 1
(1,5,6,3,2) : 1
(1,5,6,3,2,0,4) : 1
(1,5,6,3,4,0,2) : 1
(1,6) : 2
(1,6,0,3,2,4,5) : 1
(1,6,0,3,2,5,4) : 1
(1,6,0,3,5,2,4) : 1
(1,6,0,5,3,2,4) : 1
(1,6,2,0,5,3,4) : 1
(1,6,2,3,4,0,5) : 1
(1,6,2,3,4,5,0) : 1
(1,6,2,3,5,0) : 1
(1,6,2,3,5,0,4) : 1
(1,6,2,4,3,5,0) : 1
(1,6,3) : 1
(1,6,3,0,2,5,4) : 1
(1,6,3,0,4,2,5) : 1
(1,6,3,0,5,2,4) : 4
(1,6,3,0,5,4,2) : 1
(1,6,3,2,4,0,5) : 1
(1,6,3,2,5,4,0) : 1
(1,6,3,4,2,0,5) : 1
(1,6,3,5) : 1
(1,6,3,5,0,2,4) : 3
(1,6,3,5,0,4,2) : 2
(1,6,3,5,4,0,2) : 1
(1,6,4) : 1
(1,6,5,0,3,2,4) : 2
(1,6,5,3,0,4,2) : 1
(2) : 6065
(2,0) : 174
(2,0,1) : 3
(2,0,1,3,4,5) : 1
(2,0,1,3,4,5,6) : 1
(2,0,1,3,4,6,5) : 3
(2,0,1,3,5,6,4) : 1
(2,0,1,3,6,5,4) : 1
(2,0,1,4) : 1
(2,0,1,4,3,5) : 1
(2,0,1,4,3,6,5) : 4
(2,0,1,4,6,5,3) : 1
(2,0,1,5,3,4,6) : 2
(2,0,1,5,3,6,4) : 1
(2,0,1,5,6) : 1
(2,0,1,5,6,3,4) : 11
(2,0,1,6) : 1
(2,0,1,6,3,4) : 1
(2,0,1,6,3,4,5) : 6
(2,0,1,6,3,5,4) : 6
(2,0,1,6,4,5) : 1
(2,0,1,6,5,3,4) : 8
(2,0,3) : 5
(2,0,3,1,5,6,4) : 2
(2,0,3,1,6,4,5) : 5
(2,0,3,4,1,5,6) : 1
(2,0,3,4,1,6,5) : 1
(2,0,3,4,5,1) : 1
(2,0,3,4,5,1,6) : 4
(2,0,3,4,5,6,1) : 4
(2,0,3,4,6) : 1
(2,0,3,4,6,1) : 1
(2,0,3,4,6,1,5) : 13
(2,0,3,4,6,5,1) : 10
(2,0,3,5,1,4) : 1
(2,0,3,5,1,6,4) : 5
(2,0,3,5,4,6,1) : 4
(2,0,3,5,6,1,4) : 5
(2,0,3,5,6,4,1) : 3
(2,0,3,6,1,4,5) : 3
(2,0,3,6,1,5,4) : 14
(2,0,3,6,4) : 1
(2,0,3,6,4,1,5) : 9
(2,0,3,6,4,5,1) : 7
(2,0,3,6,5) : 1
(2,0,3,6,5,1,4) : 7
(2,0,3,6,5,4) : 3
(2,0,3,6,5,4,1) : 4
(2,0,4) : 12
(2,0,4,1) : 1
(2,0,4,1,3,6) : 1
(2,0,4,1,3,6,5) : 1
(2,0,4,1,5,6) : 1
(2,0,4,1,5,6,3) : 1
(2,0,4,1,6,3,5) : 1
(2,0,4,1,6,5,3) : 1
(2,0,4,3,1,6,5) : 1
(2,0,4,3,5) : 1
(2,0,4,3,5,1,6) : 1
(2,0,4,3,5,6,1) : 3
(2,0,4,3,6,1) : 1
(2,0,4,3,6,1,5) : 30
(2,0,4,3,6,5,1) : 25
(2,0,4,5) : 2
(2,0,4,5,1,6) : 1
(2,0,4,5,1,6,3) : 7
(2,0,4,5,3,1,6) : 1
(2,0,4,5,3,6,1) : 4
(2,0,4,5,6,1,3) : 1
(2,0,4,5,6,3,1) : 9
(2,0,4,6,1,5,3) : 3
(2,0,4,6,3,1,5) : 3
(2,0,4,6,3,5,1) : 7
(2,0,4,6,5,1,3) : 1
(2,0,4,6,5,3) : 1
(2,0,4,6,5,3,1) : 2
(2,0,5) : 9
(2,0,5,1,3) : 1
(2,0,5,1,3,4,6) : 1
(2,0,5,1,3,6,4) : 3
(2,0,5,1,4,3,6) : 1
(2,0,5,1,4,6,3) : 1
(2,0,5,1,6) : 1
(2,0,5,1,6,3,4) : 50
(2,0,5,1,6,4,3) : 4
(2,0,5,3,4,1,6) : 2
(2,0,5,3,4,6) : 1
(2,0,5,3,4,6,1) : 6
(2,0,5,3,6,1,4) : 4
(2,0,5,3,6,4,1) : 2
(2,0,5,4) : 2
(2,0,5,4,1,3,6) : 1
(2,0,5,4,1,6,3) : 2
(2,0,5,4,3,1,6) : 1
(2,0,5,4,3,6,1) : 12
(2,0,5,4,6,3,1) : 2
(2,0,5,6) : 1
(2,0,5,6,1,3,4) : 12
(2,0,5,6,1,4,3) : 2
(2,0,5,6,3) : 1
(2,0,5,6,3,1,4) : 15
(2,0,5,6,3,4,1) : 16
(2,0,5,6,4,1,3) : 1
(2,0,5,6,4,3) : 1
(2,0,5,6,4,3,1) : 2
(2,0,6) : 8
(2,0,6,1,4,3,5) : 1
(2,0,6,1,5,3,4) : 7
(2,0,6,3) : 1
(2,0,6,3,1) : 1
(2,0,6,3,1,4) : 1
(2,0,6,3,1,4,5) : 3
(2,0,6,3,1,5,4) : 3
(2,0,6,3,4,1,5) : 16
(2,0,6,3,4,5) : 4
(2,0,6,3,4,5,1) : 11
(2,0,6,3,5,1,4) : 13
(2,0,6,3,5,4) : 2
(2,0,6,3,5,4,1) : 12
(2,0,6,4) : 2
(2,0,6,4,3,1,5) : 3
(2,0,6,4,3,5) : 1
(2,0,6,4,3,5,1) : 1
(2,0,6,5,1,3,4) : 5
(2,0,6,5,3,1,4) : 2
(2,0,6,5,3,4,1) : 4
(2,0,6,5,4,1,3) : 1
(2,0,6,5,4,3) : 1
(2,0,6,5,4,3,1) : 3
(2,1) : 17
(2,1,0) : 3
(2,1,0,3) : 1
(2,1,0,3,5,4,6) : 1
(2,1,0,3,6,5,4) : 2
(2,1,0,4,3,6,5) : 3
(2,1,0,5,3,4,6) : 1
(2,1,0,5,6,3,4) : 5
(2,1,0,6,3,4,5) : 1
(2,1,0,6,3,5,4) : 1
(2,1,0,6,4,3,5) : 1
(2,1,3) : 1
(2,1,3,0) : 1
(2,1,3,0,5,6,4) : 1
(2,1,3,0,6,5,4) : 2
(2,1,3,4,0,5,6) : 1
(2,1,3,4,6,0,5) : 5
(2,1,3,4,6,5,0) : 1
(2,1,3,5,0) : 1
(2,1,3,5,0,4) : 1
(2,1,3,5,0,6,4) : 1
(2,1,3,6,0,5,4) : 1
(2,1,3,6,4,5,0) : 3
(2,1,3,6,5,0,4) : 4
(2,1,3,6,5,4,0) : 1
(2,1,4) : 1
(2,1,4,0,3,6,5) : 2
(2,1,4,0,6,3,5) : 1
(2,1,4,3,0,5) : 1
(2,1,4,3,6,5,0) : 3
(2,1,4,5,0,6,3) : 3
(2,1,4,5,3,0,6) : 1
(2,1,4,5,6,3,0) : 1
(2,1,4,6,3,0,5) : 1
(2,1,4,6,3,5,0) : 1
(2,1,5) : 1
(2,1,5,0,6,3,4) : 5
(2,1,5,3,0,6,4) : 1
(2,1,5,3,4,6,0) : 1
(2,1,5,3,6,4,0) : 2
(2,1,5,4,3,0) : 1
(2,1,5,4,3,6,0) : 3
(2,1,5,6,3,4,0) : 4
(2,1,5,6,4,3,0) : 2
(2,1,6) : 1
(2,1,6,0,3,5,4) : 1
(2,1,6,0,5,3,4) : 1
(2,1,6,3) : 1
(2,1,6,3,0,5,4) : 1
(2,1,6,3,4,0,5) : 2
(2,1,6,3,4,5,0) : 4
(2,1,6,3,5,0,4) : 4
(2,1,6,3,5,4,0) : 4
(2,1,6,4,0,5,3) : 1
(2,1,6,4,3,5,0) : 5
(2,1,6,5) : 1
(2,1,6,5,3,0,4) : 1
(2,1,6,5,3,4,0) : 2
(2,1,6,5,4,0,3) : 1
(2,3) : 52
(2,3,0) : 6
(2,3,0,1,4,5) : 1
(2,3,0,1,5,6,4) : 2
(2,3,0,1,6,4,5) : 1
(2,3,0,1,6,5,4) : 1
(2,3,0,4) : 1
(2,3,0,4,1,5,6) : 1
(2,3,0,4,5,1,6) : 1
(2,3,0,4,5,6,1) : 1
(2,3,0,4,6,1,5) : 4
(2,3,0,4,6,5,1) : 3
(2,3,0,5,1,4,6) : 2
(2,3,0,5,1,6,4) : 8
(2,3,0,5,6,1,4) : 6
(2,3,0,5,6,4,1) : 1
(2,3,0,6,1,5,4) : 1
(2,3,0,6,4,1,5) : 5
(2,3,0,6,4,5,1) : 5
(2,3,0,6,5,1,4) : 4
(2,3,0,6,5,4,1) : 3
(2,3,1) : 2
(2,3,1,0,5,6,4) : 2
(2,3,1,0,6,5,4) : 1
(2,3,1,4,5,0,6) : 1
(2,3,1,4,5,6,0) : 2
(2,3,1,4,6,0) : 1
(2,3,1,4,6,5,0) : 3
(2,3,1,5) : 1
(2,3,1,5,0,6,4) : 2
(2,3,1,5,6,0,4) : 2
(2,3,1,5,6,4,0) : 2
(2,3,1,6) : 1
(2,3,1,6,4,0,5) : 2
(2,3,1,6,4,5,0) : 2
(2,3,1,6,5,4,0) : 4
(2,3,4) : 14
(2,3,4,0,1,5) : 1
(2,3,4,0,1,5,6) : 2
(2,3,4,0,1,6,5) : 3
(2,3,4,0,5,1) : 1
(2,3,4,0,5,6,1) : 4
(2,3,4,0,6,1,5) : 7
(2,3,4,0,6,5,1) : 4
(2,3,4,1,0) : 1
(2,3,4,1,0,5,6) : 4
(2,3,4,1,0,6,5) : 1
(2,3,4,1,5) : 1
(2,3,4,1,5,0,6) : 2
(2,3,4,1,6) : 1
(2,3,4,1,6,0,5) : 6
(2,3,4,1,6,5,0) : 6
(2,3,4,5,0,1) : 1
(2,3,4,5,0,1,6) : 21
(2,3,4,5,0,6,1) : 3
(2,3,4,5,1,0) : 2
(2,3,4,5,1,6,0) : 6
(2,3,4,5,6,0,1) : 1
(2,3,4,5,6,1) : 1
(2,3,4,5,6,1,0) : 10
(2,3,4,6) : 6
(2,3,4,6,0,1,5) : 11
(2,3,4,6,0,5,1) : 16
(2,3,4,6,1) : 14
(2,3,4,6,1,0,5) : 101
(2,3,4,6,1,5) : 2
(2,3,4,6,1,5,0) : 1559
(2,3,4,6,5,0,1) : 22
(2,3,4,6,5,1,0) : 44
(2,3,5,0) : 1
(2,3,5,0,1,4,6) : 2
(2,3,5,0,1,6,4) : 6
(2,3,5,0,4,1,6) : 2
(2,3,5,0,4,6,1) : 1
(2,3,5,0,6,4,1) : 1
(2,3,5,1,0,6,4) : 1
(2,3,5,1,4,6,0) : 3
(2,3,5,1,6,4,0) : 4
(2,3,5,4,0,1,6) : 1
(2,3,5,4,1,6,0) : 1
(2,3,5,4,6,0,1) : 2
(2,3,5,4,6,1,0) : 3
(2,3,5,6) : 1
(2,3,5,6,0,1,4) : 4
(2,3,5,6,0,4,1) : 1
(2,3,5,6,1,0,4) : 1
(2,3,5,6,1,4,0) : 5
(2,3,5,6,4,1,0) : 8
(2,3,6) : 15
(2,3,6,0) : 2
(2,3,6,0,1,4,5) : 1
(2,3,6,0,1,5,4) : 6
(2,3,6,0,4,1,5) : 5
(2,3,6,0,4,5) : 1
(2,3,6,0,4,5,1) : 12
(2,3,6,0,5,1) : 1
(2,3,6,0,5,1,4) : 16
(2,3,6,0,5,4) : 1
(2,3,6,0,5,4,1) : 14
(2,3,6,1) : 1
(2,3,6,1,0,5,4) : 13
(2,3,6,1,4) : 1
(2,3,6,1,4,0,5) : 3
(2,3,6,1,4,5,0) : 5
(2,3,6,1,5,0,4) : 7
(2,3,6,1,5,4,0) : 23
(2,3,6,4) : 3
(2,3,6,4,0,1,5) : 4
(2,3,6,4,0,5,1) : 13
(2,3,6,4,1,0,5) : 12
(2,3,6,4,1,5,0) : 28
(2,3,6,4,5,0,1) : 11
(2,3,6,4,5,1,0) : 26
(2,3,6,5) : 1
(2,3,6,5,0,1,4) : 17
(2,3,6,5,0,4) : 1
(2,3,6,5,0,4,1) : 8
(2,3,6,5,1,0,4) : 4
(2,3,6,5,1,4) : 1
(2,3,6,5,1,4,0) : 19
(2,3,6,5,4,0,1) : 8
(2,3,6,5,4,1,0) : 26
(2,4) : 149
(2,4,0) : 15
(2,4,0,1,3,6,5) : 2
(2,4,0,1,5,6,3) : 3
(2,4,0,1,6,3,5) : 3
(2,4,0,1,6,5) : 1
(2,4,0,1,6,5,3) : 3
(2,4,0,3,1,6,5) : 1
(2,4,0,3,5) : 1
(2,4,0,3,5,6,1) : 2
(2,4,0,3,6) : 1
(2,4,0,3,6,1,5) : 8
(2,4,0,3,6,5,1) : 18
(2,4,0,5,1,3,6) : 2
(2,4,0,5,1,6,3) : 11
(2,4,0,5,3,6,1) : 5
(2,4,0,5,6) : 2
(2,4,0,5,6,1) : 1
(2,4,0,5,6,1,3) : 2
(2,4,0,5,6,3,1) : 7
(2,4,0,6) : 1
(2,4,0,6,1,3,5) : 1
(2,4,0,6,1,5,3) : 3
(2,4,0,6,3) : 1
(2,4,0,6,3,1,5) : 3
(2,4,0,6,3,5,1) : 12
(2,4,0,6,5,1) : 1
(2,4,0,6,5,3) : 1
(2,4,0,6,5,3,1) : 4
(2,4,1) : 2
(2,4,1,0,3,5) : 1
(2,4,1,0,3,5,6) : 1
(2,4,1,0,3,6,5) : 1
(2,4,1,0,5,6) : 1
(2,4,1,0,5,6,3) : 3
(2,4,1,0,6,3,5) : 1
(2,4,1,3,5,6,0) : 2
(2,4,1,3,6,0,5) : 5
(2,4,1,3,6,5,0) : 7
(2,4,1,5,0,3,6) : 1
(2,4,1,5,0,6,3) : 1
(2,4,1,5,3,6,0) : 4
(2,4,1,5,6,0) : 1
(2,4,1,5,6,3,0) : 2
(2,4,1,6,0,5,3) : 1
(2,4,1,6,3,0,5) : 2
(2,4,1,6,3,5,0) : 6
(2,4,3) : 10
(2,4,3,0) : 2
(2,4,3,0,1,6,5) : 1
(2,4,3,0,5,1) : 1
(2,4,3,0,5,1,6) : 6
(2,4,3,0,5,6,1) : 4
(2,4,3,0,6) : 1
(2,4,3,0,6,1,5) : 4
(2,4,3,0,6,5,1) : 9
(2,4,3,1,0,6,5) : 2
(2,4,3,1,5,0) : 2
(2,4,3,1,5,0,6) : 1
(2,4,3,1,6,0,5) : 2
(2,4,3,1,6,5,0) : 6
(2,4,3,5,0,1,6) : 4
(2,4,3,5,0,6,1) : 2
(2,4,3,5,1,0) : 1
(2,4,3,5,1,0,6) : 1
(2,4,3,5,1,6) : 1
(2,4,3,5,1,6,0) : 8
(2,4,3,5,6,0,1) : 5
(2,4,3,5,6,1) : 1
(2,4,3,5,6,1,0) : 10
(2,4,3,6) : 11
(2,4,3,6,0,1) : 3
(2,4,3,6,0,1,5) : 13
(2,4,3,6,0,5,1) : 54
(2,4,3,6,1,0,5) : 51
(2,4,3,6,1,5) : 1
(2,4,3,6,1,5,0) : 115
(2,4,3,6,5) : 2
(2,4,3,6,5,0,1) : 56
(2,4,3,6,5,1,0) : 103
(2,4,5) : 8
(2,4,5,0) : 1
(2,4,5,0,1,3) : 1
(2,4,5,0,1,6,3) : 5
(2,4,5,0,3,1,6) : 3
(2,4,5,0,3,6,1) : 2
(2,4,5,0,6,1,3) : 1
(2,4,5,0,6,3,1) : 2
(2,4,5,1) : 1
(2,4,5,1,0,6,3) : 1
(2,4,5,1,3,0,6) : 1
(2,4,5,1,3,6,0) : 3
(2,4,5,1,6,0,3) : 1
(2,4,5,1,6,3,0) : 9
(2,4,5,3,0,1,6) : 1
(2,4,5,3,0,6,1) : 1
(2,4,5,3,1,6,0) : 1
(2,4,5,3,6,0,1) : 7
(2,4,5,3,6,1,0) : 9
(2,4,5,6,0,1) : 1
(2,4,5,6,0,1,3) : 1
(2,4,5,6,1,3,0) : 1
(2,4,5,6,3,0,1) : 10
(2,4,5,6,3,1,0) : 5
(2,4,6) : 7
(2,4,6,0,1,5,3) : 1
(2,4,6,0,3,1,5) : 1
(2,4,6,0,3,5,1) : 3
(2,4,6,0,5,3,1) : 1
(2,4,6,1,3,0,5) : 1
(2,4,6,1,3,5,0) : 2
(2,4,6,1,5,0,3) : 1
(2,4,6,1,5,3,0) : 1
(2,4,6,3) : 1
(2,4,6,3,0) : 1
(2,4,6,3,0,1,5) : 4
(2,4,6,3,0,5,1) : 15
(2,4,6,3,1,0) : 1
(2,4,6,3,1,0,5) : 4
(2,4,6,3,1,5,0) : 17
(2,4,6,3,5,0,1) : 19
(2,4,6,3,5,1,0) : 31
(2,4,6,5,1,3,0) : 1
(2,4,6,5,3,0,1) : 1
(2,4,6,5,3,1,0) : 6
(2,5) : 44
(2,5,0) : 3
(2,5,0,1) : 1
(2,5,0,1,3,4) : 1
(2,5,0,1,3,4,6) : 4
(2,5,0,1,4,3,6) : 1
(2,5,0,1,4,6,3) : 1
(2,5,0,1,6,3,4) : 35
(2,5,0,1,6,4,3) : 1
(2,5,0,3,1,6,4) : 2
(2,5,0,3,4) : 1
(2,5,0,3,4,1) : 1
(2,5,0,3,4,1,6) : 1
(2,5,0,3,4,6,1) : 3
(2,5,0,3,6,1,4) : 1
(2,5,0,3,6,4,1) : 2
(2,5,0,4) : 1
(2,5,0,4,1,6,3) : 1
(2,5,0,4,3,1,6) : 1
(2,5,0,4,3,6,1) : 8
(2,5,0,6,1,3,4) : 6
(2,5,0,6,1,4,3) : 2
(2,5,0,6,3,1,4) : 6
(2,5,0,6,3,4,1) : 8
(2,5,0,6,4,3,1) : 1
(2,5,1) : 1
(2,5,1,0,4,3,6) : 1
(2,5,1,0,6,3,4) : 6
(2,5,1,0,6,4,3) : 2
(2,5,1,3,4,0) : 3
(2,5,1,3,4,6) : 1
(2,5,1,3,4,6,0) : 2
(2,5,1,3,6,0,4) : 2
(2,5,1,3,6,4,0) : 3
(2,5,1,4) : 1
(2,5,1,4,3,6,0) : 1
(2,5,1,4,6,3,0) : 2
(2,5,1,6) : 1
(2,5,1,6,3,0,4) : 1
(2,5,1,6,3,4,0) : 10
(2,5,1,6,4,0) : 1
(2,5,1,6,4,3,0) : 2
(2,5,3) : 5
(2,5,3,0,1,6,4) : 1
(2,5,3,0,4,6,1) : 1
(2,5,3,0,6,1,4) : 3
(2,5,3,0,6,4,1) : 3
(2,5,3,1,6,4,0) : 3
(2,5,3,4,0,1) : 1
(2,5,3,4,0,1,6) : 3
(2,5,3,4,0,6,1) : 3
(2,5,3,4,1) : 1
(2,5,3,4,1,6,0) : 1
(2,5,3,4,6,0,1) : 2
(2,5,3,4,6,1,0) : 10
(2,5,3,6) : 1
(2,5,3,6,0) : 1
(2,5,3,6,0,1,4) : 6
(2,5,3,6,0,4,1) : 3
(2,5,3,6,1,0,4) : 2
(2,5,3,6,1,4,0) : 1
(2,5,3,6,4,0,1) : 5
(2,5,3,6,4,1,0) : 11
(2,5,4) : 2
(2,5,4,0,1,3,6) : 2
(2,5,4,0,1,6,3) : 2
(2,5,4,0,3,1,6) : 1
(2,5,4,0,3,6,1) : 2
(2,5,4,0,6,3,1) : 2
(2,5,4,1,3,6,0) : 2
(2,5,4,3,0,1) : 1
(2,5,4,3,0,6,1) : 2
(2,5,4,3,1,6,0) : 1
(2,5,4,3,6,0,1) : 6
(2,5,4,3,6,1,0) : 10
(2,5,4,6,1,3,0) : 2
(2,5,4,6,3,0,1) : 1
(2,5,6) : 1
(2,5,6,0) : 1
(2,5,6,0,1,3,4) : 1
(2,5,6,0,3,1,4) : 2
(2,5,6,0,3,4,1) : 1
(2,5,6,0,4,1,3) : 1
(2,5,6,1,0,3,4) : 1
(2,5,6,1,3,0,4) : 1
(2,5,6,1,3,4,0) : 2
(2,5,6,1,4,3,0) : 1
(2,5,6,3,0) : 1
(2,5,6,3,0,1,4) : 3
(2,5,6,3,0,4,1) : 8
(2,5,6,3,1,0,4) : 2
(2,5,6,3,1,4,0) : 4
(2,5,6,3,4) : 1
(2,5,6,3,4,0,1) : 2
(2,5,6,3,4,1,0) : 12
(2,5,6,4,1,3,0) : 1
(2,5,6,4,3,1,0) : 2
(2,6) : 22
(2,6,0) : 3
(2,6,0,1,5,3,4) : 1
(2,6,0,3,1,4,5) : 1
(2,6,0,3,4,1,5) : 2
(2,6,0,3,4,5,1) : 1
(2,6,0,3,5) : 1
(2,6,0,3,5,4,1) : 1
(2,6,0,4,3,5) : 1
(2,6,0,4,3,5,1) : 1
(2,6,0,5) : 1
(2,6,0,5,1) : 1
(2,6,0,5,1,3,4) : 5
(2,6,0,5,1,4,3) : 1
(2,6,0,5,3,4,1) : 6
(2,6,0,5,4,3,1) : 1
(2,6,1) : 2
(2,6,1,0) : 2
(2,6,1,0,3,4,5) : 1
(2,6,1,0,5,3) : 1
(2,6,1,0,5,3,4) : 18
(2,6,1,3,0,4,5) : 1
(2,6,1,3,4,0,5) : 2
(2,6,1,3,4,5,0) : 3
(2,6,1,3,5,0,4) : 1
(2,6,1,4,3,5,0) : 2
(2,6,1,5,0,3,4) : 4
(2,6,1,5,3,0,4) : 1
(2,6,1,5,3,4,0) : 6
(2,6,3) : 9
(2,6,3,0) : 1
(2,6,3,0,1,4,5) : 1
(2,6,3,0,1,5,4) : 2
(2,6,3,0,4) : 1
(2,6,3,0,4,1,5) : 4
(2,6,3,0,4,5) : 1
(2,6,3,0,4,5,1) : 4
(2,6,3,0,5,1,4) : 12
(2,6,3,0,5,4) : 1
(2,6,3,0,5,4,1) : 3
(2,6,3,1,0,4,5) : 1
(2,6,3,1,0,5,4) : 4
(2,6,3,1,4,5,0) : 4
(2,6,3,1,5,0,4) : 5
(2,6,3,1,5,4,0) : 3
(2,6,3,4,0) : 1
(2,6,3,4,0,1,5) : 7
(2,6,3,4,0,5,1) : 11
(2,6,3,4,1,0,5) : 10
(2,6,3,4,1,5,0) : 18
(2,6,3,4,5,0,1) : 19
(2,6,3,4,5,1,0) : 23
(2,6,3,5,0,1,4) : 4
(2,6,3,5,0,4) : 2
(2,6,3,5,0,4,1) : 5
(2,6,3,5,1,0,4) : 2
(2,6,3,5,1,4,0) : 10
(2,6,3,5,4,0) : 1
(2,6,3,5,4,0,1) : 1
(2,6,3,5,4,1,0) : 8
(2,6,4) : 3
(2,6,4,0,5,3,1) : 1
(2,6,4,3,0,1,5) : 2
(2,6,4,3,0,5,1) : 5
(2,6,4,3,1,0,5) : 3
(2,6,4,3,1,5,0) : 10
(2,6,4,3,5,0,1) : 2
(2,6,4,3,5,1,0) : 5
(2,6,4,5,0,1,3) : 2
(2,6,5) : 1
(2,6,5,0) : 1
(2,6,5,0,1,3,4) : 2
(2,6,5,0,3,4,1) : 2
(2,6,5,0,4,3) : 1
(2,6,5,1,3,4,0) : 1
(2,6,5,3,0,1,4) : 1
(2,6,5,3,0,4,1) : 1
(2,6,5,3,4,0,1) : 4
(2,6,5,3,4,1,0) : 4
(2,6,5,4,3,1,0) : 4
(3) : 1002
(3,0) : 79
(3,0,1) : 5
(3,0,1,2) : 1
(3,0,1,2,4,6,5) : 2
(3,0,1,2,6,4,5) : 1
(3,0,1,2,6,5,4) : 2
(3,0,1,4,2,6,5) : 1
(3,0,1,4,6,2,5) : 1
(3,0,1,4,6,5,2) : 2
(3,0,1,5,2,6,4) : 1
(3,0,1,5,4,6,2) : 1
(3,0,1,5,6,2,4) : 2
(3,0,1,5,6,4,2) : 3
(3,0,1,6,2,4,5) : 4
(3,0,1,6,2,5,4) : 4
(3,0,1,6,4,2,5) : 1
(3,0,1,6,4,5,2) : 1
(3,0,1,6,5,2,4) : 12
(3,0,1,6,5,4,2) : 1
(3,0,2) : 2
(3,0,2,1) : 1
(3,0,2,1,4,6,5) : 1
(3,0,2,1,6,5,4) : 1
(3,0,2,4,1,6,5) : 1
(3,0,2,4,5,1,6) : 1
(3,0,2,4,6,1,5) : 7
(3,0,2,4,6,5,1) : 1
(3,0,2,5) : 1
(3,0,2,5,1,4,6) : 1
(3,0,2,5,1,6,4) : 1
(3,0,2,5,4,1,6) : 1
(3,0,2,5,6) : 1
(3,0,2,6,1,5,4) : 1
(3,0,2,6,4,1,5) : 1
(3,0,2,6,4,5,1) : 2
(3,0,2,6,5,1,4) : 5
(3,0,2,6,5,4,1) : 2
(3,0,4) : 1
(3,0,4,2,5,6,1) : 1
(3,0,4,2,6) : 1
(3,0,4,2,6,1,5) : 3
(3,0,4,2,6,5,1) : 1
(3,0,4,5,1,6,2) : 1
(3,0,4,5,6,2,1) : 1
(3,0,4,6) : 1
(3,0,4,6,1,2,5) : 2
(3,0,4,6,1,5,2) : 2
(3,0,4,6,2,1,5) : 1
(3,0,4,6,2,5,1) : 2
(3,0,4,6,5,1,2) : 1
(3,0,5) : 4
(3,0,5,1,2,6,4) : 2
(3,0,5,1,4,2,6) : 1
(3,0,5,1,6,2,4) : 14
(3,0,5,1,6,4,2) : 2
(3,0,5,2,1,6,4) : 1
(3,0,5,2,4,6,1) : 3
(3,0,5,2,6,1,4) : 4
(3,0,5,6,1) : 1
(3,0,5,6,1,2) : 1
(3,0,5,6,1,2,4) : 3
(3,0,5,6,1,4,2) : 6
(3,0,5,6,2,1,4) : 3
(3,0,5,6,2,4) : 1
(3,0,5,6,2,4,1) : 5
(3,0,5,6,4,1,2) : 2
(3,0,5,6,4,2,1) : 3
(3,0,6) : 4
(3,0,6,1,2,5,4) : 3
(3,0,6,1,5,2,4) : 11
(3,0,6,1,5,4,2) : 4
(3,0,6,2) : 1
(3,0,6,2,1,5,4) : 4
(3,0,6,2,4,1) : 1
(3,0,6,2,4,1,5) : 3
(3,0,6,2,4,5,1) : 3
(3,0,6,2,5,1,4) : 4
(3,0,6,2,5,4,1) : 3
(3,0,6,4,1,5) : 1
(3,0,6,4,1,5,2) : 2
(3,0,6,4,2,1,5) : 2
(3,0,6,4,2,5) : 1
(3,0,6,4,2,5,1) : 5
(3,0,6,4,5,1,2) : 2
(3,0,6,5,1,2,4) : 8
(3,0,6,5,1,4,2) : 6
(3,0,6,5,2) : 1
(3,0,6,5,2,1,4) : 5
(3,0,6,5,2,4,1) : 4
(3,0,6,5,4,1,2) : 3
(3,0,6,5,4,2,1) : 5
(3,1) : 5
(3,1,0) : 5
(3,1,0,2,5,6,4) : 1
(3,1,0,2,6,5,4) : 2
(3,1,0,5,6,2,4) : 1
(3,1,0,6) : 2
(3,1,0,6,2,4,5) : 1
(3,1,0,6,5,2,4) : 1
(3,1,2) : 1
(3,1,2,5,0,4,6) : 1
(3,1,2,5,6,4,0) : 1
(3,1,2,6,5,0,4) : 1
(3,1,4,0) : 1
(3,1,4,5,0,6,2) : 1
(3,1,4,6,5,2,0) : 1
(3,1,5,0,4,2,6) : 1
(3,1,5,0,6,2,4) : 1
(3,1,5,2,0,4,6) : 1
(3,1,5,6,2,0,4) : 1
(3,1,5,6,4,2,0) : 1
(3,1,6) : 1
(3,1,6,0,2,4,5) : 1
(3,1,6,2,0,5,4) : 2
(3,1,6,2,4,0,5) : 1
(3,1,6,2,4,5,0) : 2
(3,1,6,2,5,0,4) : 1
(3,1,6,2,5,4,0) : 1
(3,1,6,4,5,2,0) : 1
(3,1,6,5,2,0,4) : 1
(3,1,6,5,2,4,0) : 3
(3,2) : 22
(3,2,0) : 5
(3,2,0,1,6,5,4) : 1
(3,2,0,4,6,1,5) : 4
(3,2,0,4,6,5) : 1
(3,2,0,4,6,5,1) : 1
(3,2,0,5) : 1
(3,2,0,5,1,6,4) : 4
(3,2,0,6,1,4,5) : 1
(3,2,0,6,1,5,4) : 1
(3,2,0,6,4,5,1) : 4
(3,2,0,6,5,1) : 1
(3,2,0,6,5,1,4) : 2
(3,2,0,6,5,4,1) : 5
(3,2,1,5,4,6,0) : 1
(3,2,1,6,0,5) : 1
(3,2,1,6,0,5,4) : 1
(3,2,1,6,4,0,5) : 2
(3,2,1,6,5,4,0) : 1
(3,2,4) : 1
(3,2,4,0,6,1,5) : 1
(3,2,4,0,6,5,1) : 1
(3,2,4,1) : 1
(3,2,4,1,0,5,6) : 1
(3,2,4,1,5,6,0) : 1
(3,2,4,1,6,0,5) : 1
(3,2,4,1,6,5,0) : 1
(3,2,4,5,0,1) : 1
(3,2,4,5,1,6,0) : 1
(3,2,4,5,6,0,1) : 1
(3,2,4,5,6,1,0) : 3
(3,2,4,6,0) : 1
(3,2,4,6,0,1,5) : 2
(3,2,4,6,0,5,1) : 2
(3,2,4,6,1) : 1
(3,2,4,6,1,0) : 1
(3,2,4,6,1,0,5) : 3
(3,2,4,6,1,5,0) : 14
(3,2,4,6,5) : 1
(3,2,4,6,5,0,1) : 1
(3,2,4,6,5,1,0) : 3
(3,2,5,0,6,1,4) : 2
(3,2,5,1,6,4,0) : 2
(3,2,5,4,6,0,1) : 1
(3,2,5,4,6,1,0) : 1
(3,2,5,6,1,4,0) : 3
(3,2,5,6,4) : 1
(3,2,6) : 2
(3,2,6,0,1,4,5) : 1
(3,2,6,0,4,1,5) : 1
(3,2,6,0,4,5,1) : 2
(3,2,6,0,5,1,4) : 4
(3,2,6,0,5,4,1) : 1
(3,2,6,1,0,5,4) : 8
(3,2,6,1,4,0,5) : 2
(3,2,6,1,4,5,0) : 2
(3,2,6,1,5,0,4) : 2
(3,2,6,1,5,4,0) : 4
(3,2,6,4,0,1,5) : 1
(3,2,6,4,0,5,1) : 2
(3,2,6,4,1,0,5) : 4
(3,2,6,4,1,5,0) : 3
(3,2,6,4,5,0,1) : 3
(3,2,6,4,5,1,0) : 3
(3,2,6,5,0,1,4) : 2
(3,2,6,5,0,4,1) : 2
(3,2,6,5,1,0,4) : 3
(3,2,6,5,1,4,0) : 6
(3,2,6,5,4,1,0) : 4
(3,4) : 14
(3,4,0,2) : 1
(3,4,0,2,6,1,5) : 2
(3,4,0,2,6,5,1) : 1
(3,4,0,5,1,2,6) : 1
(3,4,0,5,6,1,2) : 2
(3,4,0,6,1,2,5) : 1
(3,4,0,6,1,5) : 1
(3,4,0,6,1,5,2) : 1
(3,4,0,6,2,1,5) : 1
(3,4,0,6,2,5,1) : 2
(3,4,1,6,0,2,5) : 1
(3,4,2) : 5
(3,4,2,0,1,6,5) : 1
(3,4,2,0,5,1,6) : 1
(3,4,2,0,5,6,1) : 1
(3,4,2,0,6,1,5) : 1
(3,4,2,0,6,5,1) : 1
(3,4,2,1,0,5,6) : 1
(3,4,2,6,0,1,5) : 3
(3,4,2,6,0,5,1) : 6
(3,4,2,6,1,0,5) : 5
(3,4,2,6,1,5,0) : 12
(3,4,2,6,5) : 1
(3,4,2,6,5,0,1) : 8
(3,4,2,6,5,1,0) : 5
(3,4,5,0,2,6,1) : 1
(3,4,5,2,0,6,1) : 1
(3,4,5,6,0,2,1) : 2
(3,4,5,6,2,0,1) : 2
(3,4,6) : 1
(3,4,6,1,0,2,5) : 2
(3,4,6,1,5,0,2) : 1
(3,4,6,1,5,2,0) : 6
(3,4,6,2,0,5,1) : 2
(3,4,6,2,1,5,0) : 3
(3,4,6,2,5,0,1) : 2
(3,4,6,2,5,1,0) : 1
(3,4,6,5,0,1,2) : 4
(3,4,6,5,0,2,1) : 1
(3,4,6,5,1,2,0) : 3
(3,4,6,5,2,0,1) : 2
(3,5) : 5
(3,5,0) : 1
(3,5,0,1,6,2,4) : 6
(3,5,0,1,6,4,2) : 1
(3,5,0,4,2,6,1) : 1
(3,5,0,4,6,2,1) : 2
(3,5,0,6,2,1,4) : 4
(3,5,0,6,4,2,1) : 1
(3,5,1,0,2,4) : 1
(3,5,1,0,2,6,4) : 1
(3,5,1,0,4,2,6) : 1
(3,5,1,0,6,2,4) : 1
(3,5,1,4,0,6,2) : 2
(3,5,1,4,2,0) : 1
(3,5,1,4,2,6,0) : 1
(3,5,1,6,0,2,4) : 1
(3,5,1,6,2,4,0) : 4
(3,5,2,0,1,6,4) : 1
(3,5,2,0,6,4,1) : 1
(3,5,2,4,6,1,0) : 1
(3,5,2,6,1,0,4) : 1
(3,5,2,6,4,1,0) : 1
(3,5,4,2,6,1,0) : 2
(3,5,4,6,0,2,1) : 1
(3,5,6,0,1,2,4) : 1
(3,5,6,0,2,1,4) : 1
(3,5,6,0,4,2,1) : 1
(3,5,6,1,2,0,4) : 1
(3,5,6,1,4,0,2) : 1
(3,5,6,1,4,2,0) : 1
(3,5,6,2,0,1,4) : 1
(3,5,6,2,0,4,1) : 1
(3,5,6,2,4,0,1) : 2
(3,5,6,2,4,1,0) : 1
(3,5,6,4,2,1,0) : 1
(3,6) : 32
(3,6,0) : 9
(3,6,0,1,4,2,5) : 2
(3,6,0,1,4,5) : 1
(3,6,0,1,4,5,2) : 1
(3,6,0,1,5,2,4) : 4
(3,6,0,1,5,4,2) : 1
(3,6,0,2) : 1
(3,6,0,2,1,5,4) : 2
(3,6,0,2,4,1,5) : 1
(3,6,0,2,4,5) : 2
(3,6,0,2,4,5,1) : 3
(3,6,0,2,5,1,4) : 3
(3,6,0,2,5,4) : 1
(3,6,0,4) : 1
(3,6,0,4,2,1,5) : 2
(3,6,0,4,2,5) : 1
(3,6,0,4,2,5,1) : 2
(3,6,0,4,5,1,2) : 3
(3,6,0,5,1,2,4) : 9
(3,6,0,5,1,4,2) : 1
(3,6,0,5,2,1,4) : 3
(3,6,0,5,2,4,1) : 6
(3,6,0,5,4,1,2) : 1
(3,6,0,5,4,2) : 1
(3,6,0,5,4,2,1) : 1
(3,6,1,0,2,4,5) : 3
(3,6,1,0,2,5,4) : 1
(3,6,1,0,5,4,2) : 2
(3,6,1,2,5,0,4) : 1
(3,6,1,4,2,0,5) : 2
(3,6,1,5,0,2,4) : 7
(3,6,1,5,0,4,2) : 1
(3,6,1,5,2,4,0) : 1
(3,6,1,5,4,0,2) : 1
(3,6,2) : 4
(3,6,2,0,1,4,5) : 2
(3,6,2,0,4,1) : 1
(3,6,2,0,4,5,1) : 1
(3,6,2,0,5,1,4) : 2
(3,6,2,0,5,4,1) : 1
(3,6,2,1,0,4,5) : 2
(3,6,2,1,4,0,5) : 1
(3,6,2,1,4,5,0) : 1
(3,6,2,1,5,0,4) : 3
(3,6,2,1,5,4,0) : 3
(3,6,2,4,0,1,5) : 1
(3,6,2,4,0,5,1) : 3
(3,6,2,4,1,0,5) : 3
(3,6,2,4,1,5,0) : 1
(3,6,2,4,5,0) : 1
(3,6,2,4,5,0,1) : 5
(3,6,2,4,5,1,0) : 1
(3,6,2,5,0,1,4) : 1
(3,6,2,5,0,4,1) : 3
(3,6,2,5,1,0,4) : 2
(3,6,2,5,1,4,0) : 2
(3,6,2,5,4,0,1) : 4
(3,6,2,5,4,1,0) : 1
(3,6,4) : 1
(3,6,4,0,5,1,2) : 2
(3,6,4,0,5,2,1) : 1
(3,6,4,1,0,2,5) : 3
(3,6,4,1,2,0,5) : 1
(3,6,4,1,2,5,0) : 1
(3,6,4,1,5,2,0) : 1
(3,6,4,2) : 1
(3,6,4,2,0,1,5) : 1
(3,6,4,2,0,5,1) : 7
(3,6,4,2,1,0,5) : 4
(3,6,4,2,1,5,0) : 6
(3,6,4,2,5,0,1) : 1
(3,6,4,2,5,1,0) : 5
(3,6,4,5,0,2,1) : 3
(3,6,4,5,1,0,2) : 1
(3,6,4,5,1,2,0) : 3
(3,6,4,5,2,0,1) : 2
(3,6,4,5,2,1,0) : 3
(3,6,5) : 4
(3,6,5,0,1,2,4) : 2
(3,6,5,0,1,4) : 1
(3,6,5,0,1,4,2) : 1
(3,6,5,0,2,1,4) : 1
(3,6,5,0,2,4,1) : 3
(3,6,5,0,4,1,2) : 1
(3,6,5,0,4,2,1) : 3
(3,6,5,1,0,2,4) : 6
(3,6,5,1,2,4,0) : 3
(3,6,5,1,4,2,0) : 4
(3,6,5,2,0,1,4) : 4
(3,6,5,2,0,4,1) : 1
(3,6,5,2,1,4,0) : 1
(3,6,5,2,4,0,1) : 1
(3,6,5,2,4,1,0) : 1
(3,6,5,4,1,0,2) : 2
(3,6,5,4,1,2,0) : 5
(3,6,5,4,2,0,1) : 1
(3,6,5,4,2,1,0) : 3
(4) : 1022
(4,0) : 31
(4,0,1) : 2
(4,0,1,3,2,6,5) : 1
(4,0,1,5,2,6,3) : 1
(4,0,1,6,2,3,5) : 3
(4,0,2) : 3
(4,0,2,1,5) : 1
(4,0,2,1,6,3,5) : 3
(4,0,2,3) : 2
(4,0,2,3,1,6) : 2
(4,0,2,3,5,6,1) : 3
(4,0,2,3,6,1,5) : 5
(4,0,2,3,6,5,1) : 7
(4,0,2,5,3,1,6) : 1
(4,0,2,5,3,6,1) : 3
(4,0,2,6,1,3,5) : 1
(4,0,2,6,3,1,5) : 4
(4,0,2,6,3,5,1) : 8
(4,0,3) : 2
(4,0,3,1,5,6,2) : 1
(4,0,3,1,6,5,2) : 1
(4,0,3,2,6,1,5) : 1
(4,0,3,2,6,5,1) : 4
(4,0,3,5) : 1
(4,0,3,5,1,6,2) : 2
(4,0,3,5,2,6,1) : 1
(4,0,3,5,6,1,2) : 1
(4,0,3,5,6,2,1) : 1
(4,0,3,6) : 1
(4,0,3,6,1,5,2) : 3
(4,0,3,6,2,1,5) : 3
(4,0,3,6,2,5,1) : 2
(4,0,3,6,5,2,1) : 3
(4,0,5) : 3
(4,0,5,1,2,6) : 1
(4,0,5,1,6,2,3) : 4
(4,0,5,1,6,3,2) : 1
(4,0,5,2,3,6,1) : 4
(4,0,5,2,6,1,3) : 1
(4,0,5,2,6,3,1) : 1
(4,0,5,3,2,6,1) : 1
(4,0,5,6,1,2,3) : 1
(4,0,5,6,1,3,2) : 1
(4,0,5,6,2,3,1) : 2
(4,0,5,6,3,2,1) : 1
(4,0,6) : 2
(4,0,6,2,3,5,1) : 2
(4,0,6,2,5,3,1) : 1
(4,0,6,3,1,5,2) : 1
(4,0,6,3,2,1,5) : 3
(4,0,6,3,2,5,1) : 2
(4,0,6,3,5,1,2) : 2
(4,0,6,3,5,2,1) : 1
(4,0,6,5,2,3,1) : 1
(4,1) : 3
(4,1,0) : 1
(4,1,0,2,5,6,3) : 1
(4,1,0,3,6,5,2) : 1
(4,1,0,6,2,5,3) : 1
(4,1,0,6,3,5,2) : 1
(4,1,2,0,3,6,5) : 2
(4,1,2,0,5,3,6) : 1
(4,1,2,3,0,5) : 1
(4,1,2,3,6,5,0) : 1
(4,1,5,0,6,3,2) : 1
(4,1,6,3,2,0,5) : 1
(4,2) : 82
(4,2,0) : 12
(4,2,0,1,6,3,5) : 2
(4,2,0,1,6,5,3) : 1
(4,2,0,3) : 1
(4,2,0,3,1,6,5) : 1
(4,2,0,3,5,6,1) : 2
(4,2,0,3,6,1,5) : 9
(4,2,0,3,6,5,1) : 22
(4,2,0,5) : 1
(4,2,0,5,1,3) : 1
(4,2,0,5,1,3,6) : 1
(4,2,0,5,1,6,3) : 2
(4,2,0,5,3,6,1) : 4
(4,2,0,5,6,3,1) : 4
(4,2,0,6,3,1,5) : 3
(4,2,0,6,3,5,1) : 11
(4,2,0,6,5,1,3) : 1
(4,2,0,6,5,3,1) : 1
(4,2,1) : 1
(4,2,1,0) : 1
(4,2,1,0,3,5) : 1
(4,2,1,0,3,6,5) : 1
(4,2,1,0,6,3,5) : 1
(4,2,1,3,6,0,5) : 2
(4,2,1,3,6,5,0) : 2
(4,2,1,5,0,3,6) : 1
(4,2,1,5,0,6,3) : 2
(4,2,1,5,3,6,0) : 1
(4,2,1,5,6,3,0) : 1
(4,2,1,6,0,5,3) : 1
(4,2,1,6,3,0,5) : 1
(4,2,1,6,3,5,0) : 1
(4,2,3) : 4
(4,2,3,0) : 1
(4,2,3,0,1,5,6) : 1
(4,2,3,0,1,6,5) : 3
(4,2,3,0,5,1,6) : 1
(4,2,3,0,5,6,1) : 1
(4,2,3,0,6,1,5) : 3
(4,2,3,0,6,5,1) : 2
(4,2,3,5,0,1,6) : 1
(4,2,3,5,0,6,1) : 1
(4,2,3,5,6,0,1) : 3
(4,2,3,5,6,1,0) : 4
(4,2,3,6) : 1
(4,2,3,6,0,1) : 1
(4,2,3,6,0,1,5) : 14
(4,2,3,6,0,5,1) : 30
(4,2,3,6,1,0,5) : 18
(4,2,3,6,1,5,0) : 13
(4,2,3,6,5,0,1) : 38
(4,2,3,6,5,1,0) : 28
(4,2,5) : 2
(4,2,5,0,1,3,6) : 1
(4,2,5,0,1,6,3) : 2
(4,2,5,0,3,6,1) : 3
(4,2,5,0,6,3,1) : 3
(4,2,5,1,6,3,0) : 2
(4,2,5,3,6,0,1) : 5
(4,2,5,3,6,1,0) : 2
(4,2,5,6,0,1,3) : 2
(4,2,5,6,3,0,1) : 1
(4,2,5,6,3,1,0) : 2
(4,2,6) : 1
(4,2,6,0,3,1,5) : 1
(4,2,6,0,3,5,1) : 3
(4,2,6,0,5,1,3) : 1
(4,2,6,0,5,3,1) : 1
(4,2,6,1,0,5,3) : 1
(4,2,6,1,3,0,5) : 1
(4,2,6,3) : 7
(4,2,6,3,0) : 1
(4,2,6,3,0,1) : 1
(4,2,6,3,0,1,5) : 2
(4,2,6,3,0,5,1) : 16
(4,2,6,3,1,0,5) : 5
(4,2,6,3,1,5,0) : 4
(4,2,6,3,5,0,1) : 20
(4,2,6,3,5,1,0) : 10
(4,2,6,5,0,1,3) : 1
(4,2,6,5,0,3,1) : 1
(4,2,6,5,3,0,1) : 1
(4,2,6,5,3,1,0) : 1
(4,3) : 7
(4,3,0) : 1
(4,3,0,1,6,2,5) : 1
(4,3,0,2,1,5,6) : 1
(4,3,0,2,6,1,5) : 1
(4,3,0,5,1,6,2) : 1
(4,3,0,5,6,1,2) : 1
(4,3,0,5,6,2,1) : 1
(4,3,0,6,1,5,2) : 2
(4,3,0,6,2,1,5) : 2
(4,3,0,6,2,5,1) : 4
(4,3,0,6,5,2,1) : 1
(4,3,1,2,6,0,5) : 2
(4,3,1,6,2,0,5) : 2
(4,3,2) : 1
(4,3,2,0,1,6,5) : 1
(4,3,2,0,6,1,5) : 3
(4,3,2,0,6,5,1) : 5
(4,3,2,1,5,6,0) : 1
(4,3,2,1,6,0,5) : 1
(4,3,2,1,6,5,0) : 1
(4,3,2,5,0,1,6) : 1
(4,3,2,5,6,1,0) : 1
(4,3,2,6) : 1
(4,3,2,6,0,1,5) : 3
(4,3,2,6,0,5) : 1
(4,3,2,6,0,5,1) : 13
(4,3,2,6,1,0,5) : 121
(4,3,2,6,1,5,0) : 7
(4,3,2,6,5,0,1) : 7
(4,3,2,6,5,1,0) : 9
(4,3,5,0,1,6,2) : 1
(4,3,5,0,6,1,2) : 1
(4,3,5,0,6,2,1) : 1
(4,3,5,6,0,2,1) : 1
(4,3,5,6,1,0,2) : 1
(4,3,5,6,2,0,1) : 1
(4,3,6) : 6
(4,3,6,0) : 2
(4,3,6,0,1,2,5) : 1
(4,3,6,0,1,5,2) : 2
(4,3,6,0,2,1,5) : 2
(4,3,6,0,2,5,1) : 4
(4,3,6,0,5,1,2) : 1
(4,3,6,0,5,2,1) : 4
(4,3,6,1,0,5,2) : 1
(4,3,6,1,5,0,2) : 1
(4,3,6,1,5,2,0) : 4
(4,3,6,2) : 2
(4,3,6,2,0,1,5) : 2
(4,3,6,2,0,5,1) : 9
(4,3,6,2,1,0,5) : 10
(4,3,6,2,1,5,0) : 3
(4,3,6,2,5,0,1) : 7
(4,3,6,2,5,1,0) : 7
(4,3,6,5) : 1
(4,3,6,5,0,1) : 1
(4,3,6,5,0,1,2) : 5
(4,3,6,5,0,2,1) : 1
(4,3,6,5,1,2,0) : 3
(4,3,6,5,2,0,1) : 7
(4,3,6,5,2,1,0) : 6
(4,5) : 10
(4,5,0) : 1
(4,5,0,1,6,2,3) : 3
(4,5,0,2,3,6,1) : 1
(4,5,0,2,6,3,1) : 1
(4,5,0,3,6,2,1) : 1
(4,5,0,6,1,2,3) : 1
(4,5,0,6,2,3,1) : 1
(4,5,0,6,3,1,2) : 1
(4,5,1,0,6,2,3) : 1
(4,5,1,0,6,3,2) : 1
(4,5,1,2,3,6,0) : 1
(4,5,1,2,6,0) : 1
(4,5,1,3,6,2,0) : 2
(4,5,1,6,2,3,0) : 2
(4,5,2) : 2
(4,5,2,1,6,3,0) : 1
(4,5,2,3) : 1
(4,5,2,3,6,0,1) : 1
(4,5,2,6) : 1
(4,5,2,6,3,1,0) : 1
(4,5,3,0,1,2,6) : 1
(4,5,3,0,1,6,2) : 1
(4,5,3,0,2,1,6) : 1
(4,5,3,2,6,0,1) : 1
(4,5,3,2,6,1,0) : 3
(4,5,3,6,0,1,2) : 1
(4,5,3,6,0,2,1) : 1
(4,5,3,6,1,2,0) : 1
(4,5,3,6,2,0) : 1
(4,5,6) : 1
(4,5,6,1,0,2,3) : 1
(4,5,6,1,2,3,0) : 1
(4,5,6,2,3,0,1) : 2
(4,5,6,2,3,1,0) : 1
(4,6) : 4
(4,6,0,1,5,2,3) : 1
(4,6,0,2) : 2
(4,6,0,2,3,5,1) : 1
(4,6,0,3,2,5,1) : 1
(4,6,0,5,1,2,3) : 1
(4,6,0,5,1,3,2) : 1
(4,6,1) : 1
(4,6,2) : 2
(4,6,2,0,3,1,5) : 1
(4,6,2,0,3,5,1) : 1
(4,6,2,1,3,5,0) : 2
(4,6,2,1,5,3,0) : 1
(4,6,2,3,0,5,1) : 3
(4,6,2,3,1,0,5) : 2
(4,6,2,3,1,5,0) : 1
(4,6,2,3,5,0,1) : 5
(4,6,2,3,5,1,0) : 1
(4,6,2,5,0,1,3) : 1
(4,6,2,5,3,0,1) : 1
(4,6,3) : 4
(4,6,3,0) : 1
(4,6,3,0,2,1,5) : 1
(4,6,3,0,2,5,1) : 2
(4,6,3,0,5,2,1) : 3
(4,6,3,1,5,0,2) : 1
(4,6,3,2) : 2
(4,6,3,2,0,1) : 1
(4,6,3,2,0,1,5) : 1
(4,6,3,2,0,5,1) : 10
(4,6,3,2,1,0,5) : 4
(4,6,3,2,5,0,1) : 3
(4,6,3,2,5,1,0) : 2
(4,6,3,5,1,2,0) : 2
(4,6,3,5,2,0,1) : 3
(4,6,3,5,2,1,0) : 1
(4,6,5,0,3,2,1) : 1
(4,6,5,1,2,3,0) : 1
(4,6,5,2,3,1,0) : 1
(5) : 805
(5,0) : 58
(5,0,1) : 6
(5,0,1,2,3,4,6) : 1
(5,0,1,2,6,3,4) : 1
(5,0,1,3,2,6,4) : 1
(5,0,1,3,6) : 1
(5,0,1,3,6,2,4) : 1
(5,0,1,4) : 1
(5,0,1,4,3,6,2) : 1
(5,0,1,6) : 3
(5,0,1,6,2) : 1
(5,0,1,6,2,3) : 2
(5,0,1,6,2,3,4) : 88
(5,0,1,6,3,4) : 1
(5,0,1,6,3,4,2) : 1
(5,0,1,6,4,2,3) : 1
(5,0,1,6,4,3,2) : 1
(5,0,2) : 2
(5,0,2,1,6,3,4) : 1
(5,0,2,3,6,1,4) : 6
(5,0,2,3,6,4,1) : 2
(5,0,2,4,1,3,6) : 1
(5,0,2,4,3,6,1) : 1
(5,0,2,6,1,3,4) : 5
(5,0,2,6,1,4,3) : 1
(5,0,2,6,3,4,1) : 4
(5,0,2,6,4,3,1) : 2
(5,0,3,1,6,4,2) : 1
(5,0,3,4,1) : 1
(5,0,3,4,2,6,1) : 1
(5,0,3,6,1,2,4) : 2
(5,0,3,6,2,1,4) : 1
(5,0,3,6,2,4,1) : 1
(5,0,3,6,4,1) : 1
(5,0,4,2,3,6,1) : 2
(5,0,4,3,2,6,1) : 1
(5,0,4,6,2,3,1) : 1
(5,0,4,6,3,2,1) : 1
(5,0,6,1) : 2
(5,0,6,1,2) : 1
(5,0,6,1,2,3,4) : 3
(5,0,6,1,3,2,4) : 2
(5,0,6,1,4,3,2) : 1
(5,0,6,2,1,3,4) : 2
(5,0,6,2,3,1,4) : 2
(5,0,6,2,3,4,1) : 6
(5,0,6,3,1,2,4) : 1
(5,0,6,3,2,1,4) : 2
(5,0,6,3,2,4,1) : 2
(5,0,6,3,4,2,1) : 2
(5,1) : 8
(5,1,0) : 4
(5,1,0,2,3,4,6) : 2
(5,1,0,2,3,6,4) : 1
(5,1,0,2,6,4,3) : 1
(5,1,0,3,2,6,4) : 1
(5,1,0,4,2,3,6) : 1
(5,1,0,6) : 1
(5,1,0,6,2,3) : 1
(5,1,0,6,2,3,4) : 5
(5,1,0,6,3,2,4) : 2
(5,1,0,6,3,4,2) : 2
(5,1,2) : 1
(5,1,2,0,4,3) : 1
(5,1,2,0,6,4,3) : 1
(5,1,2,3,4,6,0) : 2
(5,1,2,4) : 2
(5,1,2,4,0,6,3) : 2
(5,1,2,4,3,0,6) : 1
(5,1,2,4,3,6,0) : 1
(5,1,2,6,3,4,0) : 1
(5,1,3) : 1
(5,1,3,0,6,4,2) : 1
(5,1,3,4,6,2,0) : 1
(5,1,4,2,6,0,3) : 1
(5,1,4,3,6,2,0) : 1
(5,1,4,6,3,0,2) : 1
(5,1,6,0,2,4,3) : 1
(5,1,6,0,3,4,2) : 2
(5,1,6,0,4,2,3) : 1
(5,1,6,2,3,4) : 1
(5,1,6,2,3,4,0) : 4
(5,1,6,3,0) : 1
(5,1,6,3,0,2,4) : 2
(5,1,6,3,4,2,0) : 2
(5,2) : 17
(5,2,0) : 1
(5,2,0,1) : 1
(5,2,0,1,3,4,6) : 1
(5,2,0,1,4,3,6) : 1
(5,2,0,3,1,4,6) : 1
(5,2,0,3,1,6,4) : 1
(5,2,0,3,4,6,1) : 3
(5,2,0,3,6,1,4) : 2
(5,2,0,3,6,4,1) : 2
(5,2,0,6,3,1,4) : 1
(5,2,1,0,3,6,4) : 2
(5,2,1,0,6,3,4) : 1
(5,2,1,4,0,6,3) : 1
(5,2,1,4,3,6,0) : 1
(5,2,3) : 1
(5,2,3,0,1,6,4) : 1
(5,2,3,0,6,1,4) : 2
(5,2,3,1,0,6,4) : 2
(5,2,3,1,6,4,0) : 2
(5,2,3,4,0,6,1) : 1
(5,2,3,4,6,0,1) : 1
(5,2,3,4,6,1,0) : 3
(5,2,3,6,0,1,4) : 1
(5,2,3,6,0,4,1) : 1
(5,2,3,6,4,1,0) : 2
(5,2,4,0,1,6,3) : 1
(5,2,4,1,0,3,6) : 1
(5,2,4,1,6,0,3) : 1
(5,2,4,3,0,1,6) : 1
(5,2,4,3,6,0,1) : 1
(5,2,4,3,6,1,0) : 3
(5,2,4,6,1,0) : 1
(5,2,6,0,1,3,4) : 1
(5,2,6,0,3,1,4) : 1
(5,2,6,0,4,3,1) : 1
(5,2,6,1,0,3,4) : 1
(5,2,6,1,3,4,0) : 2
(5,2,6,3,0,1,4) : 2
(5,2,6,3,0,4,1) : 2
(5,2,6,3,1,0,4) : 1
(5,2,6,3,4,0,1) : 1
(5,2,6,3,4,1) : 1
(5,3) : 1
(5,3,0,1,2,6,4) : 2
(5,3,0,1,6,2,4) : 3
(5,3,0,2,6,1,4) : 1
(5,3,0,4,1,2,6) : 1
(5,3,0,4,1,6,2) : 1
(5,3,1,6) : 1
(5,3,2) : 1
(5,3,2,0,1,6,4) : 1
(5,3,2,4,6,1,0) : 1
(5,3,2,6) : 1
(5,3,2,6,0,4,1) : 1
(5,3,4,2,0,6,1) : 1
(5,3,4,2,6,0,1) : 1
(5,3,4,2,6,1,0) : 1
(5,3,6,0,1,2,4) : 2
(5,3,6,0,2,1,4) : 1
(5,3,6,1,4,0) : 1
(5,3,6,2,1,0,4) : 1
(5,3,6,2,1,4,0) : 1
(5,3,6,2,4,1,0) : 2
(5,3,6,4,2,0,1) : 1
(5,4) : 6
(5,4,0) : 1
(5,4,0,1,3,2,6) : 1
(5,4,0,1,6,3,2) : 1
(5,4,0,2) : 1
(5,4,0,2,1,6,3) : 1
(5,4,0,2,3,6,1) : 1
(5,4,0,3,1,2,6) : 1
(5,4,0,3,1,6,2) : 1
(5,4,0,6,2,3,1) : 1
(5,4,0,6,3,2,1) : 1
(5,4,2) : 1
(5,4,2,0,3,6,1) : 1
(5,4,2,0,6,3,1) : 1
(5,4,2,3,0,1,6) : 1
(5,4,2,3,6,0,1) : 1
(5,4,2,3,6,1,0) : 2
(5,4,2,6,1,0,3) : 2
(5,4,3,1,0,6,2) : 1
(5,4,3,6,0,2,1) : 2
(5,4,3,6,1,0,2) : 1
(5,4,6) : 1
(5,4,6,0,3,2,1) : 1
(5,4,6,2,3,0,1) : 1
(5,4,6,2,3,1,0) : 2
(5,4,6,3,0,2,1) : 2
(5,6) : 9
(5,6,0,1,2,3,4) : 3
(5,6,0,2,1,4,3) : 1
(5,6,0,2,3,1,4) : 1
(5,6,0,3,1,2,4) : 2
(5,6,0,3,2,4,1) : 1
(5,6,1,0,2,3,4) : 1
(5,6,1,2,0,3,4) : 2
(5,6,1,2,3,4,0) : 1
(5,6,1,4,2,3,0) : 1
(5,6,2,0,3,1,4) : 1
(5,6,2,0,3,4,1) : 1
(5,6,2,0,4,3,1) : 1
(5,6,2,3,0,1,4) : 2
(5,6,2,3,1,4,0) : 1
(5,6,2,3,4,0,1) : 4
(5,6,2,3,4,1,0) : 1
(5,6,2,4,3,1,0) : 2
(5,6,3) : 2
(5,6,3,0,1,2,4) : 3
(5,6,3,0,1,4) : 1
(5,6,3,0,1,4,2) : 1
(5,6,3,0,2,1,4) : 2
(5,6,3,0,4,2,1) : 1
(5,6,3,1,0,2,4) : 2
(5,6,3,1,4,2,0) : 2
(5,6,3,2,1,0,4) : 1
(5,6,3,2,4,0,1) : 1
(5,6,3,4,0,2,1) : 3
(5,6,3,4,1,0,2) : 1
(5,6,3,4,1,2,0) : 1
(5,6,3,4,2,0,1) : 5
(5,6,3,4,2,1,0) : 1
(5,6,4) : 1
(5,6,4,1,3,0,2) : 1
(5,6,4,2,3,1,0) : 1
(5,6,4,3,2,0,1) : 1
(5,6,4,3,2,1,0) : 2
(6) : 576
(6,0) : 6
(6,0,1,2,3,4,5) : 1
(6,0,1,3,5,4,2) : 1
(6,0,1,5,2,3,4) : 1
(6,0,2) : 1
(6,0,2,3,1,5,4) : 1
(6,0,2,3,4,1,5) : 2
(6,0,2,3,4,5) : 1
(6,0,2,3,5,1,4) : 1
(6,0,2,3,5,4,1) : 1
(6,0,2,5,1,3,4) : 1
(6,0,2,5,3,4,1) : 1
(6,0,3) : 1
(6,0,3,1,2,4,5) : 1
(6,0,3,1,5,4,2) : 1
(6,0,3,2,1,5,4) : 2
(6,0,3,2,4,1,5) : 2
(6,0,3,2,4,5,1) : 1
(6,0,3,2,5,4,1) : 1
(6,0,3,4,1,5,2) : 1
(6,0,3,4,2,1,5) : 1
(6,0,3,4,2,5,1) : 1
(6,0,3,4,5,1,2) : 1
(6,0,3,5,1) : 1
(6,0,3,5,1,2,4) : 1
(6,0,3,5,1,4,2) : 2
(6,0,3,5,2) : 1
(6,0,3,5,2,1,4) : 1
(6,0,4,3,2,5,1) : 1
(6,0,5,1,2,3,4) : 7
(6,0,5,1,3,2,4) : 2
(6,0,5,2,1,3,4) : 1
(6,0,5,2,3,4,1) : 1
(6,0,5,3) : 1
(6,0,5,3,1,2,4) : 2
(6,1) : 3
(6,1,0,2,3,4) : 1
(6,1,0,2,3,5,4) : 1
(6,1,0,2,5,3,4) : 1
(6,1,0,3,4,2,5) : 1
(6,1,0,5,2,3) : 1
(6,1,0,5,2,3,4) : 2
(6,1,0,5,2,4,3) : 1
(6,1,0,5,3,2,4) : 1
(6,1,2) : 2
(6,1,2,0,3,4,5) : 1
(6,1,2,0,3,5,4) : 1
(6,1,2,3,0,5,4) : 1
(6,1,2,3,4,0,5) : 1
(6,1,2,3,5,4,0) : 1
(6,1,3,5,4,2,0) : 1
(6,1,4) : 1
(6,1,5,0,2,3,4) : 1
(6,1,5,2,0,3,4) : 1
(6,1,5,4,3,2,0) : 1
(6,2) : 9
(6,2,0,3,5,1,4) : 1
(6,2,0,3,5,4,1) : 1
(6,2,0,5,1,3,4) : 2
(6,2,1) : 1
(6,2,1,0,4) : 1
(6,2,1,0,5) : 1
(6,2,1,0,5,3,4) : 1
(6,2,1,3,0,4,5) : 1
(6,2,1,3,0,5,4) : 2
(6,2,3) : 3
(6,2,3,0,1,4,5) : 1
(6,2,3,0,4,1,5) : 1
(6,2,3,0,5,1,4) : 2
(6,2,3,1,0,5,4) : 2
(6,2,3,1,4,0,5) : 2
(6,2,3,1,4,5,0) : 1
(6,2,3,4) : 1
(6,2,3,4,1,0,5) : 5
(6,2,3,4,1,5,0) : 5
(6,2,3,4,5,0,1) : 2
(6,2,3,4,5,1,0) : 2
(6,2,3,5,0,1,4) : 2
(6,2,3,5,0,4,1) : 1
(6,2,3,5,1,0,4) : 1
(6,2,3,5,1,4,0) : 1
(6,2,3,5,4,1,0) : 1
(6,2,4,1,5,0,3) : 1
(6,2,4,3,0,1,5) : 1
(6,2,4,3,1,0,5) : 3
(6,2,4,3,1,5,0) : 1
(6,2,4,3,5,0,1) : 2
(6,2,4,3,5,1) : 1
(6,2,4,5) : 1
(6,2,5,0,1,3,4) : 2
(6,2,5,1,3,4,0) : 1
(6,3) : 29
(6,3,0) : 1
(6,3,0,1) : 1
(6,3,0,1,2,5,4) : 3
(6,3,0,1,4,2,5) : 1
(6,3,0,1,5,2,4) : 1
(6,3,0,1,5,4) : 1
(6,3,0,1,5,4,2) : 1
(6,3,0,2,1,5,4) : 1
(6,3,0,2,4,1,5) : 2
(6,3,0,2,4,5,1) : 3
(6,3,0,2,5,1) : 1
(6,3,0,2,5,1,4) : 1
(6,3,0,2,5,4,1) : 2
(6,3,0,4,2,5,1) : 1
(6,3,0,4,5,2,1) : 1
(6,3,0,5,1,2,4) : 2
(6,3,0,5,1,4,2) : 2
(6,3,0,5,2,1,4) : 1
(6,3,0,5,2,4,1) : 4
(6,3,0,5,4,1,2) : 1
(6,3,0,5,4,2,1) : 1
(6,3,1) : 2
(6,3,1,0,2,5,4) : 1
(6,3,1,0,4,2,5) : 1
(6,3,1,0,5,2,4) : 1
(6,3,1,0,5,4) : 1
(6,3,1,0,5,4,2) : 1
(6,3,1,2,0,5,4) : 2
(6,3,1,2,5,0,4) : 2
(6,3,1,5) : 1
(6,3,1,5,0,2,4) : 3
(6,3,1,5,0,4,2) : 1
(6,3,1,5,2,4,0) : 3
(6,3,1,5,4,0,2) : 1
(6,3,1,5,4,2,0) : 1
(6,3,2) : 7
(6,3,2,0,1,4,5) : 2
(6,3,2,0,1,5,4) : 1
(6,3,2,0,4,5,1) : 1
(6,3,2,0,5,1,4) : 2
(6,3,2,0,5,4,1) : 1
(6,3,2,1,0,5,4) : 7
(6,3,2,4,0,1,5) : 3
(6,3,2,4,0,5,1) : 2
(6,3,2,4,1,0,5) : 2
(6,3,2,4,5,0,1) : 1
(6,3,2,4,5,1,0) : 3
(6,3,2,5,0,1,4) : 4
(6,3,2,5,0,4,1) : 2
(6,3,2,5,1,0,4) : 3
(6,3,2,5,1,4,0) : 1
(6,3,2,5,4,0,1) : 1
(6,3,2,5,4,1,0) : 2
(6,3,4) : 2
(6,3,4,0,2,1,5) : 1
(6,3,4,0,2,5,1) : 2
(6,3,4,0,5,1) : 1
(6,3,4,0,5,1,2) : 4
(6,3,4,0,5,2,1) : 1
(6,3,4,1,5,2,0) : 1
(6,3,4,2) : 3
(6,3,4,2,0,1,5) : 1
(6,3,4,2,0,5,1) : 3
(6,3,4,2,1,0,5) : 5
(6,3,4,2,1,5,0) : 4
(6,3,4,2,5,0,1) : 5
(6,3,4,2,5,1,0) : 3
(6,3,4,5,0,2,1) : 3
(6,3,4,5,1,0,2) : 1
(6,3,4,5,1,2,0) : 2
(6,3,5) : 1
(6,3,5,0,1,2,4) : 2
(6,3,5,0,2,1,4) : 1
(6,3,5,0,2,4,1) : 5
(6,3,5,0,4,1) : 1
(6,3,5,1,0,2,4) : 2
(6,3,5,1,4,2,0) : 2
(6,3,5,2,0,1,4) : 2
(6,3,5,2,0,4,1) : 2
(6,3,5,2,1,0,4) : 1
(6,3,5,2,1,4,0) : 1
(6,3,5,2,4,1,0) : 3
(6,3,5,4,2,0,1) : 2
(6,4) : 3
(6,4,0,2,3,5,1) : 1
(6,4,0,3,2,1,5) : 1
(6,4,0,3,5,2,1) : 1
(6,4,2) : 4
(6,4,2,0,5,1,3) : 1
(6,4,2,1,5,3,0) : 1
(6,4,2,3,0,1,5) : 1
(6,4,2,3,0,5,1) : 2
(6,4,2,3,1,0,5) : 1
(6,4,2,3,5,0,1) : 1
(6,4,2,3,5,1,0) : 1
(6,4,2,5) : 1
(6,4,2,5,0,3,1) : 1
(6,4,2,5,3,1,0) : 1
(6,4,3,0,1,2,5) : 2
(6,4,3,0,1,5,2) : 1
(6,4,3,1,0,5,2) : 1
(6,4,3,1,5,2,0) : 1
(6,4,3,2,0,5,1) : 2
(6,4,3,2,1,0,5) : 2
(6,4,3,2,5,0,1) : 2
(6,4,3,2,5,1,0) : 2
(6,4,3,5,1,2,0) : 1
(6,4,3,5,2,0,1) : 3
(6,4,5,1,0,3,2) : 1
(6,5,0,2,1,3,4) : 1
(6,5,0,2,3,4,1) : 1
(6,5,0,3,2,1,4) : 1
(6,5,0,3,4,1) : 1
(6,5,0,3,4,2,1) : 1
(6,5,1,2,0,3,4) : 1
(6,5,1,4,3,0,2) : 1
(6,5,2,3,0,1,4) : 1
(6,5,2,3,0,4,1) : 1
(6,5,2,3,1,0,4) : 1
(6,5,2,3,4,1,0) : 1
(6,5,3) : 2
(6,5,3,0,1,2,4) : 1
(6,5,3,1,0,2,4) : 1
(6,5,3,1,2,0,4) : 2
(6,5,3,2,1,0,4) : 1
(6,5,3,2,4,1,0) : 2
(6,5,4) : 1
(6,5,4,3,2,0,1) : 1
