0, 1, 2, 3, 4, 5, 6
GRN,NLT,LIB,CDP,IND,LAB,IND
-+-+-+-+-
() : 272
(0) : 1574
(0,1) : 28
(0,1,2) : 6
(0,1,2,3) : 1
(0,1,2,3,4,5) : 3
(0,1,2,3,4,5,6) : 76
(0,1,2,3,4,6,5) : 2
(0,1,2,3,5,4,6) : 1
(0,1,2,3,6,4,5) : 1
(0,1,2,4,3,5,6) : 1
(0,1,2,5,4) : 1
(0,1,2,5,4,6,3) : 1
(0,1,2,5,6) : 1
(0,1,2,5,6,4) : 1
(0,1,2,5,6,4,3) : 2
(0,1,2,6,5,4,3) : 1
(0,1,3,2) : 2
(0,1,3,2,4,5,6) : 2
(0,1,3,2,5,4,6) : 1
(0,1,3,4,2,5,6) : 2
(0,1,3,4,2,6,5) : 1
(0,1,3,4,5,2,6) : 1
(0,1,3,4,5,6,2) : 3
(0,1,3,4,6,2,5) : 1
(0,1,3,4,6,5,2) : 2
(0,1,3,5,6,2,4) : 1
(0,1,3,5,6,4,2) : 1
(0,1,3,6,2,4,5) : 1
(0,1,3,6,4,5) : 1
(0,1,3,6,4,5,2) : 1
(0,1,4,2,3,5,6) : 2
(0,1,4,3,2,5,6) : 1
(0,1,4,3,6,5,2) : 2
(0,1,4,5) : 1
(0,1,4,5,3,2,6) : 1
(0,1,4,5,6,2,3) : 2
(0,1,4,5,6,3,2) : 2
(0,1,4,6,2,5,3) : 4
(0,1,4,6,3,5,2) : 5
(0,1,4,6,5) : 1
(0,1,4,6,5,2,3) : 11
(0,1,4,6,5,3,2) : 1
(0,1,5) : 2
(0,1,5,2,4,6,3) : 2
(0,1,5,2,6,4,3) : 1
(0,1,5,4) : 1
(0,1,5,4,6,2,3) : 3
(0,1,5,4,6,3,2) : 2
(0,1,5,6,2,3,4) : 1
(0,1,5,6,3,4,2) : 1
(0,1,5,6,4,2,3) : 3
(0,1,5,6,4,3,2) : 2
(0,1,6,3,4,5,2) : 1
(0,1,6,4,2,3,5) : 1
(0,1,6,4,3,2,5) : 1
(0,1,6,4,3,5,2) : 3
(0,1,6,4,5,2,3) : 3
(0,1,6,5,2,3,4) : 3
(0,1,6,5,3,4,2) : 1
(0,1,6,5,4,2,3) : 1
(0,1,6,5,4,3,2) : 1
(0,2) : 42
(0,2,1,3) : 1
(0,2,1,3,4,5,6) : 4
(0,2,1,3,4,6,5) : 1
(0,2,1,3,5,4,6) : 5
(0,2,1,3,6,5,4) : 1
(0,2,1,4,3,5,6) : 5
(0,2,1,4,6,5,3) : 1
(0,2,1,5,6,3,4) : 1
(0,2,1,5,6,4,3) : 1
(0,2,1,6,4,3) : 1
(0,2,1,6,5,4,3) : 1
(0,2,3) : 1
(0,2,3,1,4,5,6) : 2
(0,2,3,4,5,1) : 1
(0,2,3,5,6,1,4) : 2
(0,2,3,5,6,4,1) : 1
(0,2,3,6,1,5,4) : 1
(0,2,4) : 7
(0,2,4,1,3,5,6) : 3
(0,2,4,1,6,5,3) : 3
(0,2,4,3,1,5,6) : 1
(0,2,4,3,1,6,5) : 1
(0,2,4,5) : 1
(0,2,4,5,1) : 1
(0,2,4,5,1,3,6) : 2
(0,2,4,5,1,6,3) : 1
(0,2,4,5,6,1) : 1
(0,2,4,5,6,1,3) : 3
(0,2,4,5,6,3,1) : 1
(0,2,4,6) : 1
(0,2,4,6,1,3,5) : 2
(0,2,4,6,1,5,3) : 1
(0,2,4,6,3,1,5) : 1
(0,2,4,6,5,1,3) : 2
(0,2,4,6,5,3,1) : 2
(0,2,5) : 16
(0,2,5,1) : 1
(0,2,5,1,3,4,6) : 4
(0,2,5,1,3,6,4) : 2
(0,2,5,1,4,6,3) : 2
(0,2,5,3,4,1,6) : 2
(0,2,5,3,4,6,1) : 2
(0,2,5,3,6,4,1) : 1
(0,2,5,4) : 1
(0,2,5,4,1,3,6) : 1
(0,2,5,4,3,1,6) : 1
(0,2,5,4,3,6,1) : 2
(0,2,5,4,6,1,3) : 7
(0,2,5,4,6,3,1) : 1
(0,2,5,6) : 2
(0,2,5,6,1,3,4) : 1
(0,2,5,6,1,4,3) : 2
(0,2,5,6,4,1,3) : 7
(0,2,5,6,4,3) : 1
(0,2,5,6,4,3,1) : 2
(0,2,6) : 1
(0,2,6,1,3,4,5) : 1
(0,2,6,1,4,5,3) : 1
(0,2,6,4,1,3,5) : 1
(0,2,6,4,3,5,1) : 1
(0,2,6,4,5,3,1) : 1
(0,3) : 2
(0,3,1) : 1
(0,3,1,2,4,5,6) : 1
(0,3,1,2,6,4,5) : 1
(0,3,1,4,6,5,2) : 2
(0,3,1,5) : 1
(0,3,1,5,4,6,2) : 1
(0,3,2,5,4,6,1) : 1
(0,3,2,6,4,5,1) : 1
(0,3,4,2,5) : 1
(0,3,4,6,1,2,5) : 2
(0,3,4,6,1,5,2) : 1
(0,3,4,6,5,2,1) : 1
(0,3,5,1,4) : 1
(0,3,5,2,1,4,6) : 2
(0,3,5,2,4,6) : 1
(0,3,5,2,4,6,1) : 2
(0,3,5,4,6,1,2) : 1
(0,3,5,4,6,2,1) : 1
(0,3,5,6,2,1,4) : 1
(0,3,6,1,4,2,5) : 2
(0,3,6,1,4,5,2) : 1
(0,3,6,4,5,1,2) : 2
(0,3,6,4,5,2,1) : 1
(0,3,6,5) : 1
(0,3,6,5,4,2,1) : 1
(0,4) : 25
(0,4,1) : 1
(0,4,1,2,6,5) : 1
(0,4,1,3,2) : 1
(0,4,1,5) : 1
(0,4,1,5,2,6,3) : 1
(0,4,1,6,2,3,5) : 2
(0,4,1,6,2,5,3) : 1
(0,4,1,6,5,2,3) : 1
(0,4,1,6,5,3,2) : 3
(0,4,2) : 2
(0,4,2,1) : 1
(0,4,2,1,3,5,6) : 2
(0,4,2,1,3,6,5) : 1
(0,4,2,1,5) : 1
(0,4,2,1,5,6) : 1
(0,4,2,5,1,3,6) : 3
(0,4,2,5,6,3) : 1
(0,4,2,5,6,3,1) : 1
(0,4,3) : 2
(0,4,3,6,1,2,5) : 1
(0,4,3,6,1,5,2) : 1
(0,4,3,6,5,2,1) : 2
(0,4,5) : 26
(0,4,5,1,2,3,6) : 2
(0,4,5,1,2,6,3) : 2
(0,4,5,1,3,6,2) : 1
(0,4,5,1,6,2,3) : 1
(0,4,5,1,6,3,2) : 2
(0,4,5,2,1,3,6) : 1
(0,4,5,2,6,1,3) : 3
(0,4,5,2,6,3,1) : 3
(0,4,5,6) : 4
(0,4,5,6,1) : 2
(0,4,5,6,1,2,3) : 10
(0,4,5,6,1,3,2) : 4
(0,4,5,6,2,1,3) : 7
(0,4,5,6,2,3,1) : 1
(0,4,5,6,3,1,2) : 3
(0,4,5,6,3,2,1) : 4
(0,4,6) : 9
(0,4,6,1) : 2
(0,4,6,1,2,3,5) : 1
(0,4,6,1,2,5,3) : 2
(0,4,6,1,3) : 1
(0,4,6,1,3,2,5) : 4
(0,4,6,1,3,5,2) : 8
(0,4,6,1,5) : 1
(0,4,6,1,5,2,3) : 9
(0,4,6,1,5,3,2) : 3
(0,4,6,2,1,3,5) : 4
(0,4,6,2,1,5,3) : 1
(0,4,6,2,5,1,3) : 1
(0,4,6,2,5,3,1) : 2
(0,4,6,3) : 1
(0,4,6,3,1,2,5) : 1
(0,4,6,3,5,1,2) : 1
(0,4,6,5) : 10
(0,4,6,5,1) : 1
(0,4,6,5,1,2,3) : 18
(0,4,6,5,1,3,2) : 8
(0,4,6,5,2,1,3) : 11
(0,4,6,5,2,3,1) : 1
(0,4,6,5,3,1,2) : 4
(0,4,6,5,3,2,1) : 2
(0,5) : 264
(0,5,1) : 6
(0,5,1,2) : 1
(0,5,1,2,3,4,6) : 2
(0,5,1,2,4,6,3) : 4
(0,5,1,2,6,4,3) : 4
(0,5,1,3,4,6,2) : 2
(0,5,1,3,6,4,2) : 1
(0,5,1,4) : 1
(0,5,1,4,2,6,3) : 1
(0,5,1,4,3,6,2) : 2
(0,5,1,4,6,2,3) : 9
(0,5,1,4,6,3,2) : 12
(0,5,1,6,2,3,4) : 2
(0,5,1,6,4) : 1
(0,5,1,6,4,2,3) : 7
(0,5,1,6,4,3,2) : 14
(0,5,2) : 15
(0,5,2,1) : 1
(0,5,2,1,3) : 2
(0,5,2,1,3,4,6) : 3
(0,5,2,1,4,6,3) : 7
(0,5,2,1,6,4,3) : 4
(0,5,2,3) : 1
(0,5,2,3,1,4,6) : 2
(0,5,2,3,4,6,1) : 2
(0,5,2,3,6,4,1) : 1
(0,5,2,4) : 1
(0,5,2,4,1,6,3) : 3
(0,5,2,4,3,1,6) : 1
(0,5,2,4,6,1,3) : 22
(0,5,2,4,6,3,1) : 3
(0,5,2,6) : 2
(0,5,2,6,1,3,4) : 2
(0,5,2,6,1,4,3) : 2
(0,5,2,6,3,4,1) : 1
(0,5,2,6,4,1,3) : 15
(0,5,2,6,4,3,1) : 1
(0,5,3) : 3
(0,5,3,1,2,4,6) : 1
(0,5,3,1,4,6,2) : 1
(0,5,3,1,6,4,2) : 3
(0,5,3,2,1,4,6) : 4
(0,5,3,2,6,1) : 1
(0,5,3,2,6,4,1) : 2
(0,5,3,4,1,2,6) : 1
(0,5,3,4,6,1,2) : 1
(0,5,3,4,6,2,1) : 3
(0,5,3,6,1,2) : 1
(0,5,3,6,4,1,2) : 1
(0,5,4) : 184
(0,5,4,1,2,3) : 1
(0,5,4,1,2,3,6) : 3
(0,5,4,1,2,6,3) : 1
(0,5,4,1,6,2,3) : 8
(0,5,4,1,6,3,2) : 8
(0,5,4,2) : 1
(0,5,4,2,1,6,3) : 4
(0,5,4,2,3,6,1) : 2
(0,5,4,2,6,1,3) : 9
(0,5,4,2,6,3) : 1
(0,5,4,2,6,3,1) : 3
(0,5,4,3) : 2
(0,5,4,3,1,6,2) : 1
(0,5,4,3,2) : 1
(0,5,4,3,6,1,2) : 3
(0,5,4,3,6,2,1) : 3
(0,5,4,6) : 6
(0,5,4,6,1) : 1
(0,5,4,6,1,2) : 1
(0,5,4,6,1,2,3) : 74
(0,5,4,6,1,3,2) : 39
(0,5,4,6,2) : 1
(0,5,4,6,2,1,3) : 34
(0,5,4,6,2,3,1) : 14
(0,5,4,6,3,1,2) : 9
(0,5,4,6,3,2,1) : 12
(0,5,6) : 11
(0,5,6,1) : 1
(0,5,6,1,2,3,4) : 2
(0,5,6,1,4,2,3) : 8
(0,5,6,1,4,3,2) : 5
(0,5,6,2) : 3
(0,5,6,2,1,3) : 1
(0,5,6,2,1,3,4) : 4
(0,5,6,2,1,4,3) : 1
(0,5,6,2,3,1) : 1
(0,5,6,2,3,4,1) : 1
(0,5,6,2,4,1,3) : 4
(0,5,6,3,1,2,4) : 1
(0,5,6,3,2,1,4) : 1
(0,5,6,3,2,4,1) : 3
(0,5,6,3,4,2,1) : 1
(0,5,6,4) : 5
(0,5,6,4,1,2,3) : 72
(0,5,6,4,1,3,2) : 27
(0,5,6,4,2,1,3) : 26
(0,5,6,4,2,3) : 2
(0,5,6,4,2,3,1) : 6
(0,5,6,4,3,1,2) : 15
(0,5,6,4,3,2,1) : 9
(0,6) : 4
(0,6,1) : 2
(0,6,1,2,3,5,4) : 1
(0,6,1,2,4,3) : 1
(0,6,1,2,4,5,3) : 1
(0,6,1,3,2,4,5) : 1
(0,6,1,4,2,5,3) : 1
(0,6,1,4,5,3,2) : 3
(0,6,1,5,2) : 1
(0,6,1,5,4,2,3) : 1
(0,6,1,5,4,3,2) : 1
(0,6,2,1,3,4,5) : 1
(0,6,2,1,4,5,3) : 1
(0,6,2,3,1,5,4) : 1
(0,6,2,5,4,1,3) : 1
(0,6,3,1,4,2,5) : 1
(0,6,3,1,4,5,2) : 1
(0,6,3,4,1,5,2) : 1
(0,6,4) : 9
(0,6,4,1,2,5,3) : 4
(0,6,4,1,3,2,5) : 1
(0,6,4,1,3,5,2) : 6
(0,6,4,1,5,2,3) : 7
(0,6,4,1,5,3,2) : 1
(0,6,4,2,1,3,5) : 1
(0,6,4,2,5,1,3) : 2
(0,6,4,3,1,2,5) : 2
(0,6,4,3,1,5,2) : 3
(0,6,4,3,5,2,1) : 1
(0,6,4,5,1,2,3) : 10
(0,6,4,5,1,3,2) : 6
(0,6,4,5,2,1,3) : 7
(0,6,4,5,2,3,1) : 2
(0,6,4,5,3,2,1) : 2
(0,6,5,1,2,3,4) : 1
(0,6,5,1,4,3,2) : 1
(0,6,5,2) : 1
(0,6,5,2,1,4,3) : 1
(0,6,5,2,4,1,3) : 1
(0,6,5,3,4,2,1) : 1
(0,6,5,4,1,2,3) : 3
(0,6,5,4,1,3,2) : 1
(0,6,5,4,2,1,3) : 2
(0,6,5,4,3,2,1) : 3
(1) : 695
(1,0) : 16
(1,0,2) : 3
(1,0,2,3,4,5,6) : 7
(1,0,2,3,4,6,5) : 3
(1,0,2,3,5,4,6) : 2
(1,0,2,3,5,6,4) : 1
(1,0,2,4,3,5,6) : 1
(1,0,2,4,5,3) : 1
(1,0,2,4,6,3,5) : 1
(1,0,2,4,6,5,3) : 1
(1,0,2,5,4,3,6) : 1
(1,0,2,6,4,3,5) : 2
(1,0,2,6,5,4,3) : 1
(1,0,3,2,4,5,6) : 4
(1,0,3,2,6,4,5) : 1
(1,0,3,4,5,6,2) : 1
(1,0,3,4,6,5,2) : 1
(1,0,3,5,4,6,2) : 1
(1,0,3,6,4,5,2) : 1
(1,0,4,2,5,3,6) : 1
(1,0,4,2,6,5,3) : 1
(1,0,4,5,6) : 1
(1,0,4,5,6,2) : 1
(1,0,4,6,2,5,3) : 1
(1,0,4,6,3,2,5) : 1
(1,0,4,6,3,5,2) : 2
(1,0,5) : 4
(1,0,5,2,4,6,3) : 1
(1,0,5,2,6,4,3) : 1
(1,0,5,3,4,6,2) : 1
(1,0,5,4,2,3,6) : 1
(1,0,5,6,4,3,2) : 1
(1,0,6) : 2
(1,0,6,3,2,4,5) : 1
(1,0,6,4,2,5,3) : 1
(1,0,6,4,5,3,2) : 1
(1,2) : 31
(1,2,0) : 2
(1,2,0,3) : 1
(1,2,0,3,4,5,6) : 4
(1,2,0,3,4,6,5) : 1
(1,2,0,3,5,6,4) : 2
(1,2,0,3,6,4,5) : 1
(1,2,0,4,6,3,5) : 1
(1,2,0,5,6,4,3) : 2
(1,2,0,6,4,5,3) : 1
(1,2,3) : 3
(1,2,3,0) : 1
(1,2,3,0,4,5,6) : 1
(1,2,3,0,6,5,4) : 1
(1,2,3,4,0,6,5) : 1
(1,2,3,4,5) : 1
(1,2,3,4,5,6) : 1
(1,2,3,4,5,6,0) : 5
(1,2,3,4,6,0,5) : 1
(1,2,3,4,6,5,0) : 2
(1,2,3,5) : 1
(1,2,3,5,6,4,0) : 3
(1,2,3,6) : 1
(1,2,3,6,5,4,0) : 1
(1,2,4,0,3,5,6) : 1
(1,2,4,3,0,5,6) : 1
(1,2,4,3,5,6,0) : 2
(1,2,4,5,3,6,0) : 1
(1,2,4,5,6,0,3) : 1
(1,2,4,5,6,3,0) : 2
(1,2,4,6,0,5,3) : 1
(1,2,4,6,3,0,5) : 1
(1,2,4,6,5,3,0) : 1
(1,2,5) : 2
(1,2,5,0,3,4,6) : 1
(1,2,5,0,3,6,4) : 2
(1,2,5,0,6,3,4) : 1
(1,2,5,0,6,4,3) : 1
(1,2,5,3,4,6,0) : 3
(1,2,5,4) : 1
(1,2,5,4,0,3,6) : 1
(1,2,5,4,0,6) : 1
(1,2,5,4,3,0) : 1
(1,2,5,4,3,0,6) : 1
(1,2,5,4,3,6,0) : 1
(1,2,5,4,6,3,0) : 1
(1,2,5,6,0,4,3) : 3
(1,2,5,6,3,4,0) : 1
(1,2,5,6,4,3,0) : 1
(1,2,6) : 2
(1,2,6,0,5,4,3) : 1
(1,2,6,3) : 1
(1,2,6,4,3,5,0) : 2
(1,2,6,4,5,0,3) : 1
(1,2,6,4,5,3,0) : 1
(1,2,6,5,3,4,0) : 1
(1,3) : 5
(1,3,0,2,4,5,6) : 1
(1,3,0,4,6,5,2) : 1
(1,3,0,5,2,6,4) : 1
(1,3,2,0,4,5,6) : 1
(1,3,2,4,5,6,0) : 1
(1,3,2,5,6,4) : 1
(1,3,2,6,0,4,5) : 1
(1,3,2,6,4,5,0) : 1
(1,3,2,6,5,4) : 1
(1,3,4) : 1
(1,3,4,0,5,2,6) : 1
(1,3,4,5,6,0,2) : 1
(1,3,4,6,5,2,0) : 1
(1,3,5,2) : 1
(1,3,5,6,2,0) : 1
(1,3,5,6,4,2,0) : 2
(1,3,6,4,0,2,5) : 1
(1,3,6,4,5,0,2) : 1
(1,3,6,5,4,2,0) : 1
(1,4) : 7
(1,4,0,2,3) : 1
(1,4,0,2,3,5,6) : 1
(1,4,0,2,5,3,6) : 1
(1,4,0,2,6,5,3) : 1
(1,4,0,5,6,2,3) : 1
(1,4,0,6,3,5,2) : 2
(1,4,0,6,5,2,3) : 1
(1,4,2,0,3,5,6) : 2
(1,4,2,6,3,0,5) : 1
(1,4,3,2,5,6,0) : 1
(1,4,5,0,6) : 1
(1,4,5,6,0,2,3) : 1
(1,4,5,6,0,3,2) : 2
(1,4,6) : 1
(1,4,6,0,2) : 1
(1,4,6,0,2,3,5) : 1
(1,4,6,0,5,2,3) : 2
(1,4,6,2,0,5,3) : 2
(1,4,6,2,3,5,0) : 2
(1,4,6,3,0,2,5) : 1
(1,4,6,3,0,5,2) : 2
(1,4,6,5,0,2,3) : 2
(1,4,6,5,3,0,2) : 1
(1,5) : 18
(1,5,0) : 2
(1,5,0,2,3,4,6) : 1
(1,5,0,2,6,4,3) : 1
(1,5,0,4,6,3,2) : 2
(1,5,0,6,4,2,3) : 1
(1,5,0,6,4,3,2) : 3
(1,5,2) : 4
(1,5,2,0,4,3,6) : 1
(1,5,2,0,4,6,3) : 1
(1,5,2,3,4,6,0) : 1
(1,5,2,3,6,4,0) : 1
(1,5,2,6,0,4,3) : 1
(1,5,2,6,4,0,3) : 2
(1,5,3,0,2,4,6) : 1
(1,5,3,0,2,6,4) : 1
(1,5,3,4,2,0,6) : 1
(1,5,3,4,6,0,2) : 1
(1,5,3,6,4,2,0) : 1
(1,5,4) : 1
(1,5,4,0,2,3,6) : 1
(1,5,4,2,0) : 1
(1,5,4,6,0,2,3) : 1
(1,5,4,6,3,2,0) : 1
(1,5,6) : 1
(1,5,6,0,2,3,4) : 1
(1,5,6,0,4,2,3) : 1
(1,5,6,0,4,3,2) : 2
(1,5,6,2,3,0,4) : 1
(1,5,6,3,2,4,0) : 1
(1,5,6,4,0,2,3) : 2
(1,5,6,4,2,0,3) : 2
(1,5,6,4,3,0,2) : 2
(1,5,6,4,3,2,0) : 1
(1,6) : 6
(1,6,0,3,2,4,5) : 1
(1,6,0,4,3,5,2) : 1
(1,6,0,4,5) : 1
(1,6,2) : 1
(1,6,2,0,3,5,4) : 1
(1,6,2,3) : 1
(1,6,2,3,5,4,0) : 1
(1,6,3) : 3
(1,6,3,0,2,4,5) : 1
(1,6,3,0,2,5,4) : 1
(1,6,3,2,0,5,4) : 1
(1,6,3,2,4,0,5) : 1
(1,6,3,2,5,4,0) : 1
(1,6,3,4,2,0,5) : 1
(1,6,3,4,5,2,0) : 1
(1,6,4) : 1
(1,6,4,0,2,5,3) : 1
(1,6,4,0,3,2,5) : 2
(1,6,4,0,5,2,3) : 1
(1,6,4,2,0,3,5) : 1
(1,6,4,2,3,0,5) : 1
(1,6,4,2,5,0,3) : 1
(1,6,4,5,0,2,3) : 1
(1,6,4,5,2,0) : 1
(1,6,4,5,2,3,0) : 1
(1,6,4,5,3,0) : 1
(1,6,4,5,3,2,0) : 1
(1,6,5,0,3,4,2) : 1
(1,6,5,0,4,2,3) : 1
(1,6,5,2,3,0,4) : 1
(1,6,5,2,4,3) : 1
(1,6,5,2,4,3,0) : 1
(1,6,5,4,0,2,3) : 1
(1,6,5,4,0,3,2) : 2
(1,6,5,4,2,3,0) : 2
(1,6,5,4,3,0,2) : 1
(2) : 19569
(2,0) : 113
(2,0,1) : 8
(2,0,1,3) : 1
(2,0,1,3,4) : 2
(2,0,1,3,4,5) : 1
(2,0,1,3,4,5,6) : 26
(2,0,1,3,4,6,5) : 10
(2,0,1,3,5,4,6) : 3
(2,0,1,3,6,5,4) : 4
(2,0,1,4,3,5,6) : 5
(2,0,1,4,3,6,5) : 2
(2,0,1,4,5,6,3) : 5
(2,0,1,4,6,3,5) : 13
(2,0,1,4,6,5,3) : 3
(2,0,1,5) : 2
(2,0,1,5,4,3,6) : 2
(2,0,1,5,4,6,3) : 3
(2,0,1,5,6,3,4) : 1
(2,0,1,5,6,4,3) : 3
(2,0,1,6) : 1
(2,0,1,6,3,4,5) : 1
(2,0,1,6,3,5,4) : 1
(2,0,1,6,4,3,5) : 5
(2,0,1,6,4,5,3) : 2
(2,0,1,6,5,4,3) : 2
(2,0,3) : 3
(2,0,3,1) : 1
(2,0,3,1,4,5,6) : 1
(2,0,3,1,4,6,5) : 4
(2,0,3,1,5,4) : 1
(2,0,3,1,5,4,6) : 2
(2,0,3,1,6) : 1
(2,0,3,1,6,4,5) : 1
(2,0,3,4,1,6,5) : 1
(2,0,3,4,5,1,6) : 3
(2,0,3,4,5,6,1) : 1
(2,0,3,4,6,1,5) : 2
(2,0,3,5,1,6,4) : 2
(2,0,3,5,4,6,1) : 3
(2,0,3,5,6,1,4) : 1
(2,0,3,5,6,4,1) : 1
(2,0,3,6,1,4,5) : 1
(2,0,3,6,4,1,5) : 2
(2,0,3,6,4,5,1) : 1
(2,0,3,6,5,1,4) : 1
(2,0,4) : 8
(2,0,4,1) : 1
(2,0,4,1,3,5,6) : 3
(2,0,4,1,3,6,5) : 2
(2,0,4,1,5,6,3) : 3
(2,0,4,1,6,5,3) : 1
(2,0,4,3,1,5,6) : 1
(2,0,4,3,1,6,5) : 1
(2,0,4,3,5,6,1) : 1
(2,0,4,3,6,5) : 1
(2,0,4,5) : 1
(2,0,4,5,1,3,6) : 1
(2,0,4,5,1,6,3) : 3
(2,0,4,5,3,1,6) : 1
(2,0,4,5,6) : 1
(2,0,4,5,6,1) : 3
(2,0,4,5,6,1,3) : 12
(2,0,4,5,6,3,1) : 4
(2,0,4,6,1,3) : 1
(2,0,4,6,1,3,5) : 12
(2,0,4,6,1,5,3) : 3
(2,0,4,6,3,1,5) : 2
(2,0,4,6,3,5,1) : 3
(2,0,4,6,5,1,3) : 13
(2,0,4,6,5,3,1) : 4
(2,0,5) : 25
(2,0,5,1,3,4,6) : 4
(2,0,5,1,3,6,4) : 1
(2,0,5,1,4,3,6) : 1
(2,0,5,1,4,6,3) : 3
(2,0,5,1,6) : 1
(2,0,5,1,6,4,3) : 2
(2,0,5,3) : 2
(2,0,5,3,1,4,6) : 1
(2,0,5,3,1,6,4) : 2
(2,0,5,3,4,6,1) : 2
(2,0,5,3,6,1,4) : 1
(2,0,5,3,6,4,1) : 2
(2,0,5,4) : 4
(2,0,5,4,3,1) : 1
(2,0,5,4,3,1,6) : 2
(2,0,5,4,3,6,1) : 2
(2,0,5,4,6,1,3) : 11
(2,0,5,4,6,3,1) : 4
(2,0,5,6) : 3
(2,0,5,6,1,3,4) : 1
(2,0,5,6,1,4,3) : 6
(2,0,5,6,3,4,1) : 2
(2,0,5,6,4,1) : 1
(2,0,5,6,4,1,3) : 18
(2,0,5,6,4,3,1) : 10
(2,0,6) : 3
(2,0,6,1,3,4,5) : 1
(2,0,6,1,4,5,3) : 1
(2,0,6,1,5,3,4) : 1
(2,0,6,1,5,4,3) : 1
(2,0,6,3,1,4,5) : 1
(2,0,6,3,4,1,5) : 1
(2,0,6,4,1,3,5) : 9
(2,0,6,4,1,5,3) : 6
(2,0,6,4,3,1,5) : 3
(2,0,6,4,3,5,1) : 1
(2,0,6,4,5,1,3) : 7
(2,0,6,4,5,3,1) : 2
(2,0,6,5,3,4,1) : 1
(2,0,6,5,4,1,3) : 4
(2,0,6,5,4,3,1) : 2
(2,1) : 83
(2,1,0) : 6
(2,1,0,3,4,5) : 1
(2,1,0,3,4,5,6) : 42
(2,1,0,3,4,6,5) : 7
(2,1,0,3,5,4,6) : 3
(2,1,0,3,5,6,4) : 2
(2,1,0,3,6,4,5) : 2
(2,1,0,3,6,5,4) : 2
(2,1,0,4,3) : 1
(2,1,0,4,3,5,6) : 1
(2,1,0,4,3,6,5) : 1
(2,1,0,4,5,6,3) : 6
(2,1,0,4,6) : 1
(2,1,0,4,6,3,5) : 5
(2,1,0,4,6,5,3) : 3
(2,1,0,5,3,4,6) : 2
(2,1,0,5,4,3) : 1
(2,1,0,5,4,3,6) : 1
(2,1,0,5,4,6) : 1
(2,1,0,5,4,6,3) : 1
(2,1,0,5,6,4,3) : 1
(2,1,0,6) : 2
(2,1,0,6,3,4,5) : 2
(2,1,0,6,4,3,5) : 2
(2,1,0,6,4,5,3) : 4
(2,1,0,6,5,4,3) : 4
(2,1,3) : 7
(2,1,3,0,4) : 1
(2,1,3,0,4,5,6) : 3
(2,1,3,0,4,6,5) : 5
(2,1,3,0,6,4,5) : 1
(2,1,3,4,0,5,6) : 4
(2,1,3,4,0,6,5) : 4
(2,1,3,4,5,0,6) : 3
(2,1,3,4,5,6,0) : 11
(2,1,3,4,6,0,5) : 17
(2,1,3,4,6,5) : 1
(2,1,3,4,6,5,0) : 18
(2,1,3,5,0,4,6) : 1
(2,1,3,5,0,6,4) : 2
(2,1,3,5,4,6,0) : 2
(2,1,3,5,6,4,0) : 5
(2,1,3,6) : 1
(2,1,3,6,0,4,5) : 2
(2,1,3,6,4) : 1
(2,1,3,6,4,0,5) : 5
(2,1,3,6,4,5,0) : 3
(2,1,3,6,5,0,4) : 1
(2,1,4) : 2
(2,1,4,0,3,6,5) : 1
(2,1,4,0,5) : 1
(2,1,4,0,5,3,6) : 1
(2,1,4,0,5,6,3) : 2
(2,1,4,3,0,5,6) : 1
(2,1,4,3,0,6,5) : 1
(2,1,4,3,5,6,0) : 4
(2,1,4,3,6,0,5) : 1
(2,1,4,3,6,5,0) : 2
(2,1,4,5) : 1
(2,1,4,5,0,3,6) : 1
(2,1,4,5,0,6,3) : 2
(2,1,4,5,3,0) : 1
(2,1,4,5,3,0,6) : 3
(2,1,4,5,3,6,0) : 1
(2,1,4,5,6,0,3) : 1
(2,1,4,5,6,3,0) : 1
(2,1,4,6) : 1
(2,1,4,6,0,3) : 1
(2,1,4,6,0,3,5) : 12
(2,1,4,6,0,5,3) : 2
(2,1,4,6,3,0,5) : 8
(2,1,4,6,3,5) : 1
(2,1,4,6,3,5,0) : 5
(2,1,4,6,5,0,3) : 4
(2,1,4,6,5,3) : 1
(2,1,4,6,5,3,0) : 7
(2,1,5) : 6
(2,1,5,0,3,4,6) : 1
(2,1,5,0,3,6,4) : 2
(2,1,5,0,4,6,3) : 2
(2,1,5,0,6,4,3) : 1
(2,1,5,3,4,6) : 1
(2,1,5,3,4,6,0) : 5
(2,1,5,3,6,4,0) : 1
(2,1,5,4,0,6,3) : 1
(2,1,5,4,3,6,0) : 1
(2,1,5,4,6,0,3) : 1
(2,1,5,4,6,3,0) : 2
(2,1,5,6,0,3,4) : 1
(2,1,5,6,0,4,3) : 1
(2,1,5,6,3,0,4) : 2
(2,1,5,6,3,4,0) : 3
(2,1,5,6,4,0,3) : 4
(2,1,5,6,4,3,0) : 7
(2,1,6) : 4
(2,1,6,0,3,4,5) : 4
(2,1,6,0,3,5,4) : 1
(2,1,6,0,4,5,3) : 1
(2,1,6,0,5,4,3) : 2
(2,1,6,3) : 1
(2,1,6,3,0,4,5) : 5
(2,1,6,3,0,5,4) : 1
(2,1,6,3,4,0,5) : 8
(2,1,6,3,4,5,0) : 3
(2,1,6,3,5,0,4) : 2
(2,1,6,4) : 1
(2,1,6,4,0,3,5) : 7
(2,1,6,4,0,5,3) : 4
(2,1,6,4,3,0,5) : 12
(2,1,6,4,3,5,0) : 8
(2,1,6,4,5,0,3) : 7
(2,1,6,4,5,3,0) : 5
(2,1,6,5,0,3,4) : 1
(2,1,6,5,3,4,0) : 2
(2,1,6,5,4,0) : 1
(2,1,6,5,4,0,3) : 3
(2,1,6,5,4,3,0) : 6
(2,3) : 455
(2,3,0) : 4
(2,3,0,1,4,5) : 3
(2,3,0,1,4,5,6) : 7
(2,3,0,1,4,6,5) : 7
(2,3,0,1,5,4,6) : 2
(2,3,0,1,5,6,4) : 1
(2,3,0,1,6,4,5) : 2
(2,3,0,1,6,5,4) : 1
(2,3,0,4,1,5,6) : 1
(2,3,0,4,1,6,5) : 1
(2,3,0,4,5,6,1) : 5
(2,3,0,4,6,1,5) : 6
(2,3,0,4,6,5,1) : 4
(2,3,0,5) : 1
(2,3,0,5,1,4,6) : 2
(2,3,0,5,1,6,4) : 2
(2,3,0,5,4,6,1) : 3
(2,3,0,5,6,1,4) : 1
(2,3,0,5,6,4,1) : 4
(2,3,0,6,1,4,5) : 2
(2,3,0,6,4,1,5) : 2
(2,3,0,6,4,5,1) : 1
(2,3,0,6,5,4,1) : 2
(2,3,1) : 6
(2,3,1,0,4) : 1
(2,3,1,0,4,5,6) : 7
(2,3,1,0,4,6,5) : 6
(2,3,1,0,5,6,4) : 1
(2,3,1,0,6,4,5) : 5
(2,3,1,0,6,5,4) : 3
(2,3,1,4,0,5,6) : 2
(2,3,1,4,5,0,6) : 1
(2,3,1,4,5,6,0) : 6
(2,3,1,4,6,0,5) : 16
(2,3,1,4,6,5,0) : 16
(2,3,1,5) : 1
(2,3,1,5,0,6,4) : 1
(2,3,1,5,4,0,6) : 1
(2,3,1,5,4,6,0) : 5
(2,3,1,5,6,0,4) : 1
(2,3,1,5,6,4,0) : 6
(2,3,1,6,0,4,5) : 7
(2,3,1,6,4,0) : 1
(2,3,1,6,4,0,5) : 14
(2,3,1,6,4,5,0) : 18
(2,3,1,6,5,0,4) : 2
(2,3,1,6,5,4,0) : 5
(2,3,4) : 8
(2,3,4,0,1) : 1
(2,3,4,0,5,6,1) : 1
(2,3,4,0,6,1,5) : 1
(2,3,4,0,6,5,1) : 1
(2,3,4,1,0,5,6) : 5
(2,3,4,1,0,6,5) : 4
(2,3,4,1,6,0) : 1
(2,3,4,1,6,0,5) : 3
(2,3,4,1,6,5,0) : 11
(2,3,4,5,1,0,6) : 2
(2,3,4,5,6) : 2
(2,3,4,5,6,0,1) : 10
(2,3,4,5,6,1,0) : 19
(2,3,4,6) : 3
(2,3,4,6,0,1,5) : 14
(2,3,4,6,0,5) : 1
(2,3,4,6,0,5,1) : 6
(2,3,4,6,1) : 3
(2,3,4,6,1,0) : 1
(2,3,4,6,1,0,5) : 28
(2,3,4,6,1,5,0) : 34
(2,3,4,6,5) : 1
(2,3,4,6,5,0,1) : 12
(2,3,4,6,5,1,0) : 39
(2,3,5) : 14
(2,3,5,0) : 2
(2,3,5,0,1,4,6) : 10
(2,3,5,0,1,6) : 1
(2,3,5,0,1,6,4) : 4
(2,3,5,0,4,1,6) : 1
(2,3,5,0,4,6,1) : 7
(2,3,5,0,6,1,4) : 1
(2,3,5,0,6,4,1) : 1
(2,3,5,1,0,4,6) : 1
(2,3,5,1,0,6) : 1
(2,3,5,1,0,6,4) : 2
(2,3,5,1,4,6,0) : 7
(2,3,5,1,6,0) : 1
(2,3,5,1,6,4,0) : 1
(2,3,5,4,0,1,6) : 1
(2,3,5,4,0,6,1) : 1
(2,3,5,4,1,6,0) : 2
(2,3,5,4,6,0,1) : 6
(2,3,5,4,6,1) : 1
(2,3,5,4,6,1,0) : 14
(2,3,5,6,0,1,4) : 5
(2,3,5,6,0,4,1) : 1
(2,3,5,6,1,0,4) : 3
(2,3,5,6,1,4,0) : 1
(2,3,5,6,4,0,1) : 16
(2,3,5,6,4,1,0) : 22
(2,3,6) : 11
(2,3,6,0,1,4,5) : 8
(2,3,6,0,5) : 1
(2,3,6,0,5,4,1) : 2
(2,3,6,1) : 2
(2,3,6,1,0,4,5) : 6
(2,3,6,1,0,5,4) : 2
(2,3,6,1,4,0,5) : 13
(2,3,6,1,4,5,0) : 27
(2,3,6,1,5,0) : 1
(2,3,6,1,5,0,4) : 1
(2,3,6,1,5,4,0) : 8
(2,3,6,4) : 2
(2,3,6,4,0,1) : 1
(2,3,6,4,0,1,5) : 12
(2,3,6,4,0,5,1) : 8
(2,3,6,4,1,0,5) : 26
(2,3,6,4,1,5,0) : 38
(2,3,6,4,5,0,1) : 16
(2,3,6,4,5,1) : 1
(2,3,6,4,5,1,0) : 19
(2,3,6,5,0,1,4) : 5
(2,3,6,5,1,0,4) : 2
(2,3,6,5,1,4,0) : 2
(2,3,6,5,4,0,1) : 6
(2,3,6,5,4,1,0) : 26
(2,4) : 85
(2,4,0) : 13
(2,4,0,1,3,5,6) : 2
(2,4,0,1,3,6,5) : 2
(2,4,0,1,5,6,3) : 2
(2,4,0,1,6,3,5) : 3
(2,4,0,1,6,5,3) : 2
(2,4,0,3,5,6,1) : 1
(2,4,0,5) : 2
(2,4,0,5,1,6) : 2
(2,4,0,5,1,6,3) : 2
(2,4,0,5,3,1,6) : 1
(2,4,0,5,3,6,1) : 1
(2,4,0,5,6,1) : 2
(2,4,0,5,6,1,3) : 2
(2,4,0,6,1) : 1
(2,4,0,6,1,3,5) : 6
(2,4,0,6,1,5,3) : 1
(2,4,0,6,3,1,5) : 1
(2,4,0,6,5) : 1
(2,4,0,6,5,1,3) : 3
(2,4,0,6,5,3) : 1
(2,4,0,6,5,3,1) : 4
(2,4,1) : 2
(2,4,1,0,3,5) : 1
(2,4,1,0,3,5,6) : 2
(2,4,1,0,3,6,5) : 4
(2,4,1,0,6,3,5) : 1
(2,4,1,0,6,5,3) : 2
(2,4,1,3,0,6,5) : 1
(2,4,1,3,6,0,5) : 1
(2,4,1,3,6,5,0) : 2
(2,4,1,5,0,3,6) : 1
(2,4,1,6,0,3,5) : 1
(2,4,1,6,0,5,3) : 2
(2,4,1,6,3,0,5) : 2
(2,4,1,6,3,5,0) : 1
(2,4,1,6,5,0) : 1
(2,4,1,6,5,0,3) : 1
(2,4,1,6,5,3) : 1
(2,4,3) : 3
(2,4,3,0,1,5,6) : 2
(2,4,3,0,1,6,5) : 1
(2,4,3,0,6,5,1) : 1
(2,4,3,1,0,5,6) : 1
(2,4,3,1,6,0,5) : 2
(2,4,3,5,0,1,6) : 1
(2,4,3,5,1,0,6) : 1
(2,4,3,5,1,6,0) : 1
(2,4,3,5,6,0,1) : 1
(2,4,3,5,6,1,0) : 3
(2,4,3,6) : 2
(2,4,3,6,0,1,5) : 1
(2,4,3,6,0,5,1) : 1
(2,4,3,6,1,0,5) : 5
(2,4,3,6,1,5,0) : 1
(2,4,5) : 14
(2,4,5,0) : 2
(2,4,5,0,1,3,6) : 7
(2,4,5,0,1,6) : 1
(2,4,5,0,1,6,3) : 3
(2,4,5,0,3) : 1
(2,4,5,0,3,1,6) : 2
(2,4,5,0,3,6,1) : 1
(2,4,5,0,6,1) : 1
(2,4,5,0,6,1,3) : 2
(2,4,5,0,6,3,1) : 2
(2,4,5,1) : 1
(2,4,5,1,0,3,6) : 2
(2,4,5,1,0,6,3) : 3
(2,4,5,1,3,6,0) : 1
(2,4,5,1,6) : 1
(2,4,5,1,6,0,3) : 1
(2,4,5,1,6,3,0) : 1
(2,4,5,3,0,1,6) : 1
(2,4,5,3,0,6,1) : 1
(2,4,5,3,1,0) : 1
(2,4,5,3,1,0,6) : 1
(2,4,5,3,6,0,1) : 1
(2,4,5,6,0,1,3) : 9
(2,4,5,6,0,3,1) : 4
(2,4,5,6,1,0,3) : 3
(2,4,5,6,1,3,0) : 1
(2,4,5,6,3,1,0) : 12
(2,4,6) : 13
(2,4,6,0) : 1
(2,4,6,0,1,3) : 1
(2,4,6,0,1,3,5) : 15
(2,4,6,0,1,5) : 1
(2,4,6,0,1,5,3) : 5
(2,4,6,0,3,1,5) : 4
(2,4,6,0,3,5,1) : 3
(2,4,6,0,5,1) : 1
(2,4,6,0,5,1,3) : 2
(2,4,6,0,5,3,1) : 4
(2,4,6,1) : 3
(2,4,6,1,0,3) : 1
(2,4,6,1,0,3,5) : 17
(2,4,6,1,0,5) : 1
(2,4,6,1,0,5,3) : 2
(2,4,6,1,3,0) : 1
(2,4,6,1,3,0,5) : 11
(2,4,6,1,3,5,0) : 11
(2,4,6,1,5,0) : 2
(2,4,6,1,5,0,3) : 7
(2,4,6,1,5,3) : 1
(2,4,6,1,5,3,0) : 5
(2,4,6,3,0,1,5) : 4
(2,4,6,3,0,5,1) : 1
(2,4,6,3,1,0,5) : 10
(2,4,6,3,1,5,0) : 4
(2,4,6,3,5,0,1) : 2
(2,4,6,3,5,1,0) : 4
(2,4,6,5) : 1
(2,4,6,5,0,1,3) : 6
(2,4,6,5,0,3,1) : 4
(2,4,6,5,1,0) : 1
(2,4,6,5,1,0,3) : 6
(2,4,6,5,1,3) : 1
(2,4,6,5,1,3,0) : 5
(2,4,6,5,3,0,1) : 2
(2,4,6,5,3,1,0) : 14
(2,5) : 302
(2,5,0) : 41
(2,5,0,1) : 2
(2,5,0,1,3,4) : 1
(2,5,0,1,3,4,6) : 38
(2,5,0,1,3,6,4) : 2
(2,5,0,1,4,3,6) : 2
(2,5,0,1,4,6) : 1
(2,5,0,1,4,6,3) : 17
(2,5,0,1,6,3,4) : 1
(2,5,0,1,6,4,3) : 12
(2,5,0,3) : 2
(2,5,0,3,1) : 1
(2,5,0,3,1,4,6) : 6
(2,5,0,3,1,6) : 1
(2,5,0,3,1,6,4) : 4
(2,5,0,3,4,1,6) : 1
(2,5,0,3,4,6) : 1
(2,5,0,3,4,6,1) : 9
(2,5,0,3,6,1,4) : 2
(2,5,0,3,6,4,1) : 2
(2,5,0,4) : 6
(2,5,0,4,1,3,6) : 3
(2,5,0,4,1,6,3) : 5
(2,5,0,4,3,1,6) : 5
(2,5,0,4,3,6,1) : 1
(2,5,0,4,6,1) : 3
(2,5,0,4,6,1,3) : 20
(2,5,0,4,6,3,1) : 11
(2,5,0,6) : 1
(2,5,0,6,1,3) : 1
(2,5,0,6,1,3,4) : 3
(2,5,0,6,1,4,3) : 4
(2,5,0,6,3,1,4) : 1
(2,5,0,6,3,4,1) : 3
(2,5,0,6,4) : 1
(2,5,0,6,4,1,3) : 18
(2,5,0,6,4,3,1) : 17
(2,5,1) : 6
(2,5,1,0) : 1
(2,5,1,0,3,4) : 1
(2,5,1,0,3,4,6) : 7
(2,5,1,0,3,6,4) : 2
(2,5,1,0,4) : 2
(2,5,1,0,4,6) : 1
(2,5,1,0,4,6,3) : 4
(2,5,1,0,6,3,4) : 1
(2,5,1,0,6,4,3) : 2
(2,5,1,3) : 1
(2,5,1,3,0,4,6) : 1
(2,5,1,3,0,6,4) : 1
(2,5,1,3,4,0,6) : 1
(2,5,1,3,4,6,0) : 6
(2,5,1,3,6,0,4) : 1
(2,5,1,3,6,4,0) : 2
(2,5,1,4) : 2
(2,5,1,4,0,3,6) : 1
(2,5,1,4,3,0,6) : 1
(2,5,1,4,3,6,0) : 1
(2,5,1,4,6,0) : 1
(2,5,1,4,6,0,3) : 2
(2,5,1,4,6,3,0) : 4
(2,5,1,6) : 1
(2,5,1,6,0) : 1
(2,5,1,6,3,4,0) : 2
(2,5,1,6,4,0,3) : 5
(2,5,1,6,4,3,0) : 4
(2,5,3) : 6
(2,5,3,0) : 1
(2,5,3,0,1,4,6) : 6
(2,5,3,0,1,6,4) : 1
(2,5,3,0,4,1,6) : 2
(2,5,3,0,4,6,1) : 2
(2,5,3,0,6,1) : 1
(2,5,3,0,6,4,1) : 3
(2,5,3,1) : 1
(2,5,3,1,0,4,6) : 7
(2,5,3,1,0,6,4) : 1
(2,5,3,1,4,6,0) : 3
(2,5,3,1,6,0) : 1
(2,5,3,1,6,4,0) : 1
(2,5,3,4) : 2
(2,5,3,4,0,1,6) : 1
(2,5,3,4,6,0,1) : 8
(2,5,3,4,6,1,0) : 11
(2,5,3,6,0,1,4) : 1
(2,5,3,6,0,4,1) : 2
(2,5,3,6,1,0,4) : 3
(2,5,3,6,1,4,0) : 1
(2,5,3,6,4) : 1
(2,5,3,6,4,0,1) : 3
(2,5,3,6,4,1,0) : 5
(2,5,4) : 8
(2,5,4,0) : 4
(2,5,4,0,1,3,6) : 11
(2,5,4,0,1,6,3) : 12
(2,5,4,0,3) : 1
(2,5,4,0,3,6,1) : 5
(2,5,4,0,6) : 1
(2,5,4,0,6,1) : 1
(2,5,4,0,6,1,3) : 9
(2,5,4,0,6,3,1) : 3
(2,5,4,1) : 1
(2,5,4,1,0,3,6) : 2
(2,5,4,1,0,6,3) : 2
(2,5,4,1,3,0) : 1
(2,5,4,1,3,6,0) : 1
(2,5,4,1,6,3,0) : 1
(2,5,4,3) : 3
(2,5,4,3,0,1,6) : 3
(2,5,4,3,0,6,1) : 3
(2,5,4,3,1,0,6) : 8
(2,5,4,3,1,6,0) : 1
(2,5,4,3,6,1,0) : 5
(2,5,4,6) : 1
(2,5,4,6,0) : 1
(2,5,4,6,0,1) : 2
(2,5,4,6,0,1,3) : 16
(2,5,4,6,0,3,1) : 8
(2,5,4,6,1,0) : 3
(2,5,4,6,1,0,3) : 8
(2,5,4,6,1,3,0) : 2
(2,5,4,6,3,0,1) : 3
(2,5,4,6,3,1) : 1
(2,5,4,6,3,1,0) : 22
(2,5,6) : 11
(2,5,6,0) : 3
(2,5,6,0,1,3,4) : 7
(2,5,6,0,1,4,3) : 5
(2,5,6,0,3,1,4) : 1
(2,5,6,0,3,4,1) : 1
(2,5,6,0,4,1,3) : 7
(2,5,6,0,4,3,1) : 3
(2,5,6,1,0,3,4) : 4
(2,5,6,1,0,4,3) : 4
(2,5,6,1,3,4,0) : 3
(2,5,6,1,4,0,3) : 3
(2,5,6,1,4,3,0) : 1
(2,5,6,3,0,4,1) : 1
(2,5,6,3,1,0,4) : 4
(2,5,6,3,1,4,0) : 6
(2,5,6,3,4,0,1) : 2
(2,5,6,3,4,1,0) : 2
(2,5,6,4) : 2
(2,5,6,4,0,1) : 2
(2,5,6,4,0,1,3) : 24
(2,5,6,4,0,3) : 1
(2,5,6,4,0,3,1) : 8
(2,5,6,4,1,0) : 1
(2,5,6,4,1,0,3) : 22
(2,5,6,4,1,3,0) : 6
(2,5,6,4,3,0,1) : 1
(2,5,6,4,3,1,0) : 32
(2,6) : 77
(2,6,0) : 4
(2,6,0,1) : 1
(2,6,0,1,3,4,5) : 7
(2,6,0,1,4,3,5) : 3
(2,6,0,1,4,5,3) : 4
(2,6,0,1,5,3,4) : 1
(2,6,0,1,5,4,3) : 3
(2,6,0,3,1,4,5) : 2
(2,6,0,3,4,1,5) : 1
(2,6,0,3,4,5,1) : 5
(2,6,0,3,5,4,1) : 1
(2,6,0,4,1,3,5) : 2
(2,6,0,4,1,5) : 1
(2,6,0,4,1,5,3) : 1
(2,6,0,4,3,1,5) : 2
(2,6,0,4,3,5) : 1
(2,6,0,4,3,5,1) : 2
(2,6,0,4,5,1,3) : 2
(2,6,0,5) : 1
(2,6,0,5,1,4,3) : 1
(2,6,0,5,3,4,1) : 1
(2,6,0,5,4,1,3) : 3
(2,6,1) : 6
(2,6,1,0,3,4,5) : 4
(2,6,1,0,3,5,4) : 1
(2,6,1,0,4,3,5) : 4
(2,6,1,0,4,5,3) : 2
(2,6,1,0,5,4,3) : 2
(2,6,1,3,0,4,5) : 4
(2,6,1,3,0,5,4) : 2
(2,6,1,3,4,0,5) : 5
(2,6,1,3,4,5,0) : 14
(2,6,1,3,5,0,4) : 1
(2,6,1,3,5,4) : 1
(2,6,1,3,5,4,0) : 4
(2,6,1,4) : 1
(2,6,1,4,0,3,5) : 4
(2,6,1,4,0,5) : 1
(2,6,1,4,0,5,3) : 2
(2,6,1,4,3,0,5) : 8
(2,6,1,4,3,5,0) : 2
(2,6,1,4,5,0,3) : 1
(2,6,1,4,5,3,0) : 3
(2,6,1,5,0,3,4) : 1
(2,6,1,5,3,0,4) : 1
(2,6,1,5,3,4,0) : 1
(2,6,1,5,4,3,0) : 2
(2,6,3) : 4
(2,6,3,0,1,4,5) : 3
(2,6,3,0,1,5,4) : 1
(2,6,3,0,4,1,5) : 1
(2,6,3,0,4,5,1) : 2
(2,6,3,1) : 1
(2,6,3,1,0,4,5) : 5
(2,6,3,1,0,5,4) : 4
(2,6,3,1,4,0,5) : 11
(2,6,3,1,4,5,0) : 12
(2,6,3,1,5,0,4) : 4
(2,6,3,1,5,4,0) : 3
(2,6,3,4,0,1,5) : 1
(2,6,3,4,0,5,1) : 2
(2,6,3,4,1,0,5) : 5
(2,6,3,4,1,5,0) : 4
(2,6,3,4,5,0,1) : 3
(2,6,3,4,5,1,0) : 9
(2,6,3,5,0,1,4) : 1
(2,6,3,5,1,4,0) : 3
(2,6,3,5,4,0,1) : 2
(2,6,3,5,4,1,0) : 1
(2,6,4) : 10
(2,6,4,0,1,3) : 1
(2,6,4,0,1,3,5) : 11
(2,6,4,0,1,5,3) : 1
(2,6,4,0,3,1,5) : 4
(2,6,4,0,3,5,1) : 2
(2,6,4,0,5,1,3) : 2
(2,6,4,0,5,3,1) : 4
(2,6,4,1) : 1
(2,6,4,1,0,3) : 2
(2,6,4,1,0,3,5) : 11
(2,6,4,1,0,5,3) : 6
(2,6,4,1,3,0) : 2
(2,6,4,1,3,0,5) : 10
(2,6,4,1,3,5,0) : 9
(2,6,4,1,5,0) : 1
(2,6,4,1,5,0,3) : 3
(2,6,4,1,5,3,0) : 4
(2,6,4,3) : 3
(2,6,4,3,0,1,5) : 4
(2,6,4,3,0,5,1) : 5
(2,6,4,3,1,0,5) : 24
(2,6,4,3,1,5,0) : 8
(2,6,4,3,5,0) : 1
(2,6,4,3,5,0,1) : 5
(2,6,4,3,5,1,0) : 6
(2,6,4,5) : 1
(2,6,4,5,0,1) : 2
(2,6,4,5,0,1,3) : 13
(2,6,4,5,0,3,1) : 2
(2,6,4,5,1,0) : 2
(2,6,4,5,1,0,3) : 3
(2,6,4,5,1,3,0) : 5
(2,6,4,5,3,0,1) : 9
(2,6,4,5,3,1,0) : 11
(2,6,5) : 9
(2,6,5,0) : 1
(2,6,5,0,1,3,4) : 4
(2,6,5,0,1,4,3) : 4
(2,6,5,0,3,4) : 1
(2,6,5,0,3,4,1) : 2
(2,6,5,0,4,1,3) : 2
(2,6,5,0,4,3,1) : 1
(2,6,5,1,0,4,3) : 1
(2,6,5,1,3,0,4) : 1
(2,6,5,1,3,4) : 1
(2,6,5,1,3,4,0) : 2
(2,6,5,1,4,0,3) : 1
(2,6,5,1,4,3,0) : 1
(2,6,5,3,0,4,1) : 1
(2,6,5,3,1,0,4) : 3
(2,6,5,3,4,0,1) : 1
(2,6,5,3,4,1,0) : 1
(2,6,5,4,0,1,3) : 9
(2,6,5,4,0,3,1) : 3
(2,6,5,4,1,0,3) : 8
(2,6,5,4,1,3,0) : 3
(2,6,5,4,3,0) : 1
(2,6,5,4,3,0,1) : 5
(2,6,5,4,3,1) : 1
(2,6,5,4,3,1,0) : 6
(3) : 1104
(3,0) : 9
(3,0,1,2,4,5,6) : 2
(3,0,1,2,5,4,6) : 1
(3,0,1,4,2,5,6) : 1
(3,0,1,6) : 1
(3,0,1,6,4,2,5) : 1
(3,0,1,6,4,5,2) : 1
(3,0,2) : 3
(3,0,2,1,5,4,6) : 1
(3,0,2,1,5,6,4) : 1
(3,0,2,4,1,5,6) : 2
(3,0,2,4,6,1,5) : 1
(3,0,2,5) : 1
(3,0,2,5,1,6,4) : 1
(3,0,2,5,4,1) : 1
(3,0,2,5,6,4,1) : 1
(3,0,2,6,4,1,5) : 1
(3,0,4,5,6) : 1
(3,0,4,6,1,2,5) : 1
(3,0,4,6,2,5,1) : 1
(3,0,4,6,5,1,2) : 1
(3,0,5) : 2
(3,0,5,1,2,4,6) : 1
(3,0,5,1,4,6,2) : 1
(3,0,5,2,1,4,6) : 1
(3,0,5,2,1,6,4) : 1
(3,0,5,2,4,6,1) : 1
(3,0,5,2,6,4,1) : 1
(3,0,5,4,1,2,6) : 1
(3,0,5,4,1,6,2) : 1
(3,0,5,4,6,2,1) : 1
(3,0,5,6) : 1
(3,0,5,6,2,1,4) : 1
(3,0,5,6,4,2,1) : 1
(3,0,6,1,2,4,5) : 1
(3,0,6,1,4,2,5) : 2
(3,0,6,4,5,2,1) : 2
(3,1) : 9
(3,1,0,2,4) : 1
(3,1,0,6,4,5,2) : 1
(3,1,2) : 1
(3,1,2,4,0,6,5) : 1
(3,1,2,4,5,6,0) : 1
(3,1,2,4,6,5,0) : 1
(3,1,2,5,6,4,0) : 1
(3,1,2,6,5,4,0) : 1
(3,1,4,2,0,5,6) : 1
(3,1,4,5,6,2,0) : 1
(3,1,4,6,0,5,2) : 1
(3,1,4,6,2,5,0) : 2
(3,1,4,6,5,0,2) : 1
(3,1,4,6,5,2,0) : 1
(3,1,5) : 2
(3,1,5,2,0,4,6) : 1
(3,1,5,2,4,6,0) : 1
(3,1,5,4,6,2,0) : 1
(3,1,5,6,2,0,4) : 1
(3,1,5,6,2,4,0) : 1
(3,1,5,6,4,0,2) : 1
(3,1,5,6,4,2) : 1
(3,1,5,6,4,2,0) : 2
(3,1,6) : 1
(3,1,6,4,0,2,5) : 1
(3,1,6,4,0,5,2) : 1
(3,1,6,4,2,5,0) : 1
(3,1,6,4,5,2,0) : 1
(3,1,6,5,0,4,2) : 1
(3,1,6,5,2) : 1
(3,1,6,5,4,0,2) : 2
(3,2) : 371
(3,2,0) : 1
(3,2,0,1,4,5,6) : 1
(3,2,0,1,4,6,5) : 2
(3,2,0,1,5,4,6) : 1
(3,2,0,1,5,6,4) : 1
(3,2,0,1,6,4,5) : 2
(3,2,0,4,5,6,1) : 1
(3,2,0,4,6,1,5) : 3
(3,2,0,4,6,5,1) : 2
(3,2,0,5,6,1,4) : 1
(3,2,1) : 4
(3,2,1,0,4) : 1
(3,2,1,0,4,5,6) : 7
(3,2,1,0,5,4,6) : 1
(3,2,1,0,5,6,4) : 1
(3,2,1,0,6,5,4) : 1
(3,2,1,4,0,5,6) : 1
(3,2,1,4,0,6,5) : 1
(3,2,1,4,5,0,6) : 1
(3,2,1,4,5,6,0) : 2
(3,2,1,4,6,0,5) : 4
(3,2,1,4,6,5,0) : 11
(3,2,1,5) : 1
(3,2,1,5,4,6,0) : 3
(3,2,1,5,6,0,4) : 1
(3,2,1,5,6,4,0) : 3
(3,2,1,6,0,4,5) : 1
(3,2,1,6,4,0,5) : 5
(3,2,1,6,4,5,0) : 13
(3,2,1,6,5) : 1
(3,2,1,6,5,0,4) : 3
(3,2,1,6,5,4,0) : 3
(3,2,4) : 4
(3,2,4,0,6,5,1) : 1
(3,2,4,1,5,0,6) : 2
(3,2,4,1,5,6,0) : 2
(3,2,4,1,6,5,0) : 2
(3,2,4,5,0,1) : 1
(3,2,4,5,0,1,6) : 1
(3,2,4,5,6,0,1) : 7
(3,2,4,5,6,1,0) : 9
(3,2,4,6) : 1
(3,2,4,6,0,1,5) : 2
(3,2,4,6,1,0,5) : 4
(3,2,4,6,1,5,0) : 10
(3,2,4,6,5) : 1
(3,2,4,6,5,0,1) : 4
(3,2,4,6,5,1,0) : 13
(3,2,5) : 14
(3,2,5,0,1,4,6) : 4
(3,2,5,0,1,6,4) : 2
(3,2,5,0,6,4,1) : 4
(3,2,5,1,0,4,6) : 5
(3,2,5,1,0,6,4) : 3
(3,2,5,1,4,6,0) : 6
(3,2,5,1,6,4,0) : 5
(3,2,5,4,0,1,6) : 1
(3,2,5,4,0,6,1) : 1
(3,2,5,4,1,0,6) : 2
(3,2,5,4,1,6,0) : 2
(3,2,5,4,6,0,1) : 2
(3,2,5,4,6,1,0) : 12
(3,2,5,6,0,1,4) : 1
(3,2,5,6,0,4,1) : 1
(3,2,5,6,1) : 1
(3,2,5,6,1,0,4) : 4
(3,2,5,6,1,4,0) : 4
(3,2,5,6,4,0,1) : 8
(3,2,5,6,4,1,0) : 26
(3,2,6,0,1,4,5) : 1
(3,2,6,0,4,5,1) : 2
(3,2,6,1,0,4,5) : 1
(3,2,6,1,4,0,5) : 1
(3,2,6,1,4,5,0) : 5
(3,2,6,1,5,4,0) : 2
(3,2,6,4,0,1,5) : 1
(3,2,6,4,0,5,1) : 1
(3,2,6,4,1,0,5) : 5
(3,2,6,4,1,5,0) : 17
(3,2,6,4,5,0,1) : 5
(3,2,6,4,5,1,0) : 19
(3,2,6,5,0,4,1) : 1
(3,2,6,5,4,0,1) : 2
(3,2,6,5,4,1,0) : 16
(3,4) : 4
(3,4,0,5,6,1,2) : 1
(3,4,1,0,2,5,6) : 1
(3,4,1,0,6,2,5) : 1
(3,4,1,0,6,5,2) : 1
(3,4,1,2,0,5,6) : 2
(3,4,1,2,6,5,0) : 1
(3,4,1,5,2,6,0) : 1
(3,4,1,6,0,2,5) : 2
(3,4,2,0,5,6,1) : 1
(3,4,2,1,0,5,6) : 1
(3,4,2,5,6,1,0) : 3
(3,4,2,6,5,1,0) : 1
(3,4,5) : 2
(3,4,5,2,0,1,6) : 1
(3,4,5,2,6,0,1) : 1
(3,4,5,6,0,1,2) : 1
(3,4,5,6,1,0,2) : 1
(3,4,5,6,1,2,0) : 1
(3,4,5,6,2,1,0) : 1
(3,4,6,0) : 1
(3,4,6,0,1,2,5) : 1
(3,4,6,1) : 1
(3,4,6,1,0,2,5) : 1
(3,4,6,1,0,5,2) : 1
(3,4,6,1,2,5,0) : 1
(3,4,6,2,1,5,0) : 2
(3,4,6,2,5,0,1) : 1
(3,4,6,5,1,0,2) : 1
(3,4,6,5,1,2,0) : 2
(3,5) : 46
(3,5,0) : 2
(3,5,0,1,2,4,6) : 2
(3,5,0,1,4,6,2) : 1
(3,5,0,1,6,4,2) : 1
(3,5,0,2) : 1
(3,5,0,2,1,4,6) : 2
(3,5,0,2,4,6,1) : 2
(3,5,0,2,6,1) : 1
(3,5,0,4,2,1,6) : 1
(3,5,0,4,6,2,1) : 2
(3,5,0,6,4,1,2) : 1
(3,5,0,6,4,2,1) : 2
(3,5,1) : 2
(3,5,1,0,4,6,2) : 1
(3,5,1,0,6,4,2) : 1
(3,5,1,2) : 1
(3,5,1,2,4,6,0) : 1
(3,5,1,4,2,0,6) : 1
(3,5,1,4,6,2,0) : 2
(3,5,2) : 10
(3,5,2,0,1,4,6) : 1
(3,5,2,0,1,6,4) : 1
(3,5,2,0,6,1,4) : 2
(3,5,2,0,6,4,1) : 1
(3,5,2,1,0,4,6) : 1
(3,5,2,1,4,6,0) : 3
(3,5,2,1,6,0) : 1
(3,5,2,1,6,4,0) : 1
(3,5,2,4,0,1,6) : 1
(3,5,2,4,0,6) : 1
(3,5,2,4,1,6,0) : 1
(3,5,2,4,6,0,1) : 3
(3,5,2,4,6,1,0) : 6
(3,5,2,6,0,4,1) : 1
(3,5,2,6,1,4,0) : 2
(3,5,2,6,4,1,0) : 5
(3,5,4) : 1
(3,5,4,0,1,6,2) : 1
(3,5,4,0,6,2,1) : 1
(3,5,4,1,0,2,6) : 1
(3,5,4,1,6,2,0) : 1
(3,5,4,2,1,0,6) : 1
(3,5,4,2,1,6) : 1
(3,5,4,2,6,1,0) : 1
(3,5,4,6,0,1,2) : 2
(3,5,4,6,0,2,1) : 1
(3,5,4,6,1,2,0) : 2
(3,5,4,6,2,0,1) : 2
(3,5,4,6,2,1,0) : 2
(3,5,6) : 2
(3,5,6,0,1,2,4) : 1
(3,5,6,0,1,4,2) : 1
(3,5,6,1,0,4,2) : 1
(3,5,6,1,2,0,4) : 1
(3,5,6,2,0,1,4) : 1
(3,5,6,2,4,0,1) : 1
(3,5,6,4,0,2,1) : 2
(3,5,6,4,1,2,0) : 2
(3,5,6,4,2,0,1) : 1
(3,5,6,4,2,1,0) : 4
(3,6) : 16
(3,6,0,1,2,4,5) : 1
(3,6,0,1,2,5,4) : 1
(3,6,0,1,5,4,2) : 1
(3,6,0,2,4,1,5) : 1
(3,6,0,4,5,2,1) : 1
(3,6,0,5,4,2,1) : 1
(3,6,1) : 2
(3,6,1,0,4,5,2) : 2
(3,6,1,0,5,4,2) : 1
(3,6,1,2,4,5,0) : 3
(3,6,1,2,5,0,4) : 2
(3,6,1,4,0,2,5) : 1
(3,6,1,4,0,5,2) : 1
(3,6,1,4,2,5,0) : 2
(3,6,1,5,4,0,2) : 1
(3,6,2) : 4
(3,6,2,0,1,5,4) : 1
(3,6,2,1,0,4,5) : 3
(3,6,2,1,4,5) : 1
(3,6,2,1,4,5,0) : 2
(3,6,2,1,5,4,0) : 1
(3,6,2,5,4,1,0) : 2
(3,6,4) : 2
(3,6,4,0) : 1
(3,6,4,0,2,1,5) : 1
(3,6,4,1,0,2,5) : 1
(3,6,4,1,2,5,0) : 4
(3,6,4,2,1,0,5) : 1
(3,6,4,2,5,1,0) : 3
(3,6,4,5,0,1,2) : 1
(3,6,4,5,1,0,2) : 1
(3,6,4,5,2,1,0) : 2
(3,6,5) : 1
(3,6,5,0) : 1
(3,6,5,0,2,1,4) : 1
(3,6,5,1,2,4,0) : 2
(3,6,5,2,0,4,1) : 1
(3,6,5,4,0,1,2) : 1
(3,6,5,4,1,2,0) : 1
(4) : 387
(4,0) : 17
(4,0,1) : 1
(4,0,1,2,3) : 1
(4,0,1,2,3,5,6) : 3
(4,0,1,2,3,6,5) : 1
(4,0,1,2,5,6,3) : 2
(4,0,1,2,6,5,3) : 1
(4,0,1,3,6,2,5) : 1
(4,0,1,5,2,3,6) : 1
(4,0,1,6,3,2,5) : 1
(4,0,1,6,5,2,3) : 2
(4,0,1,6,5,3,2) : 2
(4,0,2,1,5,3,6) : 1
(4,0,2,1,6,5) : 1
(4,0,2,5) : 1
(4,0,2,5,6,1,3) : 1
(4,0,2,5,6,3,1) : 1
(4,0,2,6,5,1,3) : 3
(4,0,3,6,1,5,2) : 1
(4,0,3,6,2,1,5) : 1
(4,0,5) : 8
(4,0,5,1,6,2,3) : 1
(4,0,5,1,6,3,2) : 1
(4,0,5,2,1,3,6) : 1
(4,0,5,2,1,6,3) : 1
(4,0,5,2,3,1,6) : 1
(4,0,5,2,3,6,1) : 1
(4,0,5,2,6,1,3) : 2
(4,0,5,2,6,3,1) : 1
(4,0,5,3,2,1,6) : 1
(4,0,5,3,2,6,1) : 1
(4,0,5,6) : 1
(4,0,5,6,1,2) : 1
(4,0,5,6,1,3,2) : 2
(4,0,5,6,2,1,3) : 1
(4,0,5,6,3,1,2) : 1
(4,0,5,6,3,2,1) : 2
(4,0,6) : 2
(4,0,6,1,3,5,2) : 2
(4,0,6,2,5,1,3) : 1
(4,0,6,2,5,3,1) : 1
(4,0,6,3,1,5,2) : 1
(4,0,6,3,5,1,2) : 1
(4,0,6,3,5,2,1) : 2
(4,0,6,5,1,2,3) : 2
(4,0,6,5,2) : 1
(4,0,6,5,2,1,3) : 4
(4,1) : 4
(4,1,0,2) : 1
(4,1,0,2,3,5,6) : 1
(4,1,0,2,6,5,3) : 1
(4,1,0,6,3,2,5) : 1
(4,1,3,0,2,6,5) : 1
(4,1,5,0) : 1
(4,1,5,3,0,2,6) : 1
(4,1,5,3,2,0) : 1
(4,1,6) : 1
(4,1,6,0,3) : 1
(4,1,6,3,0,5,2) : 1
(4,1,6,5,2,0,3) : 1
(4,2) : 10
(4,2,0) : 1
(4,2,0,1,5,6) : 1
(4,2,0,1,5,6,3) : 1
(4,2,0,5,3,1,6) : 2
(4,2,0,6,5,1,3) : 1
(4,2,1,0,5,6) : 1
(4,2,1,5,6,0,3) : 3
(4,2,3) : 2
(4,2,3,0,1,5,6) : 1
(4,2,3,0,6,5,1) : 1
(4,2,5) : 3
(4,2,5,0,6,1,3) : 1
(4,2,5,6,0,1,3) : 1
(4,2,5,6,0,3,1) : 1
(4,2,5,6,1,3,0) : 1
(4,2,5,6,3,1,0) : 1
(4,2,6) : 3
(4,2,6,0,1,3,5) : 1
(4,2,6,0,5,1,3) : 2
(4,2,6,1,3,5,0) : 1
(4,3) : 1
(4,3,2) : 1
(4,3,2,1,0,5,6) : 1
(4,3,2,1,5,6) : 2
(4,3,2,1,6,5,0) : 1
(4,3,2,5,6,0,1) : 1
(4,3,5,2,1,6,0) : 1
(4,3,5,6,2,1,0) : 1
(4,5) : 24
(4,5,0) : 6
(4,5,0,1,2,3,6) : 2
(4,5,0,1,3,6,2) : 1
(4,5,0,2) : 1
(4,5,0,2,1,3,6) : 1
(4,5,0,2,1,6,3) : 1
(4,5,0,2,6,1,3) : 1
(4,5,0,3,2) : 1
(4,5,0,6,1,2,3) : 3
(4,5,0,6,1,3,2) : 4
(4,5,0,6,2,1,3) : 1
(4,5,0,6,2,3,1) : 1
(4,5,0,6,3,1,2) : 2
(4,5,0,6,3,2,1) : 2
(4,5,1,0,2,3) : 1
(4,5,1,0,2,6,3) : 1
(4,5,1,0,6,2,3) : 2
(4,5,1,2,0,3,6) : 1
(4,5,1,6,3,0,2) : 1
(4,5,2) : 1
(4,5,2,0,1) : 1
(4,5,2,0,1,3,6) : 1
(4,5,2,0,6,1,3) : 2
(4,5,2,1,0,6) : 1
(4,5,2,1,0,6,3) : 1
(4,5,2,3,0,6,1) : 1
(4,5,2,3,1,0,6) : 1
(4,5,2,3,6,1,0) : 1
(4,5,2,6,0,1,3) : 2
(4,5,2,6,1,3,0) : 1
(4,5,3,0,6,2,1) : 2
(4,5,3,1,0,6,2) : 1
(4,5,3,1,6,0,2) : 1
(4,5,3,2,0,1,6) : 1
(4,5,3,2,1,0,6) : 3
(4,5,6) : 5
(4,5,6,0) : 2
(4,5,6,0,1,2,3) : 6
(4,5,6,0,1,3,2) : 2
(4,5,6,0,2,3,1) : 1
(4,5,6,0,3,2,1) : 1
(4,5,6,1,0,2,3) : 1
(4,5,6,1,3,2,0) : 1
(4,5,6,2) : 1
(4,5,6,2,0,1,3) : 2
(4,5,6,2,1,0,3) : 2
(4,5,6,2,1,3,0) : 1
(4,5,6,2,3,1,0) : 1
(4,5,6,3,0,1,2) : 4
(4,5,6,3,0,2,1) : 1
(4,5,6,3,1,0,2) : 1
(4,5,6,3,2,0,1) : 1
(4,5,6,3,2,1,0) : 3
(4,6) : 14
(4,6,0) : 3
(4,6,0,1,2,3,5) : 2
(4,6,0,1,2,5,3) : 1
(4,6,0,1,3,5,2) : 2
(4,6,0,1,5,2,3) : 2
(4,6,0,3,1,2,5) : 1
(4,6,0,3,1,5,2) : 1
(4,6,0,5,1,3,2) : 1
(4,6,0,5,2,1,3) : 5
(4,6,1) : 1
(4,6,1,0,2,3,5) : 1
(4,6,1,0,3,2,5) : 1
(4,6,1,0,5,3,2) : 1
(4,6,1,2,3,5,0) : 1
(4,6,1,3,0,2,5) : 2
(4,6,1,3,0,5) : 1
(4,6,1,3,5,2,0) : 1
(4,6,1,5,0,2,3) : 1
(4,6,2) : 1
(4,6,2,3,1,0,5) : 1
(4,6,2,5,0) : 1
(4,6,3) : 1
(4,6,3,1,0) : 1
(4,6,3,1,5) : 1
(4,6,3,2,5,1,0) : 1
(4,6,3,5,2,1,0) : 1
(4,6,5) : 7
(4,6,5,0) : 11
(4,6,5,0,1,2,3) : 9
(4,6,5,0,1,3,2) : 3
(4,6,5,0,2,1,3) : 1
(4,6,5,0,3,1,2) : 1
(4,6,5,1,0,2,3) : 2
(4,6,5,1,0,3,2) : 1
(4,6,5,2,0,1,3) : 1
(4,6,5,2,0,3,1) : 1
(4,6,5,2,1,0,3) : 1
(4,6,5,3,1,2,0) : 1
(4,6,5,3,2,0,1) : 1
(4,6,5,3,2,1) : 1
(4,6,5,3,2,1,0) : 1
(5) : 8664
(5,0) : 494
(5,0,1) : 25
(5,0,1,2) : 3
(5,0,1,2,3,4) : 1
(5,0,1,2,3,4,6) : 55
(5,0,1,2,3,6,4) : 4
(5,0,1,2,4) : 1
(5,0,1,2,4,3,6) : 3
(5,0,1,2,4,6) : 1
(5,0,1,2,4,6,3) : 13
(5,0,1,2,6,4,3) : 7
(5,0,1,3) : 1
(5,0,1,3,2) : 1
(5,0,1,3,2,4,6) : 5
(5,0,1,3,4,2) : 1
(5,0,1,3,4,2,6) : 1
(5,0,1,3,4,6,2) : 39
(5,0,1,3,6,2) : 1
(5,0,1,3,6,2,4) : 2
(5,0,1,3,6,4,2) : 13
(5,0,1,4,2,3,6) : 4
(5,0,1,4,2,6,3) : 1
(5,0,1,4,3,2,6) : 2
(5,0,1,4,3,6) : 1
(5,0,1,4,3,6,2) : 6
(5,0,1,4,6,2) : 1
(5,0,1,4,6,2,3) : 22
(5,0,1,4,6,3,2) : 48
(5,0,1,6,2,3,4) : 4
(5,0,1,6,2,4,3) : 5
(5,0,1,6,3,2) : 1
(5,0,1,6,3,4,2) : 4
(5,0,1,6,4) : 1
(5,0,1,6,4,2,3) : 27
(5,0,1,6,4,3,2) : 58
(5,0,2) : 38
(5,0,2,1) : 3
(5,0,2,1,3) : 1
(5,0,2,1,3,4,6) : 18
(5,0,2,1,3,6,4) : 2
(5,0,2,1,4,6,3) : 11
(5,0,2,1,6,3) : 1
(5,0,2,1,6,3,4) : 1
(5,0,2,1,6,4,3) : 9
(5,0,2,3) : 2
(5,0,2,3,1,4,6) : 3
(5,0,2,3,1,6) : 1
(5,0,2,3,1,6,4) : 1
(5,0,2,3,4,1,6) : 3
(5,0,2,3,4,6,1) : 6
(5,0,2,3,6,1,4) : 1
(5,0,2,3,6,4,1) : 7
(5,0,2,4) : 2
(5,0,2,4,1,3) : 1
(5,0,2,4,1,3,6) : 6
(5,0,2,4,1,6,3) : 9
(5,0,2,4,3,1) : 1
(5,0,2,4,3,1,6) : 2
(5,0,2,4,3,6,1) : 1
(5,0,2,4,6,1) : 1
(5,0,2,4,6,1,3) : 31
(5,0,2,4,6,3,1) : 20
(5,0,2,6,1,3,4) : 1
(5,0,2,6,1,4,3) : 2
(5,0,2,6,4,1,3) : 24
(5,0,2,6,4,3,1) : 10
(5,0,3) : 15
(5,0,3,1,2,4,6) : 3
(5,0,3,1,4,2,6) : 1
(5,0,3,1,4,6,2) : 9
(5,0,3,1,6) : 1
(5,0,3,1,6,2,4) : 1
(5,0,3,1,6,4,2) : 9
(5,0,3,2) : 1
(5,0,3,2,1) : 1
(5,0,3,2,1,4) : 1
(5,0,3,2,1,4,6) : 4
(5,0,3,2,1,6) : 1
(5,0,3,2,1,6,4) : 3
(5,0,3,2,4,1,6) : 2
(5,0,3,2,4,6,1) : 5
(5,0,3,2,6,1) : 1
(5,0,3,2,6,4,1) : 3
(5,0,3,4) : 1
(5,0,3,4,1,2,6) : 2
(5,0,3,4,1,6,2) : 2
(5,0,3,4,2,6,1) : 1
(5,0,3,4,6) : 1
(5,0,3,4,6,1) : 1
(5,0,3,4,6,1,2) : 20
(5,0,3,4,6,2,1) : 9
(5,0,3,6) : 1
(5,0,3,6,1,2,4) : 1
(5,0,3,6,2,4,1) : 1
(5,0,3,6,4,1) : 1
(5,0,3,6,4,1,2) : 15
(5,0,3,6,4,2,1) : 6
(5,0,4) : 64
(5,0,4,1) : 2
(5,0,4,1,2,3,6) : 3
(5,0,4,1,3,2,6) : 4
(5,0,4,1,3,6,2) : 1
(5,0,4,1,6,2,3) : 6
(5,0,4,1,6,3,2) : 19
(5,0,4,2) : 9
(5,0,4,2,1,3) : 1
(5,0,4,2,1,3,6) : 7
(5,0,4,2,1,6,3) : 6
(5,0,4,2,3,1) : 1
(5,0,4,2,3,1,6) : 2
(5,0,4,2,3,6,1) : 2
(5,0,4,2,6) : 1
(5,0,4,2,6,1,3) : 7
(5,0,4,2,6,3,1) : 6
(5,0,4,3,2) : 1
(5,0,4,3,2,1,6) : 5
(5,0,4,3,2,6,1) : 1
(5,0,4,3,6,1,2) : 10
(5,0,4,3,6,2,1) : 3
(5,0,4,6) : 10
(5,0,4,6,1) : 1
(5,0,4,6,1,2) : 2
(5,0,4,6,1,2,3) : 87
(5,0,4,6,1,3,2) : 82
(5,0,4,6,2) : 2
(5,0,4,6,2,1) : 2
(5,0,4,6,2,1,3) : 44
(5,0,4,6,2,3,1) : 7
(5,0,4,6,3,1,2) : 55
(5,0,4,6,3,2,1) : 48
(5,0,6) : 18
(5,0,6,1) : 2
(5,0,6,1,2,3,4) : 2
(5,0,6,1,2,4,3) : 2
(5,0,6,1,3,2,4) : 3
(5,0,6,1,3,4,2) : 5
(5,0,6,1,4) : 1
(5,0,6,1,4,2,3) : 16
(5,0,6,1,4,3,2) : 22
(5,0,6,2) : 2
(5,0,6,2,1,3,4) : 1
(5,0,6,2,1,4,3) : 10
(5,0,6,2,3,1,4) : 1
(5,0,6,2,3,4) : 1
(5,0,6,2,3,4,1) : 2
(5,0,6,2,4,1,3) : 4
(5,0,6,2,4,3,1) : 4
(5,0,6,3) : 1
(5,0,6,3,1,4,2) : 1
(5,0,6,3,2,4,1) : 2
(5,0,6,3,4,1,2) : 10
(5,0,6,3,4,2,1) : 1
(5,0,6,4) : 7
(5,0,6,4,1) : 1
(5,0,6,4,1,2,3) : 65
(5,0,6,4,1,3,2) : 94
(5,0,6,4,2,1,3) : 30
(5,0,6,4,2,3,1) : 15
(5,0,6,4,3) : 1
(5,0,6,4,3,1,2) : 33
(5,0,6,4,3,2,1) : 17
(5,1) : 59
(5,1,0) : 5
(5,1,0,2) : 1
(5,1,0,2,3,4,6) : 9
(5,1,0,2,3,6,4) : 2
(5,1,0,2,4,3,6) : 1
(5,1,0,2,4,6,3) : 2
(5,1,0,2,6) : 1
(5,1,0,2,6,4,3) : 4
(5,1,0,3) : 1
(5,1,0,3,2,4,6) : 4
(5,1,0,3,2,6,4) : 1
(5,1,0,3,4,2,6) : 1
(5,1,0,3,4,6,2) : 13
(5,1,0,3,6,4,2) : 4
(5,1,0,4) : 3
(5,1,0,4,2,3,6) : 1
(5,1,0,4,2,6,3) : 2
(5,1,0,4,3) : 1
(5,1,0,4,3,2,6) : 1
(5,1,0,4,3,6,2) : 2
(5,1,0,4,6,2,3) : 7
(5,1,0,4,6,3,2) : 13
(5,1,0,6,2,3) : 1
(5,1,0,6,2,3,4) : 1
(5,1,0,6,2,4,3) : 2
(5,1,0,6,3,2) : 1
(5,1,0,6,3,4,2) : 4
(5,1,0,6,4,2,3) : 9
(5,1,0,6,4,3,2) : 12
(5,1,2) : 2
(5,1,2,0,3,4) : 1
(5,1,2,0,3,4,6) : 3
(5,1,2,0,4,6,3) : 2
(5,1,2,0,6,4,3) : 2
(5,1,2,3,4,0,6) : 1
(5,1,2,3,4,6,0) : 3
(5,1,2,3,6,4,0) : 1
(5,1,2,4,3,6,0) : 1
(5,1,2,4,6,0) : 1
(5,1,2,4,6,0,3) : 2
(5,1,2,4,6,3) : 1
(5,1,2,6,0,3,4) : 1
(5,1,2,6,0,4,3) : 1
(5,1,2,6,3,4,0) : 1
(5,1,2,6,4,0,3) : 1
(5,1,2,6,4,3,0) : 2
(5,1,3) : 3
(5,1,3,0,2,4,6) : 1
(5,1,3,0,2,6,4) : 1
(5,1,3,2,0,4,6) : 2
(5,1,3,2,6,0,4) : 1
(5,1,3,2,6,4,0) : 2
(5,1,3,4,0,2,6) : 2
(5,1,3,4,0,6,2) : 2
(5,1,3,4,2,0,6) : 1
(5,1,3,4,6,0,2) : 4
(5,1,3,4,6,2,0) : 3
(5,1,3,6,2,0) : 1
(5,1,3,6,2,4,0) : 1
(5,1,3,6,4,0,2) : 3
(5,1,4,0) : 1
(5,1,4,0,2,6,3) : 1
(5,1,4,0,3,2,6) : 1
(5,1,4,0,6,2,3) : 2
(5,1,4,0,6,3,2) : 2
(5,1,4,2,0,3,6) : 1
(5,1,4,2,6,3,0) : 1
(5,1,4,6,0,2,3) : 6
(5,1,4,6,0,3,2) : 5
(5,1,4,6,2,0,3) : 1
(5,1,4,6,2,3,0) : 4
(5,1,4,6,3,0,2) : 7
(5,1,4,6,3,2,0) : 2
(5,1,6) : 5
(5,1,6,0,2,3) : 1
(5,1,6,0,3,2) : 1
(5,1,6,0,3,4,2) : 1
(5,1,6,0,4,2,3) : 3
(5,1,6,2) : 1
(5,1,6,2,0,3,4) : 1
(5,1,6,2,0,4,3) : 1
(5,1,6,2,3,4,0) : 2
(5,1,6,2,4,0,3) : 1
(5,1,6,2,4,3,0) : 1
(5,1,6,3,0,2,4) : 2
(5,1,6,3,0,4,2) : 1
(5,1,6,3,2,0,4) : 1
(5,1,6,3,4,0,2) : 1
(5,1,6,3,4,2,0) : 1
(5,1,6,4) : 1
(5,1,6,4,0,2,3) : 9
(5,1,6,4,0,3,2) : 5
(5,1,6,4,2,0,3) : 3
(5,1,6,4,2,3,0) : 1
(5,1,6,4,3,0,2) : 9
(5,1,6,4,3,2) : 1
(5,1,6,4,3,2,0) : 7
(5,2) : 247
(5,2,0) : 33
(5,2,0,1) : 1
(5,2,0,1,3,4) : 4
(5,2,0,1,3,4,6) : 31
(5,2,0,1,3,6,4) : 4
(5,2,0,1,4) : 2
(5,2,0,1,4,3,6) : 6
(5,2,0,1,4,6,3) : 11
(5,2,0,1,6,3,4) : 3
(5,2,0,1,6,4,3) : 5
(5,2,0,3) : 1
(5,2,0,3,1) : 1
(5,2,0,3,1,4,6) : 6
(5,2,0,3,1,6,4) : 5
(5,2,0,3,4,1,6) : 2
(5,2,0,3,4,6) : 1
(5,2,0,3,4,6,1) : 9
(5,2,0,3,6,4,1) : 1
(5,2,0,4) : 7
(5,2,0,4,1,3,6) : 2
(5,2,0,4,1,6) : 1
(5,2,0,4,1,6,3) : 1
(5,2,0,4,3,1,6) : 2
(5,2,0,4,3,6,1) : 2
(5,2,0,4,6,1,3) : 21
(5,2,0,4,6,3,1) : 17
(5,2,0,6,1,3,4) : 1
(5,2,0,6,1,4,3) : 5
(5,2,0,6,3,1,4) : 2
(5,2,0,6,3,4,1) : 1
(5,2,0,6,4,1,3) : 13
(5,2,0,6,4,3,1) : 13
(5,2,1) : 4
(5,2,1,0) : 1
(5,2,1,0,3,4,6) : 20
(5,2,1,0,3,6,4) : 2
(5,2,1,0,4,3,6) : 2
(5,2,1,0,4,6,3) : 3
(5,2,1,0,6) : 1
(5,2,1,0,6,3,4) : 1
(5,2,1,0,6,4,3) : 4
(5,2,1,3,0,4,6) : 2
(5,2,1,3,4,6,0) : 5
(5,2,1,3,6,4,0) : 1
(5,2,1,4,0,6,3) : 1
(5,2,1,4,3,6,0) : 1
(5,2,1,4,6,0,3) : 4
(5,2,1,4,6,3,0) : 2
(5,2,1,6) : 1
(5,2,1,6,0,3,4) : 1
(5,2,1,6,0,4,3) : 1
(5,2,1,6,3,4,0) : 3
(5,2,1,6,4,0,3) : 4
(5,2,1,6,4,3,0) : 5
(5,2,3) : 9
(5,2,3,0,1,4,6) : 2
(5,2,3,0,4,1,6) : 1
(5,2,3,0,4,6,1) : 2
(5,2,3,0,6,1,4) : 1
(5,2,3,0,6,4,1) : 1
(5,2,3,1,0,4,6) : 3
(5,2,3,1,0,6,4) : 1
(5,2,3,1,4,0,6) : 2
(5,2,3,1,4,6,0) : 3
(5,2,3,1,6,0,4) : 1
(5,2,3,4) : 2
(5,2,3,4,0,1,6) : 1
(5,2,3,4,0,6,1) : 1
(5,2,3,4,6,0,1) : 4
(5,2,3,4,6,1,0) : 13
(5,2,3,6,0,4,1) : 1
(5,2,3,6,1,0) : 1
(5,2,3,6,1,0,4) : 1
(5,2,3,6,4,1,0) : 3
(5,2,4) : 21
(5,2,4,0) : 3
(5,2,4,0,1) : 1
(5,2,4,0,1,3,6) : 9
(5,2,4,0,1,6) : 1
(5,2,4,0,1,6,3) : 4
(5,2,4,0,3,1,6) : 1
(5,2,4,0,3,6,1) : 2
(5,2,4,0,6,1,3) : 4
(5,2,4,0,6,3) : 1
(5,2,4,0,6,3,1) : 5
(5,2,4,1) : 1
(5,2,4,1,0,3,6) : 1
(5,2,4,1,3) : 1
(5,2,4,1,3,6,0) : 1
(5,2,4,1,6,3,0) : 2
(5,2,4,3,0,1,6) : 1
(5,2,4,3,1) : 1
(5,2,4,3,1,0,6) : 3
(5,2,4,3,1,6,0) : 1
(5,2,4,3,6,0,1) : 1
(5,2,4,3,6,1,0) : 4
(5,2,4,6) : 2
(5,2,4,6,0,1,3) : 10
(5,2,4,6,0,3,1) : 3
(5,2,4,6,1,0) : 1
(5,2,4,6,1,0,3) : 7
(5,2,4,6,1,3) : 1
(5,2,4,6,1,3,0) : 3
(5,2,4,6,3,0,1) : 3
(5,2,4,6,3,1,0) : 7
(5,2,6) : 6
(5,2,6,0,1,3,4) : 2
(5,2,6,0,1,4,3) : 6
(5,2,6,0,3,4,1) : 2
(5,2,6,0,4,1,3) : 3
(5,2,6,0,4,3,1) : 2
(5,2,6,1) : 2
(5,2,6,1,0,3,4) : 1
(5,2,6,1,0,4,3) : 2
(5,2,6,1,3,4,0) : 3
(5,2,6,1,4) : 1
(5,2,6,1,4,0,3) : 1
(5,2,6,1,4,3,0) : 2
(5,2,6,3,1,0,4) : 1
(5,2,6,3,1,4,0) : 1
(5,2,6,3,4,0,1) : 2
(5,2,6,3,4,1,0) : 6
(5,2,6,4,0,1,3) : 9
(5,2,6,4,0,3,1) : 3
(5,2,6,4,1,0) : 1
(5,2,6,4,1,0,3) : 9
(5,2,6,4,1,3,0) : 5
(5,2,6,4,3,1,0) : 9
(5,3) : 59
(5,3,0) : 5
(5,3,0,1,2) : 1
(5,3,0,1,2,4,6) : 5
(5,3,0,1,4) : 1
(5,3,0,1,4,6) : 1
(5,3,0,1,4,6,2) : 4
(5,3,0,1,6,2,4) : 1
(5,3,0,1,6,4) : 1
(5,3,0,1,6,4,2) : 3
(5,3,0,2,1,4,6) : 2
(5,3,0,2,1,6,4) : 1
(5,3,0,2,4) : 1
(5,3,0,2,4,6,1) : 1
(5,3,0,2,6,4,1) : 4
(5,3,0,4,1,6,2) : 2
(5,3,0,4,6,1,2) : 5
(5,3,0,4,6,2,1) : 3
(5,3,0,6,1,2) : 1
(5,3,0,6,4,1,2) : 4
(5,3,0,6,4,2,1) : 6
(5,3,1) : 5
(5,3,1,0,2) : 1
(5,3,1,0,2,4,6) : 3
(5,3,1,0,2,6,4) : 1
(5,3,1,0,4,6) : 1
(5,3,1,0,4,6,2) : 5
(5,3,1,0,6,4,2) : 4
(5,3,1,2) : 2
(5,3,1,2,0,4,6) : 2
(5,3,1,2,4,6,0) : 1
(5,3,1,4,6,0,2) : 2
(5,3,1,4,6,2,0) : 1
(5,3,1,6,0,2,4) : 1
(5,3,1,6,2,0,4) : 1
(5,3,1,6,4,0,2) : 6
(5,3,1,6,4,2,0) : 2
(5,3,2) : 10
(5,3,2,0,1,4,6) : 3
(5,3,2,0,1,6,4) : 2
(5,3,2,0,4,6,1) : 2
(5,3,2,1) : 1
(5,3,2,1,0,4,6) : 8
(5,3,2,1,0,6,4) : 1
(5,3,2,1,4,6,0) : 7
(5,3,2,1,6,0) : 1
(5,3,2,1,6,4,0) : 1
(5,3,2,4,1,6,0) : 1
(5,3,2,4,6,0,1) : 1
(5,3,2,4,6,1,0) : 4
(5,3,2,6,0,1,4) : 1
(5,3,2,6,0,4,1) : 1
(5,3,2,6,1,0,4) : 1
(5,3,2,6,1,4,0) : 2
(5,3,2,6,4,1,0) : 4
(5,3,4) : 4
(5,3,4,0,1,6,2) : 1
(5,3,4,0,6,1,2) : 1
(5,3,4,0,6,2,1) : 4
(5,3,4,2,0,6,1) : 1
(5,3,4,2,1,0,6) : 1
(5,3,4,2,6,0,1) : 1
(5,3,4,2,6,1,0) : 2
(5,3,4,6) : 1
(5,3,4,6,0,1,2) : 8
(5,3,4,6,0,2,1) : 2
(5,3,4,6,1,0,2) : 3
(5,3,4,6,2,0,1) : 3
(5,3,4,6,2,1) : 1
(5,3,4,6,2,1,0) : 9
(5,3,6) : 2
(5,3,6,0) : 1
(5,3,6,0,1,2,4) : 2
(5,3,6,0,1,4,2) : 1
(5,3,6,1,0,4,2) : 1
(5,3,6,1,4,0,2) : 2
(5,3,6,2,0,4,1) : 2
(5,3,6,2,1,0,4) : 2
(5,3,6,2,1,4,0) : 2
(5,3,6,2,4,1,0) : 2
(5,3,6,4) : 1
(5,3,6,4,0,1,2) : 8
(5,3,6,4,0,2,1) : 1
(5,3,6,4,1,0,2) : 2
(5,3,6,4,1,2,0) : 1
(5,3,6,4,2,0,1) : 2
(5,3,6,4,2,1,0) : 10
(5,4) : 155
(5,4,0) : 61
(5,4,0,1) : 1
(5,4,0,1,2) : 1
(5,4,0,1,2,3,6) : 26
(5,4,0,1,2,6) : 1
(5,4,0,1,2,6,3) : 2
(5,4,0,1,3,2,6) : 3
(5,4,0,1,3,6,2) : 6
(5,4,0,1,6,2) : 1
(5,4,0,1,6,2,3) : 13
(5,4,0,1,6,3,2) : 14
(5,4,0,2) : 7
(5,4,0,2,1,3,6) : 17
(5,4,0,2,1,6) : 2
(5,4,0,2,1,6,3) : 5
(5,4,0,2,3,1,6) : 3
(5,4,0,2,3,6,1) : 1
(5,4,0,2,6) : 1
(5,4,0,2,6,1,3) : 7
(5,4,0,2,6,3,1) : 6
(5,4,0,3,2,6,1) : 2
(5,4,0,3,6,1,2) : 2
(5,4,0,3,6,2,1) : 1
(5,4,0,6) : 10
(5,4,0,6,1) : 3
(5,4,0,6,1,2,3) : 19
(5,4,0,6,1,3,2) : 21
(5,4,0,6,2,1,3) : 16
(5,4,0,6,2,3,1) : 14
(5,4,0,6,3) : 2
(5,4,0,6,3,1,2) : 47
(5,4,0,6,3,2) : 2
(5,4,0,6,3,2,1) : 1995
(5,4,1) : 4
(5,4,1,0,2,3,6) : 5
(5,4,1,0,3,6,2) : 5
(5,4,1,0,6,2,3) : 1
(5,4,1,0,6,3,2) : 2
(5,4,1,2,0,3,6) : 2
(5,4,1,2,6,3) : 1
(5,4,1,3,0,2,6) : 1
(5,4,1,6,0) : 2
(5,4,1,6,0,2,3) : 2
(5,4,1,6,0,3,2) : 3
(5,4,1,6,2,0,3) : 1
(5,4,1,6,3,0,2) : 4
(5,4,1,6,3,2,0) : 4
(5,4,2) : 19
(5,4,2,0) : 1
(5,4,2,0,1) : 1
(5,4,2,0,1,3,6) : 6
(5,4,2,0,1,6) : 2
(5,4,2,0,1,6,3) : 3
(5,4,2,0,6) : 1
(5,4,2,0,6,1,3) : 3
(5,4,2,0,6,3,1) : 8
(5,4,2,1) : 1
(5,4,2,1,0,3,6) : 7
(5,4,2,1,0,6) : 1
(5,4,2,1,0,6,3) : 1
(5,4,2,1,3,6) : 1
(5,4,2,1,3,6,0) : 2
(5,4,2,1,6,0,3) : 2
(5,4,2,3,0,1,6) : 2
(5,4,2,3,1) : 1
(5,4,2,3,1,0,6) : 3
(5,4,2,3,1,6,0) : 1
(5,4,2,3,6,1,0) : 3
(5,4,2,6) : 1
(5,4,2,6,0,1,3) : 4
(5,4,2,6,0,3,1) : 2
(5,4,2,6,1,0,3) : 1
(5,4,2,6,1,3) : 1
(5,4,2,6,1,3,0) : 1
(5,4,2,6,3,0,1) : 1
(5,4,2,6,3,1,0) : 3
(5,4,3) : 4
(5,4,3,0) : 1
(5,4,3,0,1,2,6) : 2
(5,4,3,0,1,6,2) : 2
(5,4,3,0,6,1,2) : 1
(5,4,3,0,6,2,1) : 1
(5,4,3,1,0,2) : 1
(5,4,3,1,0,6,2) : 6
(5,4,3,1,2,0,6) : 2
(5,4,3,1,6,0,2) : 1
(5,4,3,1,6,2,0) : 1
(5,4,3,2) : 1
(5,4,3,2,1) : 2
(5,4,3,2,1,0) : 2
(5,4,3,2,1,0,6) : 14
(5,4,3,2,1,6,0) : 3
(5,4,3,2,6,0,1) : 1
(5,4,3,2,6,1,0) : 7
(5,4,3,6) : 1
(5,4,3,6,0,1,2) : 2
(5,4,3,6,1,0,2) : 1
(5,4,3,6,1,2) : 1
(5,4,3,6,1,2,0) : 4
(5,4,3,6,2,1) : 1
(5,4,3,6,2,1,0) : 6
(5,4,6) : 13
(5,4,6,0) : 5
(5,4,6,0,1,2,3) : 24
(5,4,6,0,1,3,2) : 31
(5,4,6,0,2,1,3) : 5
(5,4,6,0,2,3,1) : 5
(5,4,6,0,3,1,2) : 8
(5,4,6,0,3,2,1) : 3
(5,4,6,1) : 2
(5,4,6,1,0,2) : 2
(5,4,6,1,0,2,3) : 11
(5,4,6,1,0,3,2) : 15
(5,4,6,1,2,0,3) : 4
(5,4,6,1,2,3,0) : 3
(5,4,6,1,3,0,2) : 5
(5,4,6,1,3,2) : 1
(5,4,6,1,3,2,0) : 1
(5,4,6,2) : 1
(5,4,6,2,0,1,3) : 11
(5,4,6,2,1,0,3) : 6
(5,4,6,2,1,3,0) : 2
(5,4,6,2,3,0,1) : 3
(5,4,6,2,3,1,0) : 6
(5,4,6,3,0,1,2) : 9
(5,4,6,3,0,2,1) : 3
(5,4,6,3,1,0,2) : 13
(5,4,6,3,1,2,0) : 2
(5,4,6,3,2,0,1) : 3
(5,4,6,3,2,1,0) : 23
(5,6) : 48
(5,6,0) : 9
(5,6,0,1,2,3,4) : 18
(5,6,0,1,2,4,3) : 3
(5,6,0,1,3,2,4) : 1
(5,6,0,1,3,4,2) : 6
(5,6,0,1,4,2,3) : 4
(5,6,0,1,4,3,2) : 13
(5,6,0,2) : 1
(5,6,0,2,1,3,4) : 1
(5,6,0,2,1,4,3) : 1
(5,6,0,2,4,1,3) : 3
(5,6,0,2,4,3,1) : 1
(5,6,0,3,1,2,4) : 1
(5,6,0,3,2,1,4) : 1
(5,6,0,3,2,4,1) : 1
(5,6,0,3,4,1,2) : 1
(5,6,0,3,4,2,1) : 1
(5,6,0,4) : 3
(5,6,0,4,1,2,3) : 7
(5,6,0,4,1,3,2) : 4
(5,6,0,4,2,1,3) : 3
(5,6,0,4,2,3,1) : 1
(5,6,0,4,3,1,2) : 7
(5,6,0,4,3,2,1) : 3
(5,6,1) : 2
(5,6,1,0,2,3,4) : 4
(5,6,1,0,2,4,3) : 3
(5,6,1,0,3,2,4) : 2
(5,6,1,0,3,4,2) : 1
(5,6,1,0,4,2,3) : 5
(5,6,1,0,4,3,2) : 9
(5,6,1,2,0,4,3) : 2
(5,6,1,2,3,0,4) : 2
(5,6,1,2,3,4,0) : 2
(5,6,1,3,2,4,0) : 1
(5,6,1,3,4,0,2) : 2
(5,6,1,4) : 1
(5,6,1,4,0,2,3) : 3
(5,6,1,4,0,3,2) : 1
(5,6,1,4,2,0,3) : 1
(5,6,1,4,3) : 1
(5,6,1,4,3,0,2) : 3
(5,6,1,4,3,2,0) : 2
(5,6,2) : 4
(5,6,2,0) : 1
(5,6,2,0,1,3,4) : 1
(5,6,2,0,1,4,3) : 4
(5,6,2,0,4,1,3) : 1
(5,6,2,0,4,3,1) : 3
(5,6,2,1,0,3,4) : 2
(5,6,2,1,0,4,3) : 3
(5,6,2,1,3,4,0) : 1
(5,6,2,1,4,0,3) : 1
(5,6,2,3,0,1) : 1
(5,6,2,3,0,1,4) : 1
(5,6,2,3,0,4,1) : 1
(5,6,2,3,1,0,4) : 1
(5,6,2,3,1,4,0) : 1
(5,6,2,3,4,1,0) : 4
(5,6,2,4,0,1,3) : 7
(5,6,2,4,1,0,3) : 3
(5,6,2,4,3,0,1) : 1
(5,6,2,4,3,1,0) : 1
(5,6,3) : 3
(5,6,3,0,1,4,2) : 2
(5,6,3,0,4,1,2) : 1
(5,6,3,1,0,2,4) : 1
(5,6,3,1,0,4,2) : 2
(5,6,3,1,2,0,4) : 1
(5,6,3,1,4,0,2) : 2
(5,6,3,1,4,2,0) : 1
(5,6,3,2,0,1,4) : 1
(5,6,3,2,1,0,4) : 4
(5,6,3,2,4,0,1) : 1
(5,6,3,2,4,1,0) : 4
(5,6,3,4,0,1,2) : 6
(5,6,3,4,0,2,1) : 1
(5,6,3,4,1,0,2) : 1
(5,6,3,4,1,2,0) : 1
(5,6,3,4,2,0,1) : 4
(5,6,3,4,2,1,0) : 4
(5,6,4) : 18
(5,6,4,0) : 5
(5,6,4,0,1) : 1
(5,6,4,0,1,2,3) : 31
(5,6,4,0,1,3,2) : 28
(5,6,4,0,2,1,3) : 8
(5,6,4,0,2,3,1) : 4
(5,6,4,0,3,1,2) : 4
(5,6,4,0,3,2,1) : 5
(5,6,4,1) : 1
(5,6,4,1,0) : 2
(5,6,4,1,0,2,3) : 16
(5,6,4,1,0,3,2) : 32
(5,6,4,1,2,0,3) : 4
(5,6,4,1,2,3,0) : 6
(5,6,4,1,3,0,2) : 5
(5,6,4,1,3,2,0) : 2
(5,6,4,2,0,1,3) : 5
(5,6,4,2,0,3,1) : 1
(5,6,4,2,1,0,3) : 5
(5,6,4,2,1,3,0) : 4
(5,6,4,2,3,0,1) : 4
(5,6,4,2,3,1,0) : 6
(5,6,4,3,0,1) : 1
(5,6,4,3,0,1,2) : 22
(5,6,4,3,0,2,1) : 1
(5,6,4,3,1) : 1
(5,6,4,3,1,0,2) : 30
(5,6,4,3,1,2,0) : 10
(5,6,4,3,2) : 2
(5,6,4,3,2,0,1) : 6
(5,6,4,3,2,1) : 1
(5,6,4,3,2,1,0) : 57
(6) : 724
(6,0) : 4
(6,0,1,4,3,2,5) : 2
(6,0,1,4,5,2,3) : 5
(6,0,1,5,4,3,2) : 1
(6,0,2) : 2
(6,0,2,1,3,4,5) : 1
(6,0,2,1,4,3,5) : 1
(6,0,2,4,1,5,3) : 1
(6,0,2,4,5,1,3) : 1
(6,0,2,5) : 1
(6,0,3,4,1,5,2) : 1
(6,0,3,4,5,2,1) : 1
(6,0,3,5,4,2,1) : 1
(6,0,4) : 1
(6,0,4,1,2,3,5) : 1
(6,0,4,1,3,2,5) : 1
(6,0,4,1,3,5,2) : 1
(6,0,4,1,5,2,3) : 2
(6,0,4,2,5,3,1) : 1
(6,0,4,3,2,1,5) : 1
(6,0,4,5,1,2,3) : 1
(6,0,4,5,2,1,3) : 1
(6,0,4,5,3,1,2) : 1
(6,0,5) : 2
(6,0,5,2,4,1,3) : 1
(6,0,5,2,4,3,1) : 1
(6,0,5,4,1,3,2) : 1
(6,0,5,4,2,3,1) : 1
(6,1) : 11
(6,1,0) : 1
(6,1,0,2,5,4,3) : 1
(6,1,0,4,5,2,3) : 1
(6,1,0,5,2,4,3) : 2
(6,1,2,3,4,0,5) : 2
(6,1,2,4,3,0,5) : 1
(6,1,2,4,5,0,3) : 1
(6,1,2,5,0,4,3) : 1
(6,1,2,5,3,4,0) : 1
(6,1,3,2) : 1
(6,1,3,2,4,5,0) : 1
(6,1,3,2,5,0,4) : 1
(6,1,3,2,5,4,0) : 1
(6,1,3,4,0,5,2) : 4
(6,1,3,4,2,0,5) : 1
(6,1,3,4,2,5) : 1
(6,1,3,4,2,5,0) : 1
(6,1,3,4,5,0,2) : 1
(6,1,3,5) : 1
(6,1,3,5,4,0,2) : 1
(6,1,4,0) : 1
(6,1,4,0,3) : 1
(6,1,4,0,5,2,3) : 1
(6,1,4,2,5,0,3) : 1
(6,1,4,3,0,2,5) : 2
(6,1,4,3,0,5,2) : 1
(6,1,4,3,5,0,2) : 1
(6,1,4,3,5,2,0) : 1
(6,1,5,3,2,4,0) : 1
(6,1,5,4,3,0,2) : 1
(6,2) : 10
(6,2,0) : 1
(6,2,0,1,3,4,5) : 2
(6,2,0,1,3,5,4) : 1
(6,2,0,4,1,3,5) : 1
(6,2,0,4,3,1,5) : 1
(6,2,0,5,3,4,1) : 1
(6,2,0,5,4,3,1) : 2
(6,2,1) : 1
(6,2,1,0,3,4,5) : 1
(6,2,1,3,0,4,5) : 1
(6,2,1,3,4,0,5) : 1
(6,2,1,3,4,5,0) : 1
(6,2,1,3,5,0,4) : 1
(6,2,1,3,5,4,0) : 1
(6,2,1,4,5,0) : 1
(6,2,1,5,0,4,3) : 1
(6,2,1,5,4,3,0) : 1
(6,2,3) : 1
(6,2,3,1) : 1
(6,2,3,1,4,5,0) : 1
(6,2,3,1,5,0,4) : 1
(6,2,3,1,5,4,0) : 2
(6,2,3,4,5,1,0) : 2
(6,2,4,0,1,3,5) : 1
(6,2,4,0,5,1,3) : 1
(6,2,4,1) : 1
(6,2,4,5,1,0,3) : 1
(6,2,4,5,1,3,0) : 1
(6,2,4,5,3,1,0) : 1
(6,2,5,0,4,1,3) : 1
(6,2,5,1,0,4,3) : 1
(6,2,5,4,0,1,3) : 1
(6,3) : 5
(6,3,0,1,2,4,5) : 1
(6,3,0,1,4,5,2) : 1
(6,3,0,2,5,1,4) : 1
(6,3,0,4,1,5,2) : 1
(6,3,0,5,4,2,1) : 1
(6,3,1) : 1
(6,3,1,0,4,2,5) : 1
(6,3,1,0,4,5,2) : 2
(6,3,1,0,5,2,4) : 1
(6,3,1,0,5,4,2) : 2
(6,3,1,4,5,0,2) : 1
(6,3,2) : 1
(6,3,2,1,4,0,5) : 1
(6,3,2,4,1,0,5) : 1
(6,3,4,0,1,2,5) : 1
(6,3,4,1,0,5,2) : 1
(6,3,4,5,2,1,0) : 1
(6,3,5) : 2
(6,3,5,1,4,0,2) : 1
(6,3,5,4,0,1,2) : 1
(6,3,5,4,1,0,2) : 1
(6,3,5,4,2,0,1) : 1
(6,3,5,4,2,1,0) : 1
(6,4) : 8
(6,4,0) : 1
(6,4,0,1) : 1
(6,4,0,1,2,3,5) : 4
(6,4,0,1,2,5) : 1
(6,4,0,1,2,5,3) : 1
(6,4,0,1,3,2,5) : 1
(6,4,0,1,3,5,2) : 1
(6,4,0,1,5,2,3) : 4
(6,4,0,1,5,3,2) : 1
(6,4,0,2,1,5,3) : 1
(6,4,0,3,1,5,2) : 1
(6,4,0,5,1,2,3) : 2
(6,4,0,5,1,3,2) : 1
(6,4,0,5,2,3,1) : 1
(6,4,0,5,3,1,2) : 3
(6,4,0,5,3,2,1) : 1
(6,4,1) : 3
(6,4,1,0) : 1
(6,4,1,0,2,3,5) : 1
(6,4,1,0,2,5,3) : 3
(6,4,1,0,3) : 1
(6,4,1,0,3,2,5) : 3
(6,4,1,0,3,5,2) : 4
(6,4,1,0,5,2,3) : 2
(6,4,1,0,5,3,2) : 2
(6,4,1,2,0,3) : 1
(6,4,1,2,0,5,3) : 1
(6,4,1,2,3,5,0) : 1
(6,4,1,2,5,0,3) : 1
(6,4,1,3,0,2,5) : 3
(6,4,1,3,0,5,2) : 2
(6,4,1,3,5,0,2) : 1
(6,4,1,5,0,2,3) : 1
(6,4,1,5,2,3,0) : 1
(6,4,2,0,1,3,5) : 1
(6,4,2,0,1,5,3) : 2
(6,4,2,1,0,3,5) : 1
(6,4,2,1,0,5,3) : 1
(6,4,2,1,3,0,5) : 1
(6,4,2,1,5,0,3) : 1
(6,4,2,3,0,1,5) : 1
(6,4,2,3,1,0,5) : 1
(6,4,2,3,5,0,1) : 1
(6,4,2,3,5,1,0) : 2
(6,4,2,5,0,1) : 1
(6,4,2,5,0,1,3) : 1
(6,4,2,5,0,3,1) : 1
(6,4,2,5,1,0) : 1
(6,4,2,5,1,0,3) : 2
(6,4,2,5,1,3,0) : 1
(6,4,2,5,3) : 1
(6,4,3,0) : 1
(6,4,3,0,1,2,5) : 1
(6,4,3,0,5,2,1) : 1
(6,4,3,1,0,5,2) : 1
(6,4,3,1,5,2,0) : 1
(6,4,3,2,1,0,5) : 2
(6,4,3,2,1,5,0) : 2
(6,4,3,2,5,1,0) : 2
(6,4,3,5,0,1,2) : 1
(6,4,5) : 9
(6,4,5,0) : 1
(6,4,5,0,1,2,3) : 2
(6,4,5,0,1,3,2) : 1
(6,4,5,0,2,1,3) : 1
(6,4,5,0,2,3,1) : 1
(6,4,5,0,3) : 1
(6,4,5,1,0,2,3) : 1
(6,4,5,1,0,3,2) : 4
(6,4,5,1,2,0,3) : 1
(6,4,5,1,2,3,0) : 1
(6,4,5,1,3,2,0) : 1
(6,4,5,2) : 1
(6,4,5,2,0,1,3) : 4
(6,4,5,2,1,0,3) : 1
(6,4,5,2,1,3,0) : 2
(6,4,5,2,3,1,0) : 2
(6,4,5,3,0,1,2) : 2
(6,4,5,3,1,0,2) : 1
(6,4,5,3,2,1,0) : 3
(6,5) : 12
(6,5,0) : 1
(6,5,0,1,2,3,4) : 3
(6,5,0,1,2,4,3) : 1
(6,5,0,1,3,2) : 1
(6,5,0,1,4,2,3) : 2
(6,5,0,1,4,3,2) : 1
(6,5,0,2) : 1
(6,5,0,2,1,4,3) : 1
(6,5,0,3,4,1,2) : 2
(6,5,0,4,1,2,3) : 4
(6,5,0,4,2,1,3) : 1
(6,5,0,4,3,1,2) : 1
(6,5,1) : 2
(6,5,1,0,3,4,2) : 1
(6,5,1,0,4,2,3) : 1
(6,5,1,2,0,3,4) : 1
(6,5,1,2,4,0) : 1
(6,5,1,3,0,2,4) : 1
(6,5,1,3,2,4,0) : 1
(6,5,2) : 1
(6,5,2,1,0,3,4) : 1
(6,5,2,1,3,0,4) : 1
(6,5,2,3,4,1,0) : 2
(6,5,2,4,0,1,3) : 3
(6,5,2,4,1,3,0) : 1
(6,5,2,4,3,0) : 1
(6,5,3) : 1
(6,5,3,0,4,1,2) : 1
(6,5,3,1,4,0,2) : 1
(6,5,3,1,4,2,0) : 1
(6,5,3,2,1,4,0) : 2
(6,5,3,2,4,1,0) : 1
(6,5,3,4,1,0,2) : 2
(6,5,3,4,1,2) : 1
(6,5,4) : 5
(6,5,4,0,1,2,3) : 5
(6,5,4,0,1,3,2) : 1
(6,5,4,0,2,1,3) : 2
(6,5,4,0,3,1,2) : 3
(6,5,4,1,0,3,2) : 4
(6,5,4,1,2,0,3) : 1
(6,5,4,1,3,2,0) : 1
(6,5,4,2,0,1,3) : 1
(6,5,4,2,0,3,1) : 1
(6,5,4,2,1) : 1
(6,5,4,2,1,3,0) : 1
(6,5,4,2,3,1) : 1
(6,5,4,2,3,1,0) : 1
(6,5,4,3,0,1,2) : 4
(6,5,4,3,1,0,2) : 1
(6,5,4,3,1,2,0) : 1
(6,5,4,3,2) : 1
(6,5,4,3,2,1,0) : 13
