0, 1, 2, 3, 4, 5, 6
LAB,CDP,IND,GRN,LIB,IND,NLT
-+-+-+-+-
() : 105
(0) : 13762
(0,1) : 51
(0,1,2) : 11
(0,1,2,3) : 4
(0,1,2,3,4) : 2
(0,1,2,3,4,5) : 2
(0,1,2,3,4,5,6) : 243
(0,1,2,3,4,6,5) : 7
(0,1,2,3,5,4,6) : 6
(0,1,2,3,5,6,4) : 26
(0,1,2,3,6,4,5) : 2
(0,1,2,3,6,5,4) : 8
(0,1,2,4) : 1
(0,1,2,4,3,5,6) : 6
(0,1,2,4,3,6,5) : 3
(0,1,2,4,5,3,6) : 3
(0,1,2,4,5,6,3) : 2
(0,1,2,4,6,3,5) : 1
(0,1,2,5,3,4,6) : 1
(0,1,2,5,3,6,4) : 1
(0,1,2,5,4,3,6) : 2
(0,1,2,5,6) : 1
(0,1,2,5,6,3,4) : 15
(0,1,2,5,6,4) : 1
(0,1,2,5,6,4,3) : 7
(0,1,2,6,3,4,5) : 1
(0,1,2,6,3,5,4) : 1
(0,1,2,6,4,3,5) : 1
(0,1,2,6,4,5,3) : 1
(0,1,2,6,5,3,4) : 5
(0,1,2,6,5,4,3) : 6
(0,1,3) : 6
(0,1,3,2,4,5,6) : 11
(0,1,3,2,4,6,5) : 5
(0,1,3,2,5,4,6) : 2
(0,1,3,2,5,6,4) : 20
(0,1,3,2,6) : 1
(0,1,3,2,6,4,5) : 1
(0,1,3,2,6,5,4) : 7
(0,1,3,4) : 1
(0,1,3,4,2,5,6) : 10
(0,1,3,4,2,6,5) : 1
(0,1,3,4,5,6,2) : 2
(0,1,3,4,6,2) : 1
(0,1,3,4,6,5,2) : 3
(0,1,3,5,2,6) : 1
(0,1,3,5,2,6,4) : 2
(0,1,3,5,4,2,6) : 1
(0,1,3,5,4,6,2) : 1
(0,1,3,5,6,2,4) : 6
(0,1,3,6) : 1
(0,1,3,6,2,4,5) : 2
(0,1,3,6,2,5,4) : 15
(0,1,3,6,4) : 1
(0,1,3,6,4,2,5) : 1
(0,1,3,6,4,5,2) : 1
(0,1,3,6,5,2,4) : 16
(0,1,3,6,5,4,2) : 4
(0,1,4) : 8
(0,1,4,2) : 1
(0,1,4,2,3) : 1
(0,1,4,2,3,5,6) : 7
(0,1,4,2,3,6,5) : 2
(0,1,4,2,5,6,3) : 3
(0,1,4,2,6,5,3) : 1
(0,1,4,3,2,5,6) : 4
(0,1,4,3,2,6,5) : 3
(0,1,4,3,5,2,6) : 1
(0,1,4,3,6,2,5) : 1
(0,1,4,3,6,5,2) : 2
(0,1,4,5,2,3,6) : 2
(0,1,4,5,6,2,3) : 1
(0,1,4,6,2,3,5) : 1
(0,1,4,6,2,5,3) : 3
(0,1,4,6,3,2,5) : 1
(0,1,4,6,3,5,2) : 1
(0,1,4,6,5,2,3) : 1
(0,1,4,6,5,3,2) : 2
(0,1,5) : 1
(0,1,5,2) : 1
(0,1,5,2,3,4) : 1
(0,1,5,2,6,3,4) : 2
(0,1,5,2,6,4,3) : 1
(0,1,5,3,2,6,4) : 1
(0,1,5,3,4,2,6) : 1
(0,1,5,4,6,3,2) : 1
(0,1,5,6,2,3,4) : 7
(0,1,5,6,2,4,3) : 4
(0,1,5,6,4,2,3) : 1
(0,1,6) : 6
(0,1,6,2,3,4) : 1
(0,1,6,2,3,4,5) : 4
(0,1,6,2,3,5,4) : 3
(0,1,6,2,5,3,4) : 8
(0,1,6,2,5,4,3) : 5
(0,1,6,3,2,4) : 1
(0,1,6,3,2,5,4) : 6
(0,1,6,3,4,2,5) : 1
(0,1,6,3,4,5,2) : 1
(0,1,6,3,5,2,4) : 3
(0,1,6,4,2,5,3) : 2
(0,1,6,4,3,2,5) : 2
(0,1,6,4,3,5,2) : 1
(0,1,6,4,5,2,3) : 1
(0,1,6,5,2,3,4) : 9
(0,1,6,5,2,4,3) : 2
(0,1,6,5,3,2,4) : 4
(0,1,6,5,3,4) : 1
(0,1,6,5,3,4,2) : 1
(0,1,6,5,4,2,3) : 1
(0,1,6,5,4,3,2) : 1
(0,2) : 32
(0,2,1) : 21
(0,2,1,3) : 4
(0,2,1,3,4) : 1
(0,2,1,3,4,5) : 1
(0,2,1,3,4,5,6) : 25
(0,2,1,3,4,6,5) : 7
(0,2,1,3,5,4,6) : 6
(0,2,1,3,5,6,4) : 18
(0,2,1,3,6,4,5) : 9
(0,2,1,3,6,5,4) : 6
(0,2,1,4,3,5,6) : 10
(0,2,1,4,3,6,5) : 1
(0,2,1,4,5,3,6) : 1
(0,2,1,4,5,6,3) : 2
(0,2,1,4,6,3,5) : 3
(0,2,1,5,3,4,6) : 2
(0,2,1,5,4,3,6) : 5
(0,2,1,5,4,6,3) : 1
(0,2,1,5,6,3,4) : 14
(0,2,1,5,6,4,3) : 3
(0,2,1,6) : 1
(0,2,1,6,3,5,4) : 2
(0,2,1,6,5,3,4) : 15
(0,2,1,6,5,4,3) : 2
(0,2,3) : 6
(0,2,3,1) : 1
(0,2,3,1,4,5,6) : 9
(0,2,3,1,4,6,5) : 1
(0,2,3,1,5,4,6) : 2
(0,2,3,1,5,6,4) : 4
(0,2,3,1,6,4,5) : 7
(0,2,3,1,6,5,4) : 1
(0,2,3,4,1,5,6) : 10
(0,2,3,4,5,6,1) : 8
(0,2,3,5,1,4,6) : 1
(0,2,3,5,1,6,4) : 4
(0,2,3,5,4) : 1
(0,2,3,5,4,1,6) : 2
(0,2,3,5,4,6,1) : 6
(0,2,3,5,6) : 1
(0,2,3,5,6,1) : 1
(0,2,3,5,6,1,4) : 20
(0,2,3,5,6,4,1) : 8
(0,2,3,6,1) : 1
(0,2,3,6,1,4,5) : 1
(0,2,3,6,1,5,4) : 2
(0,2,3,6,5,1,4) : 5
(0,2,3,6,5,4,1) : 7
(0,2,4) : 2
(0,2,4,1,3,5,6) : 8
(0,2,4,1,3,6,5) : 2
(0,2,4,1,5,3,6) : 1
(0,2,4,1,5,6) : 2
(0,2,4,1,5,6,3) : 2
(0,2,4,3,1,5,6) : 4
(0,2,4,3,1,6,5) : 1
(0,2,4,3,5,6,1) : 2
(0,2,4,3,6,5,1) : 1
(0,2,4,5) : 1
(0,2,4,5,1,3,6) : 1
(0,2,4,5,3,6,1) : 2
(0,2,4,5,6,1) : 3
(0,2,4,5,6,1,3) : 1
(0,2,4,5,6,3,1) : 8
(0,2,4,6,1,3,5) : 4
(0,2,4,6,3,1,5) : 1
(0,2,4,6,3,5,1) : 1
(0,2,4,6,5,1,3) : 1
(0,2,4,6,5,3,1) : 3
(0,2,5) : 6
(0,2,5,1,3,6,4) : 4
(0,2,5,1,4,3,6) : 1
(0,2,5,1,6,3,4) : 5
(0,2,5,1,6,4) : 1
(0,2,5,1,6,4,3) : 4
(0,2,5,3,1) : 1
(0,2,5,3,1,6) : 1
(0,2,5,3,1,6,4) : 3
(0,2,5,3,4,1,6) : 1
(0,2,5,3,4,6,1) : 6
(0,2,5,3,6,1,4) : 8
(0,2,5,3,6,4,1) : 6
(0,2,5,4,1,3,6) : 2
(0,2,5,4,1,6,3) : 2
(0,2,5,4,3,1,6) : 4
(0,2,5,4,3,6,1) : 3
(0,2,5,4,6,1) : 1
(0,2,5,4,6,1,3) : 1
(0,2,5,4,6,3,1) : 1
(0,2,5,6) : 1
(0,2,5,6,1,3,4) : 16
(0,2,5,6,1,4,3) : 2
(0,2,5,6,3,1) : 1
(0,2,5,6,3,1,4) : 19
(0,2,5,6,3,4,1) : 6
(0,2,5,6,4,1,3) : 1
(0,2,5,6,4,3,1) : 9
(0,2,6) : 2
(0,2,6,1,3,4) : 1
(0,2,6,1,5,3,4) : 2
(0,2,6,1,5,4,3) : 1
(0,2,6,3,1,5,4) : 4
(0,2,6,3,4) : 1
(0,2,6,3,5,1,4) : 1
(0,2,6,4,5,1,3) : 1
(0,2,6,4,5,3,1) : 1
(0,2,6,5,1,3,4) : 2
(0,2,6,5,3,1,4) : 5
(0,2,6,5,3,4,1) : 2
(0,2,6,5,4,3,1) : 2
(0,3) : 575
(0,3,1) : 6
(0,3,1,2) : 4
(0,3,1,2,4,5) : 1
(0,3,1,2,4,5,6) : 41
(0,3,1,2,4,6,5) : 5
(0,3,1,2,5) : 1
(0,3,1,2,5,4) : 2
(0,3,1,2,5,4,6) : 10
(0,3,1,2,5,6,4) : 55
(0,3,1,2,6) : 1
(0,3,1,2,6,4,5) : 20
(0,3,1,2,6,5,4) : 19
(0,3,1,4,2,5,6) : 12
(0,3,1,4,2,6,5) : 2
(0,3,1,4,5,6,2) : 6
(0,3,1,4,6,2,5) : 1
(0,3,1,4,6,5,2) : 4
(0,3,1,5) : 1
(0,3,1,5,2) : 1
(0,3,1,5,2,4,6) : 3
(0,3,1,5,2,6,4) : 4
(0,3,1,5,4,2,6) : 1
(0,3,1,5,4,6,2) : 2
(0,3,1,5,6,2,4) : 6
(0,3,1,5,6,4,2) : 2
(0,3,1,6,2) : 1
(0,3,1,6,2,4,5) : 2
(0,3,1,6,2,5,4) : 21
(0,3,1,6,4,2,5) : 4
(0,3,1,6,4,5,2) : 2
(0,3,1,6,5,2,4) : 26
(0,3,1,6,5,4) : 1
(0,3,1,6,5,4,2) : 7
(0,3,2) : 10
(0,3,2,1) : 89
(0,3,2,1,4) : 3
(0,3,2,1,4,5,6) : 26
(0,3,2,1,4,6,5) : 6
(0,3,2,1,5) : 4
(0,3,2,1,5,4,6) : 9
(0,3,2,1,5,6,4) : 24
(0,3,2,1,6) : 5
(0,3,2,1,6,4) : 1
(0,3,2,1,6,4,5) : 4353
(0,3,2,1,6,5,4) : 103
(0,3,2,4,1,5,6) : 8
(0,3,2,4,5,1,6) : 3
(0,3,2,4,5,6) : 2
(0,3,2,4,5,6,1) : 13
(0,3,2,4,6,1,5) : 3
(0,3,2,4,6,5,1) : 11
(0,3,2,5) : 1
(0,3,2,5,1) : 1
(0,3,2,5,1,4,6) : 3
(0,3,2,5,1,6,4) : 9
(0,3,2,5,4,1,6) : 3
(0,3,2,5,4,6,1) : 14
(0,3,2,5,6,1) : 1
(0,3,2,5,6,1,4) : 78
(0,3,2,5,6,4) : 2
(0,3,2,5,6,4,1) : 57
(0,3,2,6) : 1
(0,3,2,6,1) : 2
(0,3,2,6,1,4,5) : 9
(0,3,2,6,1,5,4) : 4
(0,3,2,6,4,1,5) : 5
(0,3,2,6,4,5,1) : 6
(0,3,2,6,5,1,4) : 26
(0,3,2,6,5,4,1) : 21
(0,3,4) : 40
(0,3,4,1,2,5,6) : 15
(0,3,4,1,2,6,5) : 3
(0,3,4,1,5,2,6) : 4
(0,3,4,1,5,6,2) : 2
(0,3,4,1,6,2,5) : 7
(0,3,4,1,6,5,2) : 7
(0,3,4,2) : 1
(0,3,4,2,1,5,6) : 9
(0,3,4,2,1,6,5) : 2
(0,3,4,2,5,1,6) : 8
(0,3,4,2,5,6,1) : 21
(0,3,4,2,6,1,5) : 2
(0,3,4,2,6,5,1) : 8
(0,3,4,5) : 1
(0,3,4,5,1,2,6) : 5
(0,3,4,5,2,1) : 1
(0,3,4,5,2,1,6) : 5
(0,3,4,5,2,6,1) : 17
(0,3,4,5,6,1,2) : 7
(0,3,4,5,6,2,1) : 32
(0,3,4,6) : 1
(0,3,4,6,1,2,5) : 11
(0,3,4,6,1,5,2) : 1
(0,3,4,6,2,1,5) : 4
(0,3,4,6,2,5,1) : 12
(0,3,4,6,5,1,2) : 4
(0,3,4,6,5,2,1) : 49
(0,3,5) : 6
(0,3,5,1,2,4,6) : 3
(0,3,5,1,2,6,4) : 13
(0,3,5,1,6,2,4) : 5
(0,3,5,2) : 2
(0,3,5,2,1,4,6) : 11
(0,3,5,2,1,6,4) : 14
(0,3,5,2,4) : 1
(0,3,5,2,4,1,6) : 2
(0,3,5,2,4,6,1) : 12
(0,3,5,2,6,1,4) : 49
(0,3,5,2,6,4,1) : 31
(0,3,5,4,1,6,2) : 1
(0,3,5,4,2,1) : 1
(0,3,5,4,2,1,6) : 6
(0,3,5,4,2,6,1) : 1
(0,3,5,4,6,1,2) : 1
(0,3,5,6) : 3
(0,3,5,6,1,2) : 2
(0,3,5,6,1,2,4) : 26
(0,3,5,6,1,4,2) : 3
(0,3,5,6,2,1,4) : 36
(0,3,5,6,2,4,1) : 9
(0,3,5,6,4,1,2) : 3
(0,3,5,6,4,2,1) : 11
(0,3,6) : 54
(0,3,6,1) : 4
(0,3,6,1,2,4) : 1
(0,3,6,1,2,4,5) : 20
(0,3,6,1,2,5,4) : 63
(0,3,6,1,4,2,5) : 4
(0,3,6,1,4,5,2) : 2
(0,3,6,1,5,2,4) : 22
(0,3,6,1,5,4,2) : 2
(0,3,6,2,1,4,5) : 15
(0,3,6,2,1,5,4) : 16
(0,3,6,2,4) : 1
(0,3,6,2,4,1,5) : 2
(0,3,6,2,4,5,1) : 7
(0,3,6,2,5,1) : 1
(0,3,6,2,5,1,4) : 52
(0,3,6,2,5,4,1) : 35
(0,3,6,4) : 6
(0,3,6,4,1) : 1
(0,3,6,4,1,2,5) : 9
(0,3,6,4,1,5,2) : 1
(0,3,6,4,2,1,5) : 7
(0,3,6,4,2,5,1) : 12
(0,3,6,4,5,1,2) : 3
(0,3,6,4,5,2,1) : 18
(0,3,6,5,1) : 1
(0,3,6,5,1,2,4) : 33
(0,3,6,5,1,4) : 1
(0,3,6,5,1,4,2) : 2
(0,3,6,5,2,1) : 4
(0,3,6,5,2,1,4) : 164
(0,3,6,5,2,4) : 2
(0,3,6,5,2,4,1) : 67
(0,3,6,5,4) : 1
(0,3,6,5,4,1,2) : 6
(0,3,6,5,4,2,1) : 47
(0,4) : 181
(0,4,1) : 7
(0,4,1,2,3,5,6) : 29
(0,4,1,2,3,6,5) : 1
(0,4,1,2,5,3,6) : 4
(0,4,1,2,5,6) : 2
(0,4,1,2,5,6,3) : 10
(0,4,1,2,6,3,5) : 2
(0,4,1,2,6,5,3) : 3
(0,4,1,3) : 1
(0,4,1,3,2,5,6) : 6
(0,4,1,3,2,6,5) : 2
(0,4,1,3,5,2,6) : 1
(0,4,1,3,5,6,2) : 3
(0,4,1,3,6) : 1
(0,4,1,3,6,2,5) : 2
(0,4,1,3,6,5,2) : 2
(0,4,1,5,2,3,6) : 2
(0,4,1,5,2,6,3) : 4
(0,4,1,5,3) : 1
(0,4,1,5,6,2,3) : 1
(0,4,1,5,6,3,2) : 1
(0,4,1,6,2,3) : 1
(0,4,1,6,2,3,5) : 3
(0,4,1,6,2,5,3) : 4
(0,4,1,6,3,2,5) : 2
(0,4,1,6,3,5,2) : 2
(0,4,1,6,5,2,3) : 3
(0,4,1,6,5,3,2) : 2
(0,4,2) : 2
(0,4,2,1,3,5,6) : 8
(0,4,2,1,3,6,5) : 3
(0,4,2,1,5,3,6) : 2
(0,4,2,1,5,6) : 1
(0,4,2,1,5,6,3) : 4
(0,4,2,1,6,3,5) : 1
(0,4,2,1,6,5,3) : 4
(0,4,2,3,1,5,6) : 3
(0,4,2,3,1,6,5) : 1
(0,4,2,3,5,6,1) : 5
(0,4,2,3,6,1,5) : 1
(0,4,2,3,6,5,1) : 5
(0,4,2,5,1,3,6) : 1
(0,4,2,5,1,6,3) : 3
(0,4,2,5,3,1,6) : 1
(0,4,2,5,3,6,1) : 4
(0,4,2,5,6) : 1
(0,4,2,5,6,1) : 1
(0,4,2,5,6,1,3) : 3
(0,4,2,5,6,3,1) : 11
(0,4,2,6) : 1
(0,4,2,6,1,3,5) : 2
(0,4,2,6,3,1) : 1
(0,4,2,6,5,1,3) : 3
(0,4,2,6,5,3,1) : 2
(0,4,3) : 26
(0,4,3,1) : 1
(0,4,3,1,2) : 1
(0,4,3,1,2,5,6) : 14
(0,4,3,1,2,6,5) : 3
(0,4,3,1,5,2,6) : 5
(0,4,3,1,5,6,2) : 4
(0,4,3,1,6) : 1
(0,4,3,1,6,2,5) : 3
(0,4,3,1,6,5,2) : 5
(0,4,3,2) : 1
(0,4,3,2,1) : 1
(0,4,3,2,1,5,6) : 17
(0,4,3,2,1,6) : 1
(0,4,3,2,1,6,5) : 2
(0,4,3,2,5,1) : 1
(0,4,3,2,5,1,6) : 5
(0,4,3,2,5,6) : 2
(0,4,3,2,5,6,1) : 24
(0,4,3,2,6,5,1) : 3
(0,4,3,5,2) : 1
(0,4,3,5,2,1) : 1
(0,4,3,5,2,1,6) : 3
(0,4,3,5,2,6,1) : 13
(0,4,3,5,6,1,2) : 2
(0,4,3,5,6,2,1) : 6
(0,4,3,6) : 2
(0,4,3,6,1,2) : 1
(0,4,3,6,1,2,5) : 9
(0,4,3,6,1,5,2) : 4
(0,4,3,6,2,1,5) : 3
(0,4,3,6,2,5,1) : 3
(0,4,3,6,5,1,2) : 6
(0,4,3,6,5,2,1) : 28
(0,4,5,1,2,6,3) : 1
(0,4,5,1,6,2,3) : 1
(0,4,5,2) : 2
(0,4,5,2,1,3,6) : 3
(0,4,5,2,1,6,3) : 5
(0,4,5,2,3,1,6) : 1
(0,4,5,2,3,6,1) : 3
(0,4,5,2,6,1,3) : 2
(0,4,5,2,6,3,1) : 5
(0,4,5,3,1,2,6) : 2
(0,4,5,3,2,1,6) : 1
(0,4,5,3,2,6,1) : 1
(0,4,5,6,1,2,3) : 2
(0,4,5,6,1,3,2) : 1
(0,4,5,6,2,1) : 2
(0,4,5,6,2,1,3) : 4
(0,4,5,6,2,3,1) : 1
(0,4,5,6,3,1,2) : 1
(0,4,5,6,3,2,1) : 15
(0,4,6) : 12
(0,4,6,1,2,3,5) : 8
(0,4,6,1,2,5,3) : 2
(0,4,6,1,3,2,5) : 3
(0,4,6,1,5,2,3) : 1
(0,4,6,1,5,3,2) : 1
(0,4,6,2,1,3,5) : 2
(0,4,6,2,1,5) : 1
(0,4,6,2,3,1) : 1
(0,4,6,2,3,1,5) : 1
(0,4,6,2,3,5,1) : 1
(0,4,6,2,5,1,3) : 2
(0,4,6,2,5,3,1) : 7
(0,4,6,3) : 1
(0,4,6,3,1,2,5) : 5
(0,4,6,3,2,1) : 2
(0,4,6,3,2,1,5) : 4
(0,4,6,3,2,5,1) : 9
(0,4,6,3,5,1,2) : 1
(0,4,6,3,5,2,1) : 11
(0,4,6,5) : 1
(0,4,6,5,1,2,3) : 3
(0,4,6,5,2,1) : 1
(0,4,6,5,2,1,3) : 4
(0,4,6,5,2,3,1) : 9
(0,4,6,5,3,1,2) : 1
(0,4,6,5,3,2) : 1
(0,4,6,5,3,2,1) : 27
(0,5) : 5
(0,5,1,2,3,4,6) : 5
(0,5,1,2,3,6,4) : 4
(0,5,1,2,6,4,3) : 1
(0,5,1,6,2,3,4) : 1
(0,5,1,6,3,2,4) : 1
(0,5,2) : 2
(0,5,2,1,3,4,6) : 1
(0,5,2,1,3,6,4) : 4
(0,5,2,1,4,3,6) : 1
(0,5,2,1,6,3,4) : 9
(0,5,2,1,6,4,3) : 3
(0,5,2,3,1,4,6) : 2
(0,5,2,3,1,6,4) : 2
(0,5,2,3,4,1,6) : 2
(0,5,2,3,4,6,1) : 1
(0,5,2,3,6,1,4) : 7
(0,5,2,3,6,4,1) : 1
(0,5,2,4,1,6,3) : 1
(0,5,2,4,3,6,1) : 1
(0,5,2,4,6,1,3) : 1
(0,5,2,6) : 1
(0,5,2,6,1,3,4) : 3
(0,5,2,6,1,4) : 1
(0,5,2,6,1,4,3) : 2
(0,5,2,6,3,1,4) : 4
(0,5,2,6,3,4,1) : 2
(0,5,3) : 2
(0,5,3,1) : 1
(0,5,3,2,1,6,4) : 3
(0,5,3,2,4,1,6) : 1
(0,5,3,2,6) : 1
(0,5,3,2,6,1) : 1
(0,5,3,2,6,1,4) : 3
(0,5,3,2,6,4) : 1
(0,5,3,2,6,4,1) : 2
(0,5,3,4,1,6,2) : 1
(0,5,3,4,2,1) : 2
(0,5,3,4,2,1,6) : 1
(0,5,3,4,2,6,1) : 1
(0,5,3,4,6,1,2) : 1
(0,5,3,4,6,2,1) : 1
(0,5,3,6,1,4,2) : 2
(0,5,3,6,2,1,4) : 6
(0,5,3,6,2,4,1) : 1
(0,5,4,1,6,3,2) : 1
(0,5,4,2,1,3,6) : 1
(0,5,4,2,3,6,1) : 2
(0,5,4,2,6,3,1) : 1
(0,5,4,3,1) : 1
(0,5,4,3,2,1,6) : 4
(0,5,4,6,2,3,1) : 2
(0,5,4,6,3,1,2) : 1
(0,5,4,6,3,2,1) : 1
(0,5,6,1,2,3,4) : 2
(0,5,6,1,3,2) : 1
(0,5,6,1,3,2,4) : 1
(0,5,6,1,3,4,2) : 1
(0,5,6,2) : 1
(0,5,6,2,1,3,4) : 6
(0,5,6,2,1,4,3) : 4
(0,5,6,2,3,1,4) : 1
(0,5,6,2,3,4) : 1
(0,5,6,2,3,4,1) : 1
(0,5,6,2,4,1,3) : 2
(0,5,6,2,4,3,1) : 1
(0,5,6,3,1,2,4) : 1
(0,5,6,3,2,1,4) : 8
(0,5,6,4,2,1,3) : 2
(0,5,6,4,2,3,1) : 1
(0,5,6,4,3,2,1) : 2
(0,6) : 118
(0,6,1) : 1
(0,6,1,2,3) : 1
(0,6,1,2,3,4,5) : 10
(0,6,1,2,3,5,4) : 10
(0,6,1,2,4,3,5) : 1
(0,6,1,2,4,5,3) : 1
(0,6,1,2,5,3,4) : 16
(0,6,1,2,5,4) : 1
(0,6,1,2,5,4,3) : 6
(0,6,1,3) : 2
(0,6,1,3,2,4) : 1
(0,6,1,3,2,4,5) : 4
(0,6,1,3,2,5,4) : 9
(0,6,1,3,4,2,5) : 2
(0,6,1,3,4,5,2) : 2
(0,6,1,3,5) : 1
(0,6,1,3,5,2,4) : 4
(0,6,1,4,3,5,2) : 1
(0,6,1,4,5,2,3) : 3
(0,6,1,5) : 1
(0,6,1,5,2,3,4) : 8
(0,6,1,5,2,4,3) : 5
(0,6,1,5,3,2,4) : 2
(0,6,1,5,4,3,2) : 1
(0,6,2) : 3
(0,6,2,1,3,4,5) : 4
(0,6,2,1,3,5,4) : 7
(0,6,2,1,4,3) : 1
(0,6,2,1,4,3,5) : 1
(0,6,2,1,4,5,3) : 2
(0,6,2,1,5,3,4) : 7
(0,6,2,1,5,4,3) : 2
(0,6,2,3,1,4) : 1
(0,6,2,3,1,4,5) : 2
(0,6,2,3,1,5,4) : 6
(0,6,2,3,4) : 1
(0,6,2,3,4,1,5) : 2
(0,6,2,3,4,5,1) : 4
(0,6,2,3,5,1,4) : 7
(0,6,2,3,5,4,1) : 5
(0,6,2,4,1,5,3) : 2
(0,6,2,4,3,5,1) : 3
(0,6,2,4,5,1) : 1
(0,6,2,4,5,1,3) : 1
(0,6,2,4,5,3,1) : 2
(0,6,2,5,1,3,4) : 10
(0,6,2,5,1,4,3) : 2
(0,6,2,5,3,1,4) : 8
(0,6,2,5,3,4,1) : 12
(0,6,2,5,4,1,3) : 2
(0,6,2,5,4,3,1) : 2
(0,6,3) : 22
(0,6,3,1) : 1
(0,6,3,1,2,4) : 1
(0,6,3,1,2,4,5) : 11
(0,6,3,1,2,5,4) : 21
(0,6,3,1,4,5,2) : 3
(0,6,3,1,5,2,4) : 11
(0,6,3,1,5,4,2) : 3
(0,6,3,2,1,4,5) : 7
(0,6,3,2,1,5) : 1
(0,6,3,2,1,5,4) : 18
(0,6,3,2,4) : 1
(0,6,3,2,4,1,5) : 1
(0,6,3,2,4,5,1) : 4
(0,6,3,2,5,1,4) : 24
(0,6,3,2,5,4,1) : 5
(0,6,3,4) : 1
(0,6,3,4,1,2,5) : 1
(0,6,3,4,1,5,2) : 2
(0,6,3,4,2,1,5) : 7
(0,6,3,4,2,5,1) : 3
(0,6,3,4,5,1,2) : 1
(0,6,3,4,5,2) : 2
(0,6,3,4,5,2,1) : 13
(0,6,3,5,1,2,4) : 8
(0,6,3,5,1,4,2) : 2
(0,6,3,5,2,1) : 1
(0,6,3,5,2,1,4) : 22
(0,6,3,5,2,4) : 1
(0,6,3,5,2,4,1) : 9
(0,6,3,5,4,1,2) : 2
(0,6,3,5,4,2,1) : 1
(0,6,4) : 5
(0,6,4,1,2,5,3) : 1
(0,6,4,1,5,2,3) : 1
(0,6,4,2,1,3,5) : 1
(0,6,4,2,3,5,1) : 2
(0,6,4,2,5,1,3) : 1
(0,6,4,2,5,3,1) : 3
(0,6,4,3) : 1
(0,6,4,3,1,2,5) : 4
(0,6,4,3,2,1,5) : 2
(0,6,4,3,2,5,1) : 4
(0,6,4,3,5,2,1) : 8
(0,6,4,5,2,1,3) : 4
(0,6,4,5,2,3,1) : 2
(0,6,4,5,3,1,2) : 1
(0,6,4,5,3,2,1) : 8
(0,6,5) : 3
(0,6,5,1,2,3) : 1
(0,6,5,1,2,3,4) : 14
(0,6,5,1,2,4,3) : 1
(0,6,5,1,3,2,4) : 5
(0,6,5,2) : 1
(0,6,5,2,1,3,4) : 25
(0,6,5,2,1,4,3) : 8
(0,6,5,2,3) : 1
(0,6,5,2,3,1) : 1
(0,6,5,2,3,1,4) : 24
(0,6,5,2,3,4,1) : 15
(0,6,5,2,4,1,3) : 3
(0,6,5,2,4,3,1) : 8
(0,6,5,3) : 2
(0,6,5,3,1,2,4) : 5
(0,6,5,3,1,4) : 1
(0,6,5,3,2,1,4) : 33
(0,6,5,3,2,4,1) : 5
(0,6,5,3,4,1,2) : 1
(0,6,5,3,4,2,1) : 8
(0,6,5,4,1,2,3) : 1
(0,6,5,4,1,3,2) : 1
(0,6,5,4,2,1,3) : 5
(0,6,5,4,2,3,1) : 4
(0,6,5,4,3,2,1) : 25
(1) : 540
(1,0) : 12
(1,0,2,3) : 1
(1,0,2,3,4,5,6) : 6
(1,0,2,3,4,6,5) : 1
(1,0,2,3,5,6,4) : 1
(1,0,2,4,3,5,6) : 1
(1,0,2,4,5,6,3) : 2
(1,0,2,5,6,3,4) : 1
(1,0,2,6,5,4,3) : 1
(1,0,3) : 1
(1,0,3,2,4,5,6) : 1
(1,0,3,2,5,4,6) : 2
(1,0,3,2,5,6,4) : 1
(1,0,3,2,6,5,4) : 1
(1,0,3,4,2,5,6) : 1
(1,0,3,4,5,6) : 1
(1,0,3,6,2,5,4) : 2
(1,0,3,6,5,2,4) : 2
(1,0,3,6,5,4,2) : 1
(1,0,4) : 4
(1,0,4,2,3,5,6) : 1
(1,0,4,2,3,6,5) : 1
(1,0,4,2,5,6,3) : 1
(1,0,4,3,2,5,6) : 1
(1,0,4,5,2,3,6) : 1
(1,0,4,5,6,3,2) : 1
(1,0,4,6,2,5,3) : 2
(1,0,4,6,3,5,2) : 1
(1,0,4,6,5,2,3) : 5
(1,0,4,6,5,3,2) : 1
(1,0,5,4,3,2,6) : 1
(1,0,5,6,4,2,3) : 1
(1,0,6,2,4,5,3) : 1
(1,0,6,3,2,5,4) : 1
(1,0,6,3,5,2,4) : 2
(1,0,6,3,5,4,2) : 1
(1,0,6,4,2,5,3) : 1
(1,0,6,5,2,4,3) : 1
(1,0,6,5,4,3,2) : 1
(1,2,0,3,4,5,6) : 1
(1,2,0,4,6,5,3) : 1
(1,2,0,5,4,3,6) : 1
(1,2,0,6,5,4,3) : 1
(1,2,3) : 1
(1,2,3,0,6,5,4) : 1
(1,2,3,4,0,6,5) : 1
(1,2,3,4,5,6,0) : 2
(1,2,3,4,6,5,0) : 1
(1,2,3,5,6,0,4) : 1
(1,2,4,3,0,5,6) : 1
(1,2,4,5,6,0,3) : 2
(1,2,5,6,0) : 1
(1,2,5,6,0,3,4) : 1
(1,2,5,6,3,4,0) : 1
(1,2,5,6,4,0,3) : 1
(1,2,6,5,0,4,3) : 1
(1,2,6,5,3,4) : 1
(1,3) : 4
(1,3,0) : 1
(1,3,0,4,2,5,6) : 1
(1,3,0,4,5,2,6) : 1
(1,3,0,4,6,5,2) : 1
(1,3,0,5,2,6,4) : 1
(1,3,0,6,2,5,4) : 1
(1,3,2,0,4,5,6) : 1
(1,3,4) : 1
(1,3,4,0,2,5,6) : 1
(1,3,4,0,6,2,5) : 1
(1,3,4,0,6,5,2) : 1
(1,3,5,2,4,0,6) : 1
(1,3,5,2,6,0,4) : 1
(1,3,6) : 1
(1,3,6,2,4,5,0) : 1
(1,3,6,5,0,2,4) : 1
(1,4) : 86
(1,4,0) : 9
(1,4,0,2,3,5,6) : 4
(1,4,0,2,3,6,5) : 1
(1,4,0,2,5) : 1
(1,4,0,2,5,3,6) : 2
(1,4,0,2,5,6,3) : 12
(1,4,0,2,6,5,3) : 1
(1,4,0,3,2,5) : 1
(1,4,0,3,2,5,6) : 1
(1,4,0,5,2,6,3) : 2
(1,4,0,5,3,6) : 1
(1,4,0,5,6,2,3) : 3
(1,4,0,6,2,3) : 1
(1,4,0,6,2,5,3) : 2
(1,4,0,6,3,2,5) : 2
(1,4,0,6,5,2) : 1
(1,4,0,6,5,2,3) : 5
(1,4,0,6,5,3,2) : 3
(1,4,2,0,3,5,6) : 1
(1,4,2,0,3,6,5) : 1
(1,4,2,0,5,6,3) : 2
(1,4,2,0,6,5,3) : 1
(1,4,2,3,5,6,0) : 2
(1,4,2,5,0,6,3) : 1
(1,4,2,5,3,0,6) : 1
(1,4,2,5,6,0) : 1
(1,4,2,5,6,0,3) : 4
(1,4,2,5,6,3,0) : 1
(1,4,2,6,3,5,0) : 1
(1,4,2,6,5,0,3) : 3
(1,4,2,6,5,3,0) : 2
(1,4,3) : 1
(1,4,3,0,2,5,6) : 1
(1,4,3,5,6,2,0) : 1
(1,4,3,6,0,2,5) : 1
(1,4,5,0,2,3,6) : 1
(1,4,5,0,2,6,3) : 1
(1,4,5,0,6,2,3) : 1
(1,4,5,2,0,6,3) : 3
(1,4,5,2,3,0,6) : 1
(1,4,5,2,3,6,0) : 1
(1,4,5,2,6,0,3) : 8
(1,4,5,2,6,3,0) : 2
(1,4,5,6,0,2,3) : 2
(1,4,5,6,2,0,3) : 1
(1,4,5,6,2,3,0) : 1
(1,4,5,6,3,2,0) : 1
(1,4,6) : 4
(1,4,6,0,2,3,5) : 1
(1,4,6,0,2,5,3) : 3
(1,4,6,0,3,5,2) : 1
(1,4,6,0,5,3,2) : 1
(1,4,6,2,0,3) : 1
(1,4,6,2,0,3,5) : 1
(1,4,6,2,5,0,3) : 7
(1,4,6,2,5,3,0) : 4
(1,4,6,5,2,0,3) : 8
(1,4,6,5,2,3,0) : 1
(1,4,6,5,3,2,0) : 2
(1,5,2,0,6,4,3) : 2
(1,5,2,6,0,4) : 1
(1,5,3,2,6,4,0) : 1
(1,5,4,2) : 1
(1,5,4,6,3,2,0) : 1
(1,5,6,0,2,3,4) : 1
(1,6) : 5
(1,6,0,2,3) : 1
(1,6,0,2,4,5,3) : 1
(1,6,0,2,5,3,4) : 1
(1,6,2,5,0,4,3) : 1
(1,6,2,5,3,0,4) : 1
(1,6,2,5,3,4,0) : 1
(1,6,2,5,4,0,3) : 1
(1,6,3,0,2,5,4) : 1
(1,6,3,4) : 1
(1,6,3,5,2,0,4) : 1
(1,6,4) : 2
(1,6,4,0,2,3,5) : 1
(1,6,4,0,5,2,3) : 1
(1,6,4,0,5,3,2) : 1
(1,6,4,2,5,0,3) : 2
(1,6,4,2,5,3,0) : 1
(1,6,5,0,2,3,4) : 1
(1,6,5,0,3,4) : 1
(1,6,5,0,4,2,3) : 1
(1,6,5,2,0,4,3) : 1
(1,6,5,2,3,0,4) : 2
(1,6,5,2,3,4,0) : 2
(1,6,5,2,4,0,3) : 4
(1,6,5,3,4,2,0) : 1
(1,6,5,4,2,3,0) : 1
(1,6,5,4,3,2,0) : 2
(2) : 233
(2,0) : 12
(2,0,1) : 1
(2,0,1,3,4,5,6) : 2
(2,0,1,3,5,6,4) : 1
(2,0,3,1) : 1
(2,0,3,4,5,6,1) : 1
(2,0,3,4,6,5,1) : 1
(2,0,3,5,1,4,6) : 1
(2,0,3,5,6,1,4) : 1
(2,0,3,6,1,5,4) : 1
(2,0,3,6,5,1,4) : 2
(2,0,3,6,5,4,1) : 1
(2,0,4) : 1
(2,0,4,1,3,5,6) : 1
(2,0,4,1,5,6) : 1
(2,0,4,1,5,6,3) : 1
(2,0,4,3,5,1,6) : 1
(2,0,4,6,5,1,3) : 1
(2,0,5,3,1,4,6) : 1
(2,0,5,6,1,3,4) : 2
(2,0,5,6,3,1,4) : 1
(2,0,6,5,1,3,4) : 2
(2,0,6,5,3,1,4) : 2
(2,0,6,5,4,3) : 1
(2,1) : 1
(2,1,0,3,4,5,6) : 3
(2,1,0,3,5,6,4) : 3
(2,1,0,4,3,5,6) : 1
(2,1,0,5,6,4,3) : 1
(2,1,4) : 1
(2,1,4,0,3,6,5) : 1
(2,1,4,3,6,5,0) : 1
(2,3) : 5
(2,3,0) : 4
(2,3,0,1,4,6,5) : 1
(2,3,0,5,6,4,1) : 2
(2,3,0,6,5,4,1) : 1
(2,3,1,0,4,5,6) : 1
(2,3,4,1) : 1
(2,3,4,5,1,0,6) : 1
(2,3,5,4,1,0,6) : 1
(2,3,5,6,4,0,1) : 1
(2,3,5,6,4,1,0) : 1
(2,3,6) : 2
(2,3,6,5,0,1,4) : 1
(2,3,6,5,1) : 1
(2,3,6,5,4,1,0) : 2
(2,4) : 5
(2,4,0) : 3
(2,4,0,1,3,5,6) : 2
(2,4,0,5,1,3,6) : 1
(2,4,0,5,1,6) : 1
(2,4,0,5,6,1) : 1
(2,4,1) : 1
(2,4,3,0,1,6) : 1
(2,4,5,6,1,0) : 1
(2,4,5,6,1,0,3) : 1
(2,4,5,6,1,3,0) : 1
(2,4,6) : 1
(2,4,6,1,3,5,0) : 1
(2,5) : 7
(2,5,0,1,3,6,4) : 1
(2,5,0,3,4,6,1) : 1
(2,5,0,4,3,1,6) : 1
(2,5,0,4,6,1,3) : 1
(2,5,0,6,4,1,3) : 1
(2,5,1,0,3,4,6) : 1
(2,5,1,0,3,6,4) : 1
(2,5,1,3,0,4,6) : 1
(2,5,1,6,3) : 1
(2,5,3,0,4,6,1) : 1
(2,5,3,6,1,0,4) : 1
(2,5,4) : 1
(2,5,4,0,6,3,1) : 1
(2,5,4,1,6,3,0) : 1
(2,5,4,3,1,6,0) : 1
(2,5,4,6,0,1,3) : 1
(2,5,6) : 1
(2,5,6,0,1,3,4) : 1
(2,5,6,0,1,4,3) : 1
(2,5,6,0,4,3,1) : 1
(2,5,6,1,0,3,4) : 1
(2,5,6,1,0,4,3) : 2
(2,5,6,1,3,4,0) : 1
(2,5,6,1,4,0,3) : 2
(2,5,6,1,4,3,0) : 1
(2,5,6,3,0,1,4) : 1
(2,5,6,3,0,4,1) : 2
(2,5,6,3,1) : 1
(2,5,6,3,1,0,4) : 2
(2,5,6,3,4,0,1) : 2
(2,5,6,3,4,1,0) : 1
(2,5,6,4,0,1) : 1
(2,5,6,4,0,3,1) : 1
(2,5,6,4,3,0,1) : 1
(2,5,6,4,3,1,0) : 1
(2,6,5,1,3,0,4) : 2
(2,6,5,1,3,4,0) : 2
(2,6,5,3,0,4,1) : 1
(2,6,5,4,3,1,0) : 1
(3) : 1727
(3,0) : 253
(3,0,1) : 2
(3,0,1,2) : 1
(3,0,1,2,4,5,6) : 14
(3,0,1,2,4,6,5) : 1
(3,0,1,2,5,4,6) : 2
(3,0,1,2,5,6,4) : 7
(3,0,1,2,6) : 1
(3,0,1,2,6,4,5) : 1
(3,0,1,2,6,5,4) : 2
(3,0,1,4,2,5) : 1
(3,0,1,4,2,5,6) : 6
(3,0,1,4,2,6,5) : 1
(3,0,1,4,5,2,6) : 1
(3,0,1,4,6,2,5) : 1
(3,0,1,4,6,5,2) : 1
(3,0,1,5,2,6,4) : 1
(3,0,1,5,4,2,6) : 2
(3,0,1,5,6,2) : 1
(3,0,1,5,6,4,2) : 1
(3,0,1,6) : 1
(3,0,1,6,2,4,5) : 1
(3,0,1,6,2,5,4) : 3
(3,0,1,6,4,5,2) : 1
(3,0,1,6,5,2,4) : 6
(3,0,1,6,5,4,2) : 2
(3,0,2) : 3
(3,0,2,1,4,5,6) : 2
(3,0,2,1,5,4,6) : 1
(3,0,2,1,5,6,4) : 5
(3,0,2,1,6,4,5) : 11
(3,0,2,1,6,5,4) : 4
(3,0,2,4) : 1
(3,0,2,4,1,5,6) : 1
(3,0,2,4,5,6,1) : 7
(3,0,2,4,6,1,5) : 1
(3,0,2,4,6,5,1) : 2
(3,0,2,5,1,4,6) : 6
(3,0,2,5,1,6,4) : 5
(3,0,2,5,4,1,6) : 3
(3,0,2,5,4,6) : 1
(3,0,2,5,4,6,1) : 6
(3,0,2,5,6,1,4) : 20
(3,0,2,5,6,4,1) : 23
(3,0,2,6) : 2
(3,0,2,6,1,4,5) : 1
(3,0,2,6,1,5,4) : 3
(3,0,2,6,4,1,5) : 1
(3,0,2,6,4,5,1) : 3
(3,0,2,6,5,1,4) : 9
(3,0,2,6,5,4,1) : 12
(3,0,4) : 14
(3,0,4,1,2,5,6) : 11
(3,0,4,1,5,2,6) : 1
(3,0,4,1,6) : 1
(3,0,4,1,6,5,2) : 3
(3,0,4,2) : 1
(3,0,4,2,1,6,5) : 1
(3,0,4,2,5,1,6) : 3
(3,0,4,2,5,6,1) : 15
(3,0,4,2,6,1,5) : 1
(3,0,4,2,6,5,1) : 175
(3,0,4,5) : 3
(3,0,4,5,1,2,6) : 1
(3,0,4,5,2,1,6) : 4
(3,0,4,5,2,6,1) : 7
(3,0,4,5,6,2) : 1
(3,0,4,5,6,2,1) : 9
(3,0,4,6) : 3
(3,0,4,6,1,2,5) : 2
(3,0,4,6,1,5,2) : 3
(3,0,4,6,2,5,1) : 2
(3,0,4,6,5,2,1) : 19
(3,0,5) : 1
(3,0,5,1,2,4,6) : 1
(3,0,5,1,2,6,4) : 1
(3,0,5,1,6,2,4) : 1
(3,0,5,2,1,4,6) : 4
(3,0,5,2,1,6,4) : 3
(3,0,5,2,4,1,6) : 2
(3,0,5,2,4,6,1) : 3
(3,0,5,2,6) : 1
(3,0,5,2,6,1) : 2
(3,0,5,2,6,1,4) : 11
(3,0,5,2,6,4,1) : 25
(3,0,5,4,1,2,6) : 1
(3,0,5,4,2,6,1) : 3
(3,0,5,4,6,1,2) : 1
(3,0,5,4,6,2,1) : 1
(3,0,5,6,1,2,4) : 3
(3,0,5,6,2) : 1
(3,0,5,6,2,1) : 1
(3,0,5,6,2,1,4) : 10
(3,0,5,6,2,4,1) : 7
(3,0,5,6,4,1,2) : 2
(3,0,5,6,4,2) : 1
(3,0,5,6,4,2,1) : 5
(3,0,6) : 11
(3,0,6,1) : 1
(3,0,6,1,2,4,5) : 2
(3,0,6,1,2,5,4) : 7
(3,0,6,1,4,5,2) : 1
(3,0,6,1,5,2,4) : 2
(3,0,6,1,5,4,2) : 2
(3,0,6,2,1,4,5) : 2
(3,0,6,2,1,5,4) : 2
(3,0,6,2,4,1,5) : 1
(3,0,6,2,4,5,1) : 1
(3,0,6,2,5,1,4) : 14
(3,0,6,2,5,4,1) : 10
(3,0,6,4) : 1
(3,0,6,4,2,1,5) : 1
(3,0,6,4,2,5,1) : 6
(3,0,6,4,5,2,1) : 3
(3,0,6,5,1,2,4) : 2
(3,0,6,5,1,4,2) : 1
(3,0,6,5,2,1) : 2
(3,0,6,5,2,1,4) : 28
(3,0,6,5,2,4,1) : 24
(3,0,6,5,4,1,2) : 2
(3,0,6,5,4,2,1) : 9
(3,1) : 6
(3,1,0) : 1
(3,1,0,2,4,6,5) : 1
(3,1,0,4) : 1
(3,1,0,5,6,2,4) : 1
(3,1,0,6,5,2) : 1
(3,1,2,5,6,4,0) : 1
(3,1,4) : 1
(3,1,4,0) : 2
(3,1,4,5,6,2,0) : 1
(3,1,5,0,2,4,6) : 1
(3,1,5,2,0,6,4) : 1
(3,1,5,6,0,2,4) : 1
(3,1,5,6,4,2,0) : 1
(3,1,6,0,4,5) : 1
(3,1,6,2,5,4,0) : 1
(3,1,6,4,5,0,2) : 1
(3,1,6,5,2,0,4) : 2
(3,2) : 3
(3,2,0,1,4,5,6) : 1
(3,2,0,4,1,5,6) : 1
(3,2,0,4,1,6,5) : 2
(3,2,0,4,5,6,1) : 1
(3,2,0,4,6,1,5) : 2
(3,2,0,4,6,5,1) : 1
(3,2,0,5,6,1,4) : 1
(3,2,0,5,6,4,1) : 1
(3,2,0,6,4,5,1) : 1
(3,2,1,0,4,5,6) : 5
(3,2,1,0,5,4,6) : 1
(3,2,1,4,0,5,6) : 1
(3,2,1,4,5,6,0) : 1
(3,2,4,0,1) : 1
(3,2,4,0,6,1,5) : 1
(3,2,4,0,6,5,1) : 1
(3,2,4,1,6,5,0) : 1
(3,2,4,5,1,0,6) : 2
(3,2,4,5,6,0,1) : 2
(3,2,4,5,6,1,0) : 1
(3,2,5) : 2
(3,2,5,0,6,4,1) : 3
(3,2,5,1,6,0,4) : 2
(3,2,5,1,6,4,0) : 1
(3,2,5,4,0,6,1) : 1
(3,2,5,6,0,1,4) : 3
(3,2,5,6,0,4,1) : 7
(3,2,5,6,1,0,4) : 2
(3,2,5,6,4,0,1) : 5
(3,2,5,6,4,1,0) : 2
(3,2,6,0,5,1,4) : 1
(3,2,6,5,0,4,1) : 1
(3,2,6,5,4,0,1) : 2
(3,4) : 29
(3,4,0) : 10
(3,4,0,1) : 1
(3,4,0,1,2,5,6) : 5
(3,4,0,1,2,6,5) : 1
(3,4,0,1,5,2,6) : 2
(3,4,0,1,6,2) : 1
(3,4,0,1,6,2,5) : 1
(3,4,0,1,6,5,2) : 4
(3,4,0,2,1,5) : 1
(3,4,0,2,1,5,6) : 1
(3,4,0,2,5,1,6) : 1
(3,4,0,2,5,6,1) : 4
(3,4,0,2,6,5,1) : 3
(3,4,0,5,2,6,1) : 4
(3,4,0,5,6,2,1) : 1
(3,4,0,6,1,2,5) : 2
(3,4,0,6,2,1,5) : 1
(3,4,0,6,2,5,1) : 1
(3,4,0,6,5,2,1) : 11
(3,4,1,0,5,2,6) : 2
(3,4,1,2,5) : 1
(3,4,1,2,5,6) : 1
(3,4,1,5,2,0,6) : 1
(3,4,1,6,2,5,0) : 1
(3,4,1,6,5,2,0) : 2
(3,4,2,0,1,5,6) : 1
(3,4,2,0,5,6,1) : 2
(3,4,2,1,0,5,6) : 3
(3,4,2,1,5,0,6) : 1
(3,4,2,1,6,5,0) : 1
(3,4,2,5,0,6,1) : 1
(3,4,2,5,1,0,6) : 1
(3,4,2,5,1,6,0) : 1
(3,4,2,5,6,1,0) : 2
(3,4,2,6,5,0,1) : 1
(3,4,2,6,5,1,0) : 2
(3,4,5,0,1,2,6) : 1
(3,4,5,0,2,6,1) : 1
(3,4,5,2,0,1,6) : 1
(3,4,5,2,1,0,6) : 1
(3,4,5,6,2) : 1
(3,4,5,6,2,0,1) : 1
(3,4,5,6,2,1,0) : 5
(3,4,6) : 3
(3,4,6,0,2,5,1) : 1
(3,4,6,0,5,2,1) : 2
(3,4,6,1) : 1
(3,4,6,1,2,0,5) : 1
(3,4,6,1,2,5,0) : 1
(3,4,6,1,5,2,0) : 1
(3,4,6,2,0,5,1) : 1
(3,4,6,2,1,5,0) : 1
(3,4,6,2,5,0,1) : 1
(3,4,6,2,5,1,0) : 1
(3,4,6,5,0,2,1) : 1
(3,4,6,5,1,2,0) : 1
(3,4,6,5,2,0,1) : 1
(3,4,6,5,2,1,0) : 5
(3,5) : 2
(3,5,0,6,2,4,1) : 2
(3,5,2) : 4
(3,5,2,0,1,6,4) : 1
(3,5,2,0,4,6,1) : 1
(3,5,2,0,6,1,4) : 2
(3,5,2,0,6,4,1) : 5
(3,5,2,1,0,4,6) : 2
(3,5,2,1,6,4,0) : 1
(3,5,2,4,0,1,6) : 1
(3,5,2,4,1,0,6) : 1
(3,5,2,6,0,4,1) : 4
(3,5,2,6,1,0,4) : 10
(3,5,2,6,1,4,0) : 2
(3,5,2,6,4,1,0) : 1
(3,5,4) : 1
(3,5,4,6,0,1,2) : 1
(3,5,4,6,2,1,0) : 1
(3,5,6,0,1,4,2) : 1
(3,5,6,0,2,4,1) : 2
(3,5,6,1,4,0,2) : 1
(3,5,6,2,0,4,1) : 1
(3,5,6,2,1,0,4) : 2
(3,5,6,2,1,4,0) : 1
(3,6) : 26
(3,6,0) : 3
(3,6,0,1,2,4,5) : 1
(3,6,0,1,2,5,4) : 1
(3,6,0,1,4,2,5) : 1
(3,6,0,1,5,2,4) : 1
(3,6,0,2,1,5,4) : 1
(3,6,0,2,5,1,4) : 4
(3,6,0,2,5,4,1) : 2
(3,6,0,4,1,2,5) : 2
(3,6,0,4,1,5,2) : 1
(3,6,0,4,2,1,5) : 1
(3,6,0,4,5,2,1) : 8
(3,6,0,5,1,2,4) : 1
(3,6,0,5,2,1,4) : 1
(3,6,0,5,2,4,1) : 2
(3,6,1) : 1
(3,6,1,0) : 1
(3,6,1,0,2,5,4) : 1
(3,6,1,0,4,5,2) : 1
(3,6,1,2,0,5,4) : 1
(3,6,1,2,5,4,0) : 1
(3,6,1,5,2,4,0) : 1
(3,6,2,5,0,1,4) : 1
(3,6,2,5,0,4,1) : 5
(3,6,2,5,1,0,4) : 2
(3,6,2,5,1,4,0) : 1
(3,6,2,5,4,0,1) : 2
(3,6,4) : 1
(3,6,4,0) : 1
(3,6,4,0,1,5,2) : 1
(3,6,4,0,2,5,1) : 2
(3,6,4,1,0,2,5) : 3
(3,6,4,2,5) : 1
(3,6,4,2,5,0,1) : 1
(3,6,4,2,5,1,0) : 1
(3,6,4,5) : 1
(3,6,4,5,1,2,0) : 1
(3,6,4,5,2,1,0) : 3
(3,6,5,0,2,1) : 1
(3,6,5,0,2,1,4) : 1
(3,6,5,0,2,4,1) : 1
(3,6,5,0,4,1,2) : 1
(3,6,5,1,2,0,4) : 2
(3,6,5,1,2,4,0) : 3
(3,6,5,2,0,1,4) : 5
(3,6,5,2,0,4,1) : 9
(3,6,5,2,1,0,4) : 8
(3,6,5,2,1,4,0) : 2
(3,6,5,2,4,0,1) : 2
(3,6,5,2,4,1,0) : 2
(3,6,5,4,0,2,1) : 2
(3,6,5,4,2,0,1) : 2
(3,6,5,4,2,1,0) : 1
(4) : 14600
(4,0) : 181
(4,0,1) : 6
(4,0,1,2) : 2
(4,0,1,2,3,5) : 1
(4,0,1,2,3,5,6) : 59
(4,0,1,2,3,6,5) : 1
(4,0,1,2,5,3,6) : 6
(4,0,1,2,5,6) : 4
(4,0,1,2,5,6,3) : 12
(4,0,1,2,6,3) : 1
(4,0,1,2,6,3,5) : 1
(4,0,1,2,6,5,3) : 4
(4,0,1,3,2,5,6) : 8
(4,0,1,3,2,6,5) : 1
(4,0,1,3,5,2,6) : 1
(4,0,1,3,6,2,5) : 2
(4,0,1,3,6,5,2) : 3
(4,0,1,5) : 1
(4,0,1,5,2,3,6) : 1
(4,0,1,5,2,6) : 1
(4,0,1,5,2,6,3) : 1
(4,0,1,5,3,2,6) : 3
(4,0,1,5,6,3,2) : 1
(4,0,1,6,2,3) : 1
(4,0,1,6,2,3,5) : 2
(4,0,1,6,2,5,3) : 3
(4,0,1,6,3,2) : 1
(4,0,1,6,3,2,5) : 1
(4,0,1,6,5,2,3) : 7
(4,0,2,1,3,5,6) : 9
(4,0,2,1,3,6,5) : 1
(4,0,2,1,5,3,6) : 1
(4,0,2,1,5,6,3) : 6
(4,0,2,1,6,3,5) : 1
(4,0,2,3) : 1
(4,0,2,3,1,5,6) : 2
(4,0,2,3,1,6,5) : 4
(4,0,2,3,5,6) : 1
(4,0,2,3,5,6,1) : 6
(4,0,2,3,6,5,1) : 1
(4,0,2,5,1,3,6) : 1
(4,0,2,5,1,6) : 2
(4,0,2,5,1,6,3) : 3
(4,0,2,5,3,1,6) : 2
(4,0,2,5,3,6,1) : 6
(4,0,2,5,6,1) : 1
(4,0,2,5,6,1,3) : 8
(4,0,2,5,6,3,1) : 9
(4,0,2,6,1,3) : 1
(4,0,2,6,1,3,5) : 1
(4,0,2,6,5,1) : 1
(4,0,2,6,5,1,3) : 2
(4,0,2,6,5,3,1) : 1
(4,0,3) : 18
(4,0,3,1,2,5,6) : 16
(4,0,3,1,5,2,6) : 1
(4,0,3,1,5,6,2) : 1
(4,0,3,1,6,2,5) : 5
(4,0,3,1,6,5,2) : 5
(4,0,3,2,1) : 1
(4,0,3,2,1,5,6) : 12
(4,0,3,2,5,1,6) : 4
(4,0,3,2,5,6) : 1
(4,0,3,2,5,6,1) : 10
(4,0,3,2,6,5,1) : 1
(4,0,3,5) : 1
(4,0,3,5,1,6,2) : 1
(4,0,3,5,2,1,6) : 4
(4,0,3,5,2,6,1) : 1
(4,0,3,5,6,2,1) : 5
(4,0,3,6,1,2,5) : 8
(4,0,3,6,2,1,5) : 1
(4,0,3,6,2,5,1) : 6
(4,0,3,6,5,1,2) : 1
(4,0,3,6,5,2) : 1
(4,0,3,6,5,2,1) : 19
(4,0,5,1,2,3,6) : 4
(4,0,5,1,3,2,6) : 2
(4,0,5,1,6,2,3) : 1
(4,0,5,2,1,3,6) : 3
(4,0,5,2,1,6,3) : 2
(4,0,5,2,3,1,6) : 2
(4,0,5,2,3,6,1) : 4
(4,0,5,2,6,1) : 1
(4,0,5,2,6,1,3) : 1
(4,0,5,2,6,3,1) : 4
(4,0,5,3,2,1,6) : 2
(4,0,5,6,1,2,3) : 1
(4,0,5,6,2,1,3) : 3
(4,0,5,6,2,3,1) : 1
(4,0,5,6,3,1,2) : 1
(4,0,5,6,3,2,1) : 2
(4,0,6) : 7
(4,0,6,1,2,3,5) : 6
(4,0,6,1,2,5,3) : 4
(4,0,6,1,3,2) : 2
(4,0,6,1,3,2,5) : 1
(4,0,6,1,3,5,2) : 1
(4,0,6,1,5,2,3) : 2
(4,0,6,2,1,3,5) : 1
(4,0,6,2,3,1) : 1
(4,0,6,2,3,5,1) : 2
(4,0,6,2,5,1) : 1
(4,0,6,2,5,1,3) : 5
(4,0,6,2,5,3,1) : 4
(4,0,6,3) : 2
(4,0,6,3,1) : 1
(4,0,6,3,1,2,5) : 1
(4,0,6,3,1,5,2) : 2
(4,0,6,3,2,1,5) : 3
(4,0,6,3,2,5,1) : 6
(4,0,6,3,5,2,1) : 7
(4,0,6,5,1,2,3) : 5
(4,0,6,5,2,1) : 1
(4,0,6,5,2,1,3) : 6
(4,0,6,5,2,3,1) : 10
(4,0,6,5,3,2,1) : 10
(4,1) : 170
(4,1,0) : 11
(4,1,0,2,3,5,6) : 9
(4,1,0,2,5,3,6) : 1
(4,1,0,2,5,6,3) : 12
(4,1,0,2,6,3,5) : 1
(4,1,0,2,6,5,3) : 4
(4,1,0,3,2,5,6) : 8
(4,1,0,3,2,6,5) : 1
(4,1,0,3,5,2,6) : 2
(4,1,0,3,5,6,2) : 3
(4,1,0,3,6,2,5) : 3
(4,1,0,3,6,5,2) : 7
(4,1,0,5,2,3,6) : 2
(4,1,0,5,2,6,3) : 1
(4,1,0,5,3,2,6) : 2
(4,1,0,5,3,6,2) : 1
(4,1,0,6) : 1
(4,1,0,6,2,5,3) : 1
(4,1,0,6,3,5,2) : 2
(4,1,0,6,5,2,3) : 10
(4,1,0,6,5,3,2) : 5
(4,1,2) : 1
(4,1,2,0) : 2
(4,1,2,0,3,5) : 1
(4,1,2,0,3,5,6) : 1
(4,1,2,0,5,3,6) : 4
(4,1,2,0,5,6) : 1
(4,1,2,0,5,6,3) : 1
(4,1,2,3,5,6) : 1
(4,1,2,3,5,6,0) : 11
(4,1,2,3,6,5,0) : 1
(4,1,2,5,0,3,6) : 1
(4,1,2,5,0,6) : 1
(4,1,2,5,0,6,3) : 2
(4,1,2,5,3,0,6) : 2
(4,1,2,5,3,6,0) : 5
(4,1,2,5,6,0) : 2
(4,1,2,5,6,0,3) : 17
(4,1,2,5,6,3,0) : 26
(4,1,2,6,3,5,0) : 1
(4,1,2,6,5,0,3) : 5
(4,1,2,6,5,3,0) : 9
(4,1,3) : 4
(4,1,3,0,2,5,6) : 3
(4,1,3,0,5,6,2) : 1
(4,1,3,0,6,5,2) : 3
(4,1,3,2,0,5,6) : 1
(4,1,3,2,0,6,5) : 1
(4,1,3,2,5,0,6) : 1
(4,1,3,2,5,6,0) : 4
(4,1,3,5) : 1
(4,1,3,5,2,0,6) : 1
(4,1,3,5,6,2,0) : 4
(4,1,3,6,0,5,2) : 1
(4,1,3,6,5,2,0) : 4
(4,1,5) : 2
(4,1,5,0,2,6,3) : 2
(4,1,5,0,3,6,2) : 1
(4,1,5,2,0,3,6) : 5
(4,1,5,2,0,6) : 2
(4,1,5,2,0,6,3) : 4
(4,1,5,2,3,0,6) : 5
(4,1,5,2,3,6,0) : 1
(4,1,5,2,6,0) : 1
(4,1,5,2,6,0,3) : 8
(4,1,5,2,6,3,0) : 7
(4,1,5,3,0,2,6) : 1
(4,1,5,3,2,0,6) : 2
(4,1,5,3,6,0,2) : 1
(4,1,5,3,6,2,0) : 1
(4,1,5,6,0,3,2) : 1
(4,1,5,6,2,0,3) : 7
(4,1,5,6,2,3,0) : 6
(4,1,5,6,3,2,0) : 3
(4,1,6) : 11
(4,1,6,0) : 1
(4,1,6,0,2,3,5) : 2
(4,1,6,0,2,5,3) : 5
(4,1,6,0,3,2) : 1
(4,1,6,0,3,2,5) : 2
(4,1,6,0,3,5,2) : 1
(4,1,6,0,5,2,3) : 5
(4,1,6,0,5,3,2) : 1
(4,1,6,2,0,3) : 1
(4,1,6,2,0,3,5) : 1
(4,1,6,2,0,5,3) : 5
(4,1,6,2,3,5,0) : 1
(4,1,6,2,5,0) : 1
(4,1,6,2,5,0,3) : 7
(4,1,6,2,5,3) : 1
(4,1,6,2,5,3,0) : 5
(4,1,6,3,0) : 2
(4,1,6,3,0,2,5) : 1
(4,1,6,3,0,5,2) : 2
(4,1,6,3,5,2,0) : 2
(4,1,6,5,0,2,3) : 4
(4,1,6,5,0,3) : 1
(4,1,6,5,0,3,2) : 2
(4,1,6,5,2,0,3) : 19
(4,1,6,5,2,3,0) : 20
(4,1,6,5,3,0,2) : 2
(4,1,6,5,3,2) : 1
(4,1,6,5,3,2,0) : 9
(4,2) : 8
(4,2,0) : 1
(4,2,0,1,3,5,6) : 2
(4,2,0,1,3,6,5) : 1
(4,2,0,1,5,6,3) : 1
(4,2,0,1,6,5,3) : 1
(4,2,0,3,5,6,1) : 2
(4,2,0,3,6,5,1) : 2
(4,2,0,5,3,6,1) : 1
(4,2,0,5,6,1,3) : 2
(4,2,0,6,1,5,3) : 1
(4,2,1,0,3,5,6) : 2
(4,2,1,0,5,3,6) : 1
(4,2,1,3,5,6,0) : 4
(4,2,1,3,6,5,0) : 1
(4,2,1,5,6,0) : 1
(4,2,1,5,6,0,3) : 2
(4,2,1,5,6,3,0) : 4
(4,2,1,6,5,0,3) : 1
(4,2,1,6,5,3,0) : 1
(4,2,3) : 1
(4,2,3,0,1,5,6) : 1
(4,2,3,0,5,6) : 1
(4,2,3,0,5,6,1) : 3
(4,2,3,1,0,6,5) : 1
(4,2,3,5,0,6,1) : 1
(4,2,3,5,1,6,0) : 2
(4,2,3,5,6,0,1) : 2
(4,2,3,5,6,1,0) : 9
(4,2,3,6) : 1
(4,2,3,6,5,1,0) : 1
(4,2,5) : 1
(4,2,5,0,1,6,3) : 1
(4,2,5,0,3,1,6) : 2
(4,2,5,0,3,6,1) : 1
(4,2,5,0,6,1,3) : 1
(4,2,5,0,6,3,1) : 2
(4,2,5,1) : 1
(4,2,5,1,0,3,6) : 1
(4,2,5,1,0,6,3) : 2
(4,2,5,1,3,0,6) : 1
(4,2,5,1,3,6,0) : 1
(4,2,5,1,6,0) : 1
(4,2,5,1,6,0,3) : 4
(4,2,5,1,6,3,0) : 4
(4,2,5,3,0,1,6) : 1
(4,2,5,3,0,6,1) : 1
(4,2,5,3,1,6,0) : 1
(4,2,5,3,6,1,0) : 1
(4,2,5,6,0,1,3) : 5
(4,2,5,6,0,3,1) : 1
(4,2,5,6,1,0) : 4
(4,2,5,6,1,0,3) : 5
(4,2,5,6,1,3,0) : 12
(4,2,5,6,3,0,1) : 6
(4,2,5,6,3,1,0) : 11
(4,2,6,0,1,3,5) : 1
(4,2,6,0,5,3,1) : 1
(4,2,6,1,5,3,0) : 1
(4,2,6,3,0,1,5) : 1
(4,2,6,5,0,3,1) : 1
(4,2,6,5,1,0) : 1
(4,2,6,5,1,0,3) : 3
(4,2,6,5,1,3,0) : 4
(4,2,6,5,3,0,1) : 2
(4,2,6,5,3,1,0) : 6
(4,3) : 85
(4,3,0) : 16
(4,3,0,1,2,5) : 1
(4,3,0,1,2,5,6) : 8
(4,3,0,1,2,6,5) : 2
(4,3,0,1,5,2,6) : 1
(4,3,0,1,5,6) : 1
(4,3,0,1,6,2,5) : 2
(4,3,0,1,6,5,2) : 5
(4,3,0,2,1,5,6) : 3
(4,3,0,2,5) : 1
(4,3,0,2,5,1,6) : 2
(4,3,0,2,5,6,1) : 5
(4,3,0,2,6,5,1) : 2
(4,3,0,5,2,1,6) : 2
(4,3,0,5,2,6,1) : 5
(4,3,0,5,6,2,1) : 2
(4,3,0,6) : 1
(4,3,0,6,1,2,5) : 3
(4,3,0,6,2,1,5) : 1
(4,3,0,6,2,5,1) : 4
(4,3,0,6,5,1,2) : 1
(4,3,0,6,5,2,1) : 17
(4,3,1) : 1
(4,3,1,0) : 1
(4,3,1,0,2,5,6) : 2
(4,3,1,0,2,6,5) : 1
(4,3,1,0,5,6) : 1
(4,3,1,0,5,6,2) : 1
(4,3,1,0,6,5,2) : 4
(4,3,1,2) : 1
(4,3,1,2,0,5,6) : 3
(4,3,1,2,5,0,6) : 1
(4,3,1,2,5,6,0) : 7
(4,3,1,2,6,0,5) : 1
(4,3,1,5,6,0,2) : 1
(4,3,1,5,6,2,0) : 2
(4,3,1,6) : 1
(4,3,1,6,0,2,5) : 2
(4,3,1,6,2,0) : 1
(4,3,1,6,2,0,5) : 1
(4,3,1,6,5,0) : 2
(4,3,1,6,5,2,0) : 3
(4,3,2) : 1
(4,3,2,0,1) : 1
(4,3,2,0,1,5,6) : 2
(4,3,2,0,5,6,1) : 3
(4,3,2,1) : 1
(4,3,2,1,0) : 1
(4,3,2,1,0,5,6) : 9
(4,3,2,1,0,6,5) : 3
(4,3,2,1,5,0,6) : 1
(4,3,2,1,5,6,0) : 2
(4,3,2,1,6,5,0) : 1
(4,3,2,5,0,1) : 1
(4,3,2,5,0,1,6) : 1
(4,3,2,5,0,6,1) : 1
(4,3,2,5,1,6,0) : 2
(4,3,2,5,6,0,1) : 7
(4,3,2,5,6,1,0) : 9
(4,3,2,6,0,5,1) : 1
(4,3,2,6,5,1,0) : 2
(4,3,5) : 2
(4,3,5,0,1,2,6) : 1
(4,3,5,0,2,6,1) : 4
(4,3,5,0,6,1,2) : 1
(4,3,5,0,6,2,1) : 1
(4,3,5,1,2,6,0) : 1
(4,3,5,1,6,0,2) : 1
(4,3,5,2,0,6,1) : 2
(4,3,5,2,1,0,6) : 2
(4,3,5,2,1,6,0) : 1
(4,3,5,2,6,0,1) : 1
(4,3,5,2,6,1,0) : 7
(4,3,5,6,0,2,1) : 1
(4,3,5,6,1,2,0) : 3
(4,3,5,6,2,0,1) : 4
(4,3,5,6,2,1,0) : 9
(4,3,6) : 6
(4,3,6,0) : 1
(4,3,6,0,1,2,5) : 2
(4,3,6,0,2,1,5) : 3
(4,3,6,0,2,5,1) : 1
(4,3,6,0,5,2,1) : 3
(4,3,6,1) : 1
(4,3,6,1,0,5,2) : 1
(4,3,6,1,2,5,0) : 2
(4,3,6,1,5,0) : 1
(4,3,6,1,5,0,2) : 1
(4,3,6,1,5,2,0) : 4
(4,3,6,2,0,5,1) : 1
(4,3,6,2,1,0) : 1
(4,3,6,2,1,0,5) : 1
(4,3,6,2,5,0,1) : 2
(4,3,6,2,5,1,0) : 3
(4,3,6,5,1,2,0) : 2
(4,3,6,5,2,0,1) : 8
(4,3,6,5,2,1,0) : 23
(4,5) : 10
(4,5,0) : 1
(4,5,0,1,2,3,6) : 1
(4,5,0,1,2,6,3) : 1
(4,5,0,1,6,2,3) : 1
(4,5,0,2,1,3,6) : 1
(4,5,0,2,6,1,3) : 1
(4,5,0,3) : 1
(4,5,0,6,2,1,3) : 1
(4,5,1) : 1
(4,5,1,0,6,2,3) : 1
(4,5,1,0,6,3,2) : 1
(4,5,1,2,0,6,3) : 1
(4,5,1,2,3,0,6) : 1
(4,5,1,2,3,6,0) : 3
(4,5,1,2,6,0,3) : 1
(4,5,1,2,6,3,0) : 2
(4,5,2) : 3
(4,5,2,0) : 1
(4,5,2,0,1,3,6) : 2
(4,5,2,0,1,6,3) : 1
(4,5,2,0,6,1) : 1
(4,5,2,0,6,1,3) : 2
(4,5,2,0,6,3,1) : 3
(4,5,2,1,0,3,6) : 3
(4,5,2,1,3,0,6) : 1
(4,5,2,1,3,6,0) : 1
(4,5,2,1,6,0) : 3
(4,5,2,1,6,0,3) : 4
(4,5,2,1,6,3,0) : 14
(4,5,2,3,0,1,6) : 2
(4,5,2,3,1,0,6) : 1
(4,5,2,3,6,0,1) : 1
(4,5,2,3,6,1,0) : 2
(4,5,2,6) : 1
(4,5,2,6,0,1,3) : 4
(4,5,2,6,0,3,1) : 1
(4,5,2,6,1,0) : 1
(4,5,2,6,1,0,3) : 3
(4,5,2,6,1,3,0) : 11
(4,5,2,6,3,0,1) : 2
(4,5,2,6,3,1,0) : 10
(4,5,3) : 1
(4,5,3,0,1,2,6) : 1
(4,5,3,1,2,0,6) : 3
(4,5,3,1,6,0) : 1
(4,5,3,2,0,1,6) : 2
(4,5,3,2,0,6,1) : 1
(4,5,3,2,1,0,6) : 2
(4,5,3,2,1,6,0) : 3
(4,5,3,2,6,0,1) : 1
(4,5,3,2,6,1,0) : 2
(4,5,3,6,0,1,2) : 1
(4,5,3,6,2,1,0) : 1
(4,5,6) : 4
(4,5,6,0,1,2,3) : 4
(4,5,6,0,2,1,3) : 1
(4,5,6,1,0,2,3) : 1
(4,5,6,1,2,0,3) : 1
(4,5,6,1,2,3,0) : 8
(4,5,6,2,0,1) : 1
(4,5,6,2,0,1,3) : 4
(4,5,6,2,0,3,1) : 2
(4,5,6,2,1,0) : 3
(4,5,6,2,1,0,3) : 5
(4,5,6,2,1,3,0) : 9
(4,5,6,2,3,0,1) : 3
(4,5,6,2,3,1,0) : 6
(4,5,6,3,1,2,0) : 2
(4,5,6,3,2,0,1) : 1
(4,5,6,3,2,1,0) : 27
(4,6) : 63
(4,6,0) : 5
(4,6,0,1,2,3,5) : 4
(4,6,0,1,2,5) : 1
(4,6,0,1,2,5,3) : 4
(4,6,0,1,3,2,5) : 2
(4,6,0,1,3,5,2) : 1
(4,6,0,1,5,3,2) : 1
(4,6,0,2,1,3,5) : 1
(4,6,0,2,1,5,3) : 1
(4,6,0,2,3,1,5) : 1
(4,6,0,2,5,3,1) : 1
(4,6,0,3,1,2,5) : 1
(4,6,0,3,2,5,1) : 1
(4,6,0,5,1,2,3) : 3
(4,6,0,5,1,3,2) : 1
(4,6,0,5,2,1,3) : 2
(4,6,0,5,2,3,1) : 1
(4,6,0,5,3,2,1) : 1
(4,6,1) : 2
(4,6,1,0,2,3) : 1
(4,6,1,0,2,3,5) : 1
(4,6,1,0,2,5,3) : 1
(4,6,1,0,5,2,3) : 2
(4,6,1,2,0,3) : 1
(4,6,1,2,0,5,3) : 3
(4,6,1,2,3,0) : 1
(4,6,1,2,3,5,0) : 8
(4,6,1,2,5) : 1
(4,6,1,2,5,0,3) : 6
(4,6,1,2,5,3,0) : 5
(4,6,1,3) : 1
(4,6,1,3,5,2,0) : 4
(4,6,1,5) : 1
(4,6,1,5,2,0,3) : 10
(4,6,1,5,2,3,0) : 4
(4,6,1,5,3,0,2) : 1
(4,6,1,5,3,2,0) : 1
(4,6,2) : 2
(4,6,2,0,1,3,5) : 1
(4,6,2,0,5,1) : 1
(4,6,2,0,5,3,1) : 1
(4,6,2,1,0,3) : 2
(4,6,2,1,0,3,5) : 1
(4,6,2,1,0,5) : 1
(4,6,2,1,5,0,3) : 3
(4,6,2,1,5,3,0) : 1
(4,6,2,3,0,5,1) : 1
(4,6,2,3,1,0,5) : 2
(4,6,2,3,5,0,1) : 4
(4,6,2,3,5,1,0) : 4
(4,6,2,5,0) : 1
(4,6,2,5,0,1) : 2
(4,6,2,5,0,1,3) : 3
(4,6,2,5,0,3,1) : 4
(4,6,2,5,1,0,3) : 5
(4,6,2,5,1,3,0) : 8
(4,6,2,5,3,0,1) : 3
(4,6,2,5,3,1) : 1
(4,6,2,5,3,1,0) : 8
(4,6,3) : 5
(4,6,3,0) : 1
(4,6,3,0,1,2,5) : 6
(4,6,3,0,2,5,1) : 2
(4,6,3,0,5,1,2) : 1
(4,6,3,1,0,2,5) : 4
(4,6,3,1,2,5,0) : 4
(4,6,3,1,5,2,0) : 1
(4,6,3,2,0,1,5) : 1
(4,6,3,2,1) : 1
(4,6,3,2,1,0) : 1
(4,6,3,2,1,5,0) : 2
(4,6,3,2,5,0,1) : 2
(4,6,3,2,5,1,0) : 2
(4,6,3,5,1,2,0) : 1
(4,6,3,5,2,0,1) : 1
(4,6,3,5,2,1,0) : 16
(4,6,5) : 3
(4,6,5,0,1,2,3) : 2
(4,6,5,0,3,2,1) : 1
(4,6,5,1,0,2,3) : 3
(4,6,5,1,2,0,3) : 2
(4,6,5,1,2,3,0) : 5
(4,6,5,1,3,0,2) : 1
(4,6,5,2,0,1) : 1
(4,6,5,2,0,1,3) : 10
(4,6,5,2,0,3,1) : 13
(4,6,5,2,1,0) : 2
(4,6,5,2,1,0,3) : 24
(4,6,5,2,1,3,0) : 28
(4,6,5,2,3,0,1) : 7
(4,6,5,2,3,1,0) : 8
(4,6,5,3) : 4
(4,6,5,3,0,1,2) : 2
(4,6,5,3,0,2,1) : 1
(4,6,5,3,1,2,0) : 1
(4,6,5,3,2,0,1) : 4
(4,6,5,3,2,1,0) : 37
(5) : 146
(5,0) : 1
(5,0,1,2,3,4,6) : 1
(5,0,1,3,2,4,6) : 1
(5,0,1,3,4,2,6) : 1
(5,0,1,3,6,2,4) : 1
(5,0,2) : 1
(5,0,2,1,6,4,3) : 1
(5,0,2,3,6,4,1) : 2
(5,0,2,4,3,1,6) : 1
(5,0,2,6,4,3,1) : 1
(5,0,3) : 1
(5,0,3,2,1,6,4) : 1
(5,0,3,4,1,2,6) : 1
(5,0,3,4,6,2,1) : 1
(5,0,3,6,4,2,1) : 1
(5,0,4,2,6,3,1) : 2
(5,0,4,6,2,1,3) : 1
(5,0,6,2,1,3,4) : 1
(5,0,6,2,1,4,3) : 1
(5,1,0) : 1
(5,1,3,2,4,6,0) : 1
(5,1,4,2,6,0) : 1
(5,1,4,6,0,2,3) : 1
(5,1,4,6,2,0,3) : 1
(5,1,6,4,0,2,3) : 1
(5,2) : 3
(5,2,0,3,4) : 1
(5,2,0,3,4,6,1) : 1
(5,2,0,4,1,3,6) : 1
(5,2,1,0,6,3,4) : 1
(5,2,1,6,3,0,4) : 1
(5,2,3,1,6,0,4) : 1
(5,2,3,4,6,0,1) : 1
(5,2,3,4,6,1,0) : 1
(5,2,3,6,4,0,1) : 1
(5,2,4,0,3,1,6) : 1
(5,2,4,6,0,3,1) : 1
(5,2,6,0,1,3,4) : 1
(5,2,6,0,4,3,1) : 3
(5,2,6,1,0,3,4) : 1
(5,2,6,1,3,0,4) : 2
(5,2,6,1,3,4,0) : 1
(5,2,6,1,4,0,3) : 2
(5,2,6,3) : 1
(5,2,6,3,0,4,1) : 2
(5,2,6,3,1,0,4) : 3
(5,2,6,3,4,0,1) : 1
(5,2,6,3,4,1,0) : 1
(5,2,6,4,1,3,0) : 1
(5,2,6,4,3,1,0) : 1
(5,3) : 3
(5,3,0,4,6,2,1) : 1
(5,3,2) : 2
(5,3,2,0,4,1) : 1
(5,3,2,1,6,4,0) : 1
(5,3,2,6,1,0,4) : 1
(5,4) : 4
(5,4,0,6,3,1,2) : 1
(5,4,1,0,6,2,3) : 2
(5,4,1,3,0,6,2) : 1
(5,4,2,0,6,3,1) : 2
(5,4,2,1,0,3,6) : 1
(5,4,3,2,1,0) : 1
(5,4,3,2,1,0,6) : 1
(5,4,3,2,1,6,0) : 1
(5,4,6,1,2,0,3) : 1
(5,6) : 3
(5,6,0,2,1,3,4) : 1
(5,6,0,3,4,2,1) : 1
(5,6,1,2,0,3,4) : 1
(5,6,2,0,3,4,1) : 1
(5,6,2,1,3,4,0) : 2
(5,6,2,3,0,4,1) : 1
(5,6,2,3,1,0,4) : 2
(5,6,2,3,4) : 1
(5,6,2,3,4,0,1) : 2
(5,6,3) : 1
(5,6,3,4,2,1,0) : 1
(5,6,4,2,0,3,1) : 1
(5,6,4,2,1,0,3) : 1
(5,6,4,2,1,3,0) : 1
(5,6,4,3,2,1,0) : 1
(6) : 684
(6,0) : 18
(6,0,1,2,3,4,5) : 2
(6,0,1,2,3,5,4) : 1
(6,0,1,2,4,3,5) : 1
(6,0,1,2,4,5,3) : 1
(6,0,1,3,4,5,2) : 1
(6,0,1,4,3,2,5) : 1
(6,0,2,3,1,5,4) : 1
(6,0,2,3,4,5,1) : 1
(6,0,2,4,1,3,5) : 1
(6,0,2,5,1,3,4) : 2
(6,0,2,5,3,4,1) : 1
(6,0,2,5,4,3,1) : 3
(6,0,3) : 5
(6,0,3,1,2,4,5) : 1
(6,0,3,1,2,5,4) : 1
(6,0,3,2,1,4,5) : 1
(6,0,3,2,1,5,4) : 1
(6,0,3,2,5,4,1) : 1
(6,0,3,4,1,2,5) : 1
(6,0,3,4,5,2,1) : 3
(6,0,3,5,1,2,4) : 1
(6,0,3,5,2,1,4) : 2
(6,0,3,5,4,2,1) : 3
(6,0,4) : 1
(6,0,4,1,3,2,5) : 1
(6,0,4,2,3,5,1) : 1
(6,0,4,3,1,2,5) : 2
(6,0,4,3,5,1,2) : 1
(6,0,4,3,5,2,1) : 1
(6,0,4,5,2,1,3) : 1
(6,0,4,5,3,2,1) : 2
(6,0,5,1,4,2,3) : 1
(6,0,5,2,1,3,4) : 1
(6,0,5,2,3,1,4) : 2
(6,0,5,2,4,3) : 1
(6,0,5,2,4,3,1) : 1
(6,0,5,3,2,1,4) : 2
(6,0,5,4,2,1,3) : 1
(6,1) : 1
(6,1,0,2,3,5,4) : 1
(6,1,2,3,5,4,0) : 1
(6,1,2,5,4,0,3) : 1
(6,1,3,2,4,0,5) : 1
(6,1,3,4,5,0) : 1
(6,1,4,0,3,2,5) : 1
(6,1,5,2,0,4,3) : 1
(6,2) : 2
(6,2,0,3,1,5,4) : 1
(6,2,1,0,3,4,5) : 1
(6,2,3,0,1,4,5) : 1
(6,2,3,4,5,0,1) : 1
(6,2,3,5,1,0,4) : 1
(6,2,3,5,1,4,0) : 1
(6,2,3,5,4,1,0) : 1
(6,2,4,1,5,3) : 1
(6,2,4,3,5,1,0) : 1
(6,2,5,0,3,4,1) : 1
(6,2,5,1,0,3,4) : 1
(6,2,5,1,4,0,3) : 1
(6,2,5,3,0,4,1) : 1
(6,2,5,3,1,0,4) : 1
(6,2,5,4,3,1,0) : 1
(6,3) : 13
(6,3,0) : 1
(6,3,0,4,2,5,1) : 2
(6,3,0,4,5,2,1) : 3
(6,3,0,5,2,1,4) : 1
(6,3,0,5,4,2,1) : 1
(6,3,1,0,5,2,4) : 1
(6,3,1,0,5,4,2) : 1
(6,3,1,2,5,0,4) : 1
(6,3,1,4,0,2,5) : 1
(6,3,1,5,2,0,4) : 3
(6,3,1,5,2,4,0) : 1
(6,3,2,0,1,4,5) : 1
(6,3,2,1,0,4,5) : 2
(6,3,2,5,0,4,1) : 2
(6,3,2,5,4,0,1) : 1
(6,3,2,5,4,1,0) : 2
(6,3,4) : 1
(6,3,4,1,0,2,5) : 1
(6,3,4,5,0,2,1) : 1
(6,3,4,5,1,2,0) : 1
(6,3,4,5,2,0,1) : 1
(6,3,4,5,2,1,0) : 3
(6,3,5,2,0,4,1) : 1
(6,3,5,2,1,0,4) : 3
(6,3,5,4,0,2,1) : 1
(6,3,5,4,2,0,1) : 1
(6,3,5,4,2,1,0) : 2
(6,4) : 8
(6,4,0) : 1
(6,4,0,1,2,5,3) : 1
(6,4,0,2,1,3,5) : 1
(6,4,0,2,5,1,3) : 1
(6,4,0,3,2,1,5) : 1
(6,4,0,5,2) : 1
(6,4,0,5,2,3,1) : 1
(6,4,0,5,3,2,1) : 1
(6,4,1,0,2,5,3) : 1
(6,4,1,2,5,0,3) : 1
(6,4,1,3,5,2,0) : 1
(6,4,1,5,3,2,0) : 1
(6,4,2,1,0,3,5) : 1
(6,4,2,3,0,1,5) : 1
(6,4,3) : 1
(6,4,3,0,1,2,5) : 2
(6,4,3,0,2,1,5) : 1
(6,4,3,2,5,0,1) : 1
(6,4,3,5,2,1,0) : 2
(6,4,5,0,1,2,3) : 1
(6,4,5,1,0,2) : 1
(6,4,5,2,0,3,1) : 1
(6,4,5,2,3,1,0) : 1
(6,4,5,3,0,2,1) : 1
(6,5) : 2
(6,5,0,2,4,1,3) : 1
(6,5,0,2,4,3,1) : 1
(6,5,0,3,2,1,4) : 1
(6,5,0,3,4,2,1) : 1
(6,5,0,4,2,1,3) : 2
(6,5,2) : 1
(6,5,2,0,1,3,4) : 1
(6,5,2,0,3,4,1) : 1
(6,5,2,0,4,3,1) : 1
(6,5,2,1,0,3,4) : 4
(6,5,2,1,0,4,3) : 1
(6,5,2,1,3,0,4) : 4
(6,5,2,1,3,4,0) : 1
(6,5,2,3,0,1,4) : 2
(6,5,2,3,0,4,1) : 3
(6,5,2,3,1,4,0) : 2
(6,5,2,3,4,1,0) : 3
(6,5,3,0,1,2,4) : 1
(6,5,3,2,0,1,4) : 1
(6,5,3,2,0,4,1) : 3
(6,5,3,2,1,4,0) : 1
(6,5,4,0,1,2,3) : 1
(6,5,4,2,1,0,3) : 2
(6,5,4,2,3,0,1) : 1
(6,5,4,2,3,1,0) : 1
(6,5,4,3,0,1,2) : 1
(6,5,4,3,2,0,1) : 1
(6,5,4,3,2,1) : 2
(6,5,4,3,2,1,0) : 13
