0, 1, 2, 3, 4
LAB,CDP,NLT,LIB,GRN
-+-+-+-+-
() : 22
(0) : 7060
(0,1) : 31
(0,1,2) : 13
(0,1,2,3) : 5
(0,1,2,3,4) : 362
(0,1,2,4) : 2
(0,1,2,4,3) : 224
(0,1,3) : 4
(0,1,3,2) : 2
(0,1,3,2,4) : 66
(0,1,3,4,2) : 38
(0,1,4) : 2
(0,1,4,2,3) : 96
(0,1,4,3) : 3
(0,1,4,3,2) : 39
(0,2) : 75
(0,2,1) : 2
(0,2,1,3) : 2
(0,2,1,3,4) : 139
(0,2,1,4,3) : 181
(0,2,3) : 4
(0,2,3,1) : 2
(0,2,3,1,4) : 87
(0,2,3,4,1) : 109
(0,2,4) : 9
(0,2,4,1) : 1
(0,2,4,1,3) : 227
(0,2,4,3) : 2
(0,2,4,3,1) : 135
(0,3) : 237
(0,3,1) : 7
(0,3,1,2) : 1
(0,3,1,2,4) : 201
(0,3,1,4,2) : 65
(0,3,2) : 10
(0,3,2,1) : 3
(0,3,2,1,4) : 211
(0,3,2,4,1) : 151
(0,3,4) : 26
(0,3,4,1) : 2
(0,3,4,1,2) : 147
(0,3,4,2) : 4
(0,3,4,2,1) : 369
(0,4) : 241
(0,4,1) : 4
(0,4,1,2) : 5
(0,4,1,2,3) : 366
(0,4,1,3) : 1
(0,4,1,3,2) : 48
(0,4,2) : 17
(0,4,2,1) : 2
(0,4,2,1,3) : 2578
(0,4,2,3) : 4
(0,4,2,3,1) : 412
(0,4,3) : 31
(0,4,3,1,2) : 107
(0,4,3,2) : 2
(0,4,3,2,1) : 507
(1) : 448
(1,0) : 5
(1,0,2) : 1
(1,0,2,3) : 2
(1,0,2,3,4) : 34
(1,0,2,4,3) : 13
(1,0,3) : 3
(1,0,3,2,4) : 21
(1,0,3,4) : 1
(1,0,3,4,2) : 10
(1,0,4,2,3) : 11
(1,0,4,3,2) : 5
(1,2) : 4
(1,2,0,3) : 1
(1,2,0,3,4) : 22
(1,2,0,4,3) : 9
(1,2,3) : 2
(1,2,3,0,4) : 25
(1,2,3,4,0) : 10
(1,2,4) : 1
(1,2,4,0,3) : 10
(1,2,4,3,0) : 6
(1,3) : 203
(1,3,0) : 1
(1,3,0,2) : 1
(1,3,0,2,4) : 106
(1,3,0,4) : 2
(1,3,0,4,2) : 27
(1,3,2) : 4
(1,3,2,0) : 1
(1,3,2,0,4) : 170
(1,3,2,4,0) : 38
(1,3,4) : 1
(1,3,4,0,2) : 11
(1,3,4,2,0) : 17
(1,4) : 3
(1,4,0,2,3) : 5
(1,4,0,3,2) : 3
(1,4,2,0,3) : 6
(1,4,2,3,0) : 6
(1,4,3) : 2
(1,4,3,0,2) : 2
(1,4,3,2,0) : 1
(2) : 621
(2,0) : 13
(2,0,1) : 1
(2,0,1,3,4) : 25
(2,0,1,4) : 1
(2,0,1,4,3) : 13
(2,0,3) : 4
(2,0,3,1) : 1
(2,0,3,1,4) : 27
(2,0,3,4,1) : 24
(2,0,4,1,3) : 11
(2,0,4,3,1) : 17
(2,1) : 6
(2,1,0,3,4) : 21
(2,1,0,4,3) : 6
(2,1,3,0,4) : 6
(2,1,3,4,0) : 8
(2,1,4,0,3) : 12
(2,1,4,3,0) : 9
(2,3) : 19
(2,3,0) : 1
(2,3,0,1,4) : 30
(2,3,0,4,1) : 11
(2,3,1,0,4) : 27
(2,3,1,4,0) : 5
(2,3,4,0,1) : 14
(2,3,4,1,0) : 14
(2,4) : 5
(2,4,0,1,3) : 6
(2,4,0,3) : 1
(2,4,0,3,1) : 16
(2,4,1,0,3) : 10
(2,4,1,3,0) : 7
(2,4,3,0,1) : 10
(2,4,3,1,0) : 3
(3) : 18497
(3,0) : 317
(3,0,1) : 10
(3,0,1,2) : 5
(3,0,1,2,4) : 475
(3,0,1,4) : 10
(3,0,1,4,2) : 120
(3,0,2) : 9
(3,0,2,1) : 2
(3,0,2,1,4) : 271
(3,0,2,4) : 1
(3,0,2,4,1) : 232
(3,0,4) : 33
(3,0,4,1) : 1
(3,0,4,1,2) : 179
(3,0,4,2) : 7
(3,0,4,2,1) : 420
(3,1) : 1642
(3,1,0) : 6
(3,1,0,2) : 3
(3,1,0,2,4) : 305
(3,1,0,4) : 22
(3,1,0,4,2) : 93
(3,1,2) : 16
(3,1,2,0) : 10
(3,1,2,0,4) : 597
(3,1,2,4) : 3
(3,1,2,4,0) : 524
(3,1,4) : 3
(3,1,4,0) : 12
(3,1,4,0,2) : 72
(3,1,4,2,0) : 164
(3,2) : 136
(3,2,0) : 11
(3,2,0,1) : 2
(3,2,0,1,4) : 207
(3,2,0,4) : 3
(3,2,0,4,1) : 94
(3,2,1) : 11
(3,2,1,0) : 5
(3,2,1,0,4) : 416
(3,2,1,4) : 1
(3,2,1,4,0) : 381
(3,2,4) : 6
(3,2,4,0) : 3
(3,2,4,0,1) : 116
(3,2,4,1) : 1
(3,2,4,1,0) : 214
(3,4) : 125
(3,4,0) : 18
(3,4,0,1) : 4
(3,4,0,1,2) : 173
(3,4,0,2,1) : 195
(3,4,1) : 5
(3,4,1,0) : 1
(3,4,1,0,2) : 38
(3,4,1,2) : 2
(3,4,1,2,0) : 92
(3,4,2) : 10
(3,4,2,0,1) : 150
(3,4,2,1) : 3
(3,4,2,1,0) : 311
(4) : 1088
(4,0) : 257
(4,0,1) : 1
(4,0,1,2,3) : 60
(4,0,1,3,2) : 14
(4,0,2) : 4
(4,0,2,1,3) : 164
(4,0,2,3) : 1
(4,0,2,3,1) : 217
(4,0,3) : 19
(4,0,3,1,2) : 63
(4,0,3,2) : 1
(4,0,3,2,1) : 254
(4,1) : 5
(4,1,0) : 1
(4,1,0,2,3) : 11
(4,1,0,3,2) : 7
(4,1,2,0,3) : 9
(4,1,2,3,0) : 9
(4,1,3,0,2) : 3
(4,1,3,2,0) : 1
(4,2) : 14
(4,2,0,1,3) : 21
(4,2,0,3,1) : 42
(4,2,1,0,3) : 32
(4,2,1,3,0) : 15
(4,2,3) : 1
(4,2,3,0) : 3
(4,2,3,0,1) : 17
(4,2,3,1,0) : 14
(4,3) : 39
(4,3,0) : 8
(4,3,0,1,2) : 41
(4,3,0,2) : 1
(4,3,0,2,1) : 88
(4,3,1,0,2) : 7
(4,3,1,2,0) : 11
(4,3,2) : 2
(4,3,2,0,1) : 27
(4,3,2,1,0) : 28
