0, 1, 2, 3, 4, 5, 6, 7
LAB,IND,NLT,LIB,CDP,GRN,IND,IND
-+-+-+-+-
() : 145
(0) : 3805
(0,1) : 203
(0,1,2) : 1
(0,1,2,3) : 1
(0,1,2,3,5,6,7,4) : 1
(0,1,2,3,6,7,4,5) : 1
(0,1,2,4,7,5,6,3) : 1
(0,1,2,5) : 1
(0,1,2,5,4,6,7,3) : 1
(0,1,2,5,4,7,6,3) : 1
(0,1,2,5,6,3,7,4) : 1
(0,1,2,5,6,7,3) : 1
(0,1,2,5,6,7,3,4) : 1
(0,1,2,5,6,7,4,3) : 2
(0,1,2,5,7,3,6,4) : 1
(0,1,2,5,7,4,3,6) : 1
(0,1,2,6,3,5,4,7) : 1
(0,1,2,6,3,7,4,5) : 3
(0,1,2,6,3,7,5,4) : 1
(0,1,2,6,5,3,7,4) : 1
(0,1,2,6,5,4,7,3) : 1
(0,1,2,6,5,7,3,4) : 1
(0,1,2,6,7,3,4,5) : 1
(0,1,2,6,7,5,3,4) : 2
(0,1,2,6,7,5,4,3) : 5
(0,1,2,7,3,4,5,6) : 1
(0,1,2,7,4,5,6,3) : 1
(0,1,2,7,6,3,5,4) : 1
(0,1,3) : 11
(0,1,3,2,6,5,4,7) : 1
(0,1,3,2,7,6,5,4) : 1
(0,1,3,4) : 1
(0,1,3,4,5,6,2) : 1
(0,1,3,4,5,7,2,6) : 1
(0,1,3,4,5,7,6,2) : 1
(0,1,3,4,7,6,5) : 1
(0,1,3,5) : 1
(0,1,3,5,2,6,7,4) : 1
(0,1,3,5,6,2,4,7) : 1
(0,1,3,5,6,2,7,4) : 7
(0,1,3,5,6,7,2,4) : 4
(0,1,3,5,7,4,2,6) : 1
(0,1,3,5,7,6,2,4) : 2
(0,1,3,6,2) : 1
(0,1,3,6,2,5,7,4) : 1
(0,1,3,6,2,7,4,5) : 1
(0,1,3,6,2,7,5,4) : 5
(0,1,3,6,5,2,7,4) : 1
(0,1,3,6,5,4,7,2) : 1
(0,1,3,6,5,7,2,4) : 2
(0,1,3,6,5,7,4,2) : 1
(0,1,3,6,7,2,4,5) : 1
(0,1,3,6,7,2,5,4) : 1
(0,1,3,6,7,4,2,5) : 1
(0,1,3,6,7,5,2,4) : 2
(0,1,3,6,7,5,4) : 1
(0,1,3,7,5,2,6,4) : 2
(0,1,3,7,6,4,5,2) : 1
(0,1,4) : 1
(0,1,4,3,6,2,7,5) : 1
(0,1,4,5,2,7,6,3) : 1
(0,1,4,5,6,2,7,3) : 1
(0,1,4,5,6,7,2,3) : 1
(0,1,4,6,7,5,2,3) : 1
(0,1,5) : 119
(0,1,5,2) : 1
(0,1,5,2,3,6,7,4) : 4
(0,1,5,2,6,3,7,4) : 2
(0,1,5,2,6,4,7,3) : 2
(0,1,5,2,6,7,3,4) : 7
(0,1,5,2,6,7,4,3) : 4
(0,1,5,2,7,3,6,4) : 1
(0,1,5,2,7,4,6,3) : 1
(0,1,5,2,7,6,3,4) : 3
(0,1,5,2,7,6,4,3) : 1
(0,1,5,3) : 6
(0,1,5,3,2,6,7,4) : 3
(0,1,5,3,2,7,6,4) : 1
(0,1,5,3,6,2,4,7) : 2
(0,1,5,3,6,2,7,4) : 12
(0,1,5,3,6,4,7,2) : 1
(0,1,5,3,6,7,2,4) : 11
(0,1,5,3,6,7,4) : 1
(0,1,5,3,6,7,4,2) : 2
(0,1,5,3,7,4,2,6) : 1
(0,1,5,3,7,4,6,2) : 1
(0,1,5,3,7,6,2,4) : 3
(0,1,5,3,7,6,4,2) : 1
(0,1,5,4) : 1
(0,1,5,4,2,6,3,7) : 1
(0,1,5,4,2,7,6,3) : 1
(0,1,5,4,3,2,7,6) : 1
(0,1,5,4,6,2,7,3) : 1
(0,1,5,4,6,7,2,3) : 1
(0,1,5,4,6,7,3) : 1
(0,1,5,4,7,2,3) : 1
(0,1,5,4,7,3,2,6) : 2
(0,1,5,4,7,6,2,3) : 2
(0,1,5,6) : 15
(0,1,5,6,2,3,4,7) : 4
(0,1,5,6,2,3,7,4) : 19
(0,1,5,6,2,4,7,3) : 6
(0,1,5,6,2,7,3,4) : 26
(0,1,5,6,2,7,4,3) : 35
(0,1,5,6,3) : 1
(0,1,5,6,3,2,4,7) : 2
(0,1,5,6,3,2,7,4) : 10
(0,1,5,6,3,4,7,2) : 1
(0,1,5,6,3,7,2,4) : 7
(0,1,5,6,3,7,4,2) : 1
(0,1,5,6,4,2,7,3) : 1
(0,1,5,6,4,3,7,2) : 1
(0,1,5,6,4,7,2,3) : 4
(0,1,5,6,7) : 1
(0,1,5,6,7,2,3,4) : 28
(0,1,5,6,7,2,4,3) : 8
(0,1,5,6,7,3,2,4) : 10
(0,1,5,6,7,3,4,2) : 4
(0,1,5,6,7,4,2,3) : 4
(0,1,5,6,7,4,3,2) : 1
(0,1,5,7,2,4,6,3) : 1
(0,1,5,7,2,6,3,4) : 5
(0,1,5,7,2,6,4,3) : 2
(0,1,5,7,3,2,6,4) : 3
(0,1,5,7,3,4,2,6) : 1
(0,1,5,7,3,6,2,4) : 4
(0,1,5,7,3,6,4,2) : 2
(0,1,5,7,4,2,3,6) : 2
(0,1,5,7,4,6,2,3) : 2
(0,1,5,7,6,2,3,4) : 13
(0,1,5,7,6,2,4,3) : 6
(0,1,5,7,6,3,2,4) : 4
(0,1,5,7,6,4,2,3) : 1
(0,1,6) : 9
(0,1,6,2) : 2
(0,1,6,2,3,7,4) : 1
(0,1,6,2,3,7,4,5) : 10
(0,1,6,2,4,5,3,7) : 1
(0,1,6,2,4,5,7,3) : 1
(0,1,6,2,5,3) : 1
(0,1,6,2,5,3,4,7) : 1
(0,1,6,2,5,4,7,3) : 4
(0,1,6,2,5,7,3,4) : 1
(0,1,6,2,5,7,4,3) : 1
(0,1,6,2,7,3,4,5) : 3
(0,1,6,2,7,3,5,4) : 1
(0,1,6,2,7,4,3,5) : 1
(0,1,6,2,7,4,5,3) : 6
(0,1,6,2,7,5,3,4) : 6
(0,1,6,2,7,5,4,3) : 5
(0,1,6,3) : 2
(0,1,6,3,2,4,7,5) : 1
(0,1,6,3,2,5,7,4) : 1
(0,1,6,3,2,7,4,5) : 4
(0,1,6,3,4,5,7,2) : 1
(0,1,6,3,5,4,2,7) : 2
(0,1,6,3,5,4,7,2) : 3
(0,1,6,3,5,7,2,4) : 1
(0,1,6,3,5,7,4,2) : 3
(0,1,6,3,7,2,4,5) : 1
(0,1,6,3,7,2,5,4) : 1
(0,1,6,3,7,4,5) : 1
(0,1,6,4,5,7,3,2) : 1
(0,1,6,5) : 3
(0,1,6,5,2,3,4,7) : 1
(0,1,6,5,2,3,7,4) : 2
(0,1,6,5,2,4,7,3) : 2
(0,1,6,5,2,7,3,4) : 2
(0,1,6,5,2,7,4,3) : 4
(0,1,6,5,3,2,7,4) : 7
(0,1,6,5,3,7,2,4) : 3
(0,1,6,5,4,7,2,3) : 3
(0,1,6,5,4,7,3,2) : 2
(0,1,6,5,7,2,3,4) : 6
(0,1,6,5,7,2,4,3) : 4
(0,1,6,5,7,3,2,4) : 1
(0,1,6,5,7,4,2,3) : 1
(0,1,6,7,2,3,4,5) : 1
(0,1,6,7,2,3,5,4) : 1
(0,1,6,7,2,4,3,5) : 1
(0,1,6,7,2,5,3,4) : 2
(0,1,6,7,3,2,5,4) : 1
(0,1,6,7,4,2,5,3) : 1
(0,1,6,7,4,5,2,3) : 1
(0,1,6,7,5,2,4,3) : 2
(0,1,6,7,5,3,4,2) : 1
(0,1,6,7,5,4,2,3) : 2
(0,1,6,7,5,4,3,2) : 1
(0,1,7) : 3
(0,1,7,2,3,6) : 1
(0,1,7,2,6,5,3,4) : 2
(0,1,7,2,6,5,4,3) : 1
(0,1,7,3,2,5,6,4) : 1
(0,1,7,3,5,2,6,4) : 1
(0,1,7,4,6,5,2,3) : 1
(0,1,7,5,2,6,3,4) : 1
(0,1,7,5,2,6,4,3) : 1
(0,1,7,5,6,2,3,4) : 2
(0,1,7,6,2,3,4,5) : 1
(0,1,7,6,2,5,3,4) : 1
(0,1,7,6,3,5,2,4) : 1
(0,1,7,6,5,2,3,4) : 1
(0,2) : 27
(0,2,1) : 2
(0,2,1,3,7,4,5,6) : 1
(0,2,1,3,7,4,6,5) : 1
(0,2,1,4,5,6,7,3) : 1
(0,2,1,6,3,5,7,4) : 1
(0,2,1,6,3,7,4,5) : 1
(0,2,1,6,5,3,7,4) : 1
(0,2,1,6,5,4,7,3) : 4
(0,2,1,6,5,7,4,3) : 1
(0,2,1,6,7,5,4,3) : 1
(0,2,3) : 3
(0,2,3,4,5,7,1,6) : 1
(0,2,3,5,4,7,1,6) : 2
(0,2,3,5,6,1,7,4) : 1
(0,2,3,6,1,7,4,5) : 2
(0,2,4) : 1
(0,2,4,5,7,6,1,3) : 1
(0,2,4,6,1,7,5,3) : 1
(0,2,4,7,1,6,5,3) : 1
(0,2,5) : 3
(0,2,5,1,3,6,4,7) : 1
(0,2,5,1,6,4,3) : 1
(0,2,5,1,6,4,7,3) : 2
(0,2,5,3,1,6,7,4) : 1
(0,2,5,3,6,1,7,4) : 1
(0,2,5,3,7,4,6,1) : 1
(0,2,5,4,3,1,6,7) : 1
(0,2,5,4,7,3,1,6) : 2
(0,2,5,4,7,6,1,3) : 1
(0,2,5,6,1,3) : 1
(0,2,5,6,1,3,7,4) : 3
(0,2,5,6,1,4,7,3) : 2
(0,2,5,6,1,7,3,4) : 1
(0,2,5,6,7,1,4,3) : 1
(0,2,6) : 1
(0,2,6,1,3,7,4,5) : 1
(0,2,6,1,3,7,5,4) : 1
(0,2,6,1,4,5,7,3) : 1
(0,2,6,1,5,4,7,3) : 1
(0,2,6,1,5,7,3,4) : 1
(0,2,6,1,5,7,4,3) : 1
(0,2,6,1,7,4,3,5) : 2
(0,2,6,1,7,4,5,3) : 2
(0,2,7,3,6,1,5,4) : 1
(0,2,7,4,6,1,5) : 1
(0,2,7,4,6,1,5,3) : 1
(0,2,7,5) : 1
(0,2,7,5,4,1,6,3) : 1
(0,2,7,6,4,5,1) : 1
(0,3) : 63
(0,3,1) : 4
(0,3,1,2,6,7,4,5) : 1
(0,3,1,4,7,5,6,2) : 1
(0,3,1,5) : 1
(0,3,1,5,2,6,7,4) : 1
(0,3,1,5,4,2,6,7) : 1
(0,3,1,5,4,6,2,7) : 1
(0,3,1,5,6,2,7) : 1
(0,3,1,5,6,2,7,4) : 2
(0,3,1,5,7,6,2,4) : 1
(0,3,1,6) : 1
(0,3,1,6,2) : 1
(0,3,1,6,2,4,5) : 1
(0,3,1,6,2,5,4,7) : 1
(0,3,1,6,2,7,4,5) : 2
(0,3,1,6,2,7,5,4) : 1
(0,3,1,6,4,7,5,2) : 1
(0,3,1,6,5,2,7,4) : 3
(0,3,1,6,5,7,2,4) : 2
(0,3,1,6,7,2,4,5) : 1
(0,3,1,6,7,4,5,2) : 1
(0,3,1,7) : 1
(0,3,1,7,4,5,2,6) : 1
(0,3,1,7,6,2,5,4) : 1
(0,3,2) : 1
(0,3,2,1,6,7,4,5) : 2
(0,3,2,5,1,6,7,4) : 1
(0,3,2,5,6,1,4,7) : 1
(0,3,2,6,1,5,4,7) : 2
(0,3,2,6,1,7,5,4) : 1
(0,3,2,7) : 1
(0,3,2,7,1,5,4,6) : 1
(0,3,2,7,4,1,6,5) : 1
(0,3,4) : 1
(0,3,4,2,6,1,7,5) : 1
(0,3,4,2,6,5,7,1) : 1
(0,3,4,5,1,6,2,7) : 1
(0,3,4,5,2,6,1) : 1
(0,3,4,5,6,1,2) : 1
(0,3,4,5,6,1,7) : 1
(0,3,4,5,7,6,1,2) : 1
(0,3,4,6,7,2,1,5) : 1
(0,3,4,7) : 1
(0,3,4,7,2,1,6,5) : 3
(0,3,4,7,2,5,1,6) : 1
(0,3,4,7,2,6,5,1) : 1
(0,3,4,7,5,2,1,6) : 2
(0,3,4,7,5,6,1,2) : 1
(0,3,5) : 14
(0,3,5,1) : 1
(0,3,5,1,2,6,7,4) : 1
(0,3,5,1,2,7,6,4) : 1
(0,3,5,1,6,2,4,7) : 1
(0,3,5,1,6,2,7,4) : 6
(0,3,5,1,6,7,2,4) : 2
(0,3,5,1,6,7,4) : 1
(0,3,5,1,6,7,4,2) : 1
(0,3,5,1,7,6,2,4) : 1
(0,3,5,2,4,7,1,6) : 1
(0,3,5,4,1,6,2,7) : 2
(0,3,5,4,2,1,6,7) : 1
(0,3,5,4,6,1,2,7) : 1
(0,3,5,4,7,6,1,2) : 1
(0,3,5,6,1) : 1
(0,3,5,6,1,2) : 1
(0,3,5,6,1,2,4,7) : 2
(0,3,5,6,1,2,7,4) : 12
(0,3,5,6,1,4,2,7) : 2
(0,3,5,6,1,7,2,4) : 2
(0,3,5,6,2,7,4,1) : 1
(0,3,5,7,4,2,1,6) : 1
(0,3,5,7,6,1,2,4) : 1
(0,3,6,1) : 1
(0,3,6,1,2,4,7,5) : 1
(0,3,6,1,2,5,4,7) : 1
(0,3,6,1,2,7,4,5) : 4
(0,3,6,1,2,7,5,4) : 1
(0,3,6,1,4,5,2,7) : 1
(0,3,6,1,4,7,2,5) : 1
(0,3,6,1,5) : 1
(0,3,6,1,5,2,7,4) : 3
(0,3,6,1,5,7,4,2) : 1
(0,3,6,1,7,4,5,2) : 1
(0,3,6,1,7,5,2,4) : 1
(0,3,6,2,1,7,4,5) : 1
(0,3,6,5,1,2,4,7) : 1
(0,3,6,7,4,2,5,1) : 1
(0,3,6,7,5,2,1,4) : 1
(0,3,7) : 1
(0,3,7,1,2,6,4,5) : 1
(0,3,7,1,6,2,5,4) : 1
(0,3,7,4,1,6,2,5) : 1
(0,3,7,4,2,6,1,5) : 1
(0,3,7,4,5,2,1,6) : 1
(0,3,7,4,6,5,2,1) : 1
(0,3,7,6,1,2,4,5) : 1
(0,3,7,6,1,2,5,4) : 2
(0,3,7,6,1,5,2,4) : 1
(0,3,7,6,4,2,1,5) : 1
(0,4) : 5
(0,4,1,2,3,6,5,7) : 1
(0,4,1,6,7,5,2,3) : 1
(0,4,2) : 1
(0,4,2,1,6,5,7,3) : 1
(0,4,2,1,6,7,3,5) : 1
(0,4,2,6,1,3,7,5) : 2
(0,4,3) : 2
(0,4,3,5,6,1,2,7) : 1
(0,4,3,6,1,2,7,5) : 1
(0,4,5) : 3
(0,4,5,1,6,2,7,3) : 1
(0,4,5,2,7,6,3,1) : 1
(0,4,5,3,1,2,6,7) : 1
(0,4,5,6,1,7,3,2) : 1
(0,4,6,1,2,3,7,5) : 1
(0,4,6,1,5,7,2,3) : 1
(0,4,6,1,7,5,2,3) : 1
(0,4,6,5) : 1
(0,4,7,2,1,6,3,5) : 1
(0,4,7,2,5,6,1,3) : 1
(0,4,7,2,6,3,5,1) : 1
(0,4,7,3,2,1,6,5) : 1
(0,5) : 310
(0,5,1) : 69
(0,5,1,2) : 2
(0,5,1,2,6) : 1
(0,5,1,2,6,3,4,7) : 1
(0,5,1,2,6,3,7,4) : 5
(0,5,1,2,6,7,3,4) : 4
(0,5,1,2,6,7,4,3) : 6
(0,5,1,2,7,3,4,6) : 1
(0,5,1,2,7,4,3,6) : 1
(0,5,1,2,7,6,3,4) : 1
(0,5,1,2,7,6,4,3) : 3
(0,5,1,3) : 2
(0,5,1,3,2,6,7,4) : 3
(0,5,1,3,6,2,7,4) : 3
(0,5,1,3,6,4,7) : 1
(0,5,1,3,6,7,2,4) : 7
(0,5,1,3,6,7,4,2) : 1
(0,5,1,3,7,4,2,6) : 1
(0,5,1,3,7,6,2,4) : 1
(0,5,1,4) : 1
(0,5,1,4,2,6,7,3) : 1
(0,5,1,4,6,2,7,3) : 1
(0,5,1,4,6,3,7,2) : 1
(0,5,1,6) : 17
(0,5,1,6,2) : 1
(0,5,1,6,2,3,4,7) : 3
(0,5,1,6,2,3,7,4) : 11
(0,5,1,6,2,4,3,7) : 1
(0,5,1,6,2,4,7,3) : 9
(0,5,1,6,2,7,3,4) : 18
(0,5,1,6,2,7,4,3) : 19
(0,5,1,6,3) : 2
(0,5,1,6,3,2,4,7) : 3
(0,5,1,6,3,2,7,4) : 13
(0,5,1,6,3,7,2,4) : 11
(0,5,1,6,4,2,7,3) : 1
(0,5,1,6,4,7,2,3) : 3
(0,5,1,6,7) : 1
(0,5,1,6,7,2,3) : 1
(0,5,1,6,7,2,3,4) : 28
(0,5,1,6,7,2,4,3) : 29
(0,5,1,6,7,3,2,4) : 16
(0,5,1,6,7,3,4,2) : 1
(0,5,1,6,7,4,2,3) : 4
(0,5,1,6,7,4,3,2) : 3
(0,5,1,7) : 1
(0,5,1,7,2,6,3,4) : 3
(0,5,1,7,2,6,4,3) : 1
(0,5,1,7,3,2,6,4) : 1
(0,5,1,7,6,2,3,4) : 11
(0,5,1,7,6,2,4,3) : 3
(0,5,1,7,6,3,2,4) : 2
(0,5,1,7,6,3,4,2) : 1
(0,5,2) : 7
(0,5,2,1,6,3) : 1
(0,5,2,1,6,3,7,4) : 2
(0,5,2,1,6,4,7,3) : 1
(0,5,2,1,6,7,3,4) : 7
(0,5,2,1,6,7,4,3) : 5
(0,5,2,1,7,4,6,3) : 1
(0,5,2,3,1,6,4,7) : 1
(0,5,2,3,6,4,7,1) : 1
(0,5,2,3,7,6,1,4) : 1
(0,5,2,4,1,6,7,3) : 1
(0,5,2,4,6,7,1,3) : 2
(0,5,2,6,1,3,7,4) : 1
(0,5,2,6,1,4,7,3) : 2
(0,5,2,6,1,7,3,4) : 5
(0,5,2,6,1,7,4,3) : 7
(0,5,2,6,3,1,7,4) : 1
(0,5,2,6,7,3,1,4) : 1
(0,5,2,7,1,6,3,4) : 1
(0,5,2,7,6,1,3,4) : 3
(0,5,2,7,6,1,4,3) : 2
(0,5,3) : 7
(0,5,3,1) : 2
(0,5,3,1,4,6,7,2) : 1
(0,5,3,1,6) : 1
(0,5,3,1,6,2,7,4) : 6
(0,5,3,1,6,7,2,4) : 5
(0,5,3,1,6,7,4,2) : 1
(0,5,3,1,7,2,4,6) : 1
(0,5,3,1,7,6,2,4) : 2
(0,5,3,2) : 1
(0,5,3,2,1,6,7,4) : 1
(0,5,3,2,1,7,4,6) : 1
(0,5,3,2,4,7,1,6) : 1
(0,5,3,2,6,1,4,7) : 1
(0,5,3,2,7,1,6,4) : 1
(0,5,3,4) : 1
(0,5,3,4,7,1,6,2) : 1
(0,5,3,6,1,2,4,7) : 1
(0,5,3,6,1,2,7,4) : 6
(0,5,3,6,1,7,2,4) : 2
(0,5,3,6,7,2,4,1) : 1
(0,5,3,7,2,1,4,6) : 1
(0,5,3,7,2,1,6,4) : 2
(0,5,3,7,2,6,1,4) : 3
(0,5,3,7,6,1,2,4) : 1
(0,5,4) : 7
(0,5,4,1) : 1
(0,5,4,1,6,2,3,7) : 1
(0,5,4,1,6,2,7,3) : 2
(0,5,4,1,6,3,7,2) : 1
(0,5,4,1,7,6,2,3) : 1
(0,5,4,2,1,6,7,3) : 1
(0,5,4,2,6,1,7,3) : 1
(0,5,4,2,6,7,1,3) : 1
(0,5,4,2,7,6,1,3) : 1
(0,5,4,2,7,6,3,1) : 1
(0,5,4,3,1,6,7,2) : 1
(0,5,4,3,2,1,7,6) : 1
(0,5,4,3,7,2,6,1) : 1
(0,5,4,6,1,2,3,7) : 2
(0,5,4,6,1,2,7,3) : 4
(0,5,4,6,1,7,2,3) : 2
(0,5,4,7,2,1,6,3) : 1
(0,5,4,7,2,6,1,3) : 2
(0,5,4,7,3,2,1,6) : 4
(0,5,4,7,6,1,2,3) : 2
(0,5,6) : 4
(0,5,6,1) : 9
(0,5,6,1,2) : 1
(0,5,6,1,2,3,7,4) : 13
(0,5,6,1,2,4,7,3) : 8
(0,5,6,1,2,7,3,4) : 17
(0,5,6,1,2,7,4,3) : 13
(0,5,6,1,3,2,4,7) : 2
(0,5,6,1,3,2,7,4) : 3
(0,5,6,1,3,4,2,7) : 1
(0,5,6,1,3,4,7,2) : 1
(0,5,6,1,3,7,2,4) : 3
(0,5,6,1,3,7,4,2) : 3
(0,5,6,1,4,2,3,7) : 1
(0,5,6,1,4,2,7,3) : 2
(0,5,6,1,4,3,7,2) : 1
(0,5,6,1,4,7,2,3) : 1
(0,5,6,1,4,7,3,2) : 1
(0,5,6,1,7,2,3) : 1
(0,5,6,1,7,2,3,4) : 7
(0,5,6,1,7,2,4,3) : 12
(0,5,6,1,7,3,2,4) : 3
(0,5,6,1,7,4,2) : 1
(0,5,6,1,7,4,2,3) : 2
(0,5,6,2,1,4,7,3) : 1
(0,5,6,2,1,7,3,4) : 2
(0,5,6,2,1,7,4,3) : 2
(0,5,6,2,3,1,7,4) : 1
(0,5,6,2,3,7,1,4) : 1
(0,5,6,2,3,7,4,1) : 1
(0,5,6,2,4,7,1,3) : 2
(0,5,6,2,4,7,3,1) : 1
(0,5,6,2,7,1,3,4) : 2
(0,5,6,2,7,3,4,1) : 1
(0,5,6,2,7,4,3,1) : 2
(0,5,6,3,1,2,7,4) : 1
(0,5,6,4,7,3,2,1) : 1
(0,5,6,7,1,2,4,3) : 1
(0,5,6,7,1,3,2,4) : 1
(0,5,6,7,2,1,3,4) : 1
(0,5,6,7,2,1,4,3) : 3
(0,5,6,7,2,3,1,4) : 1
(0,5,6,7,2,3,4,1) : 1
(0,5,6,7,2,4,1,3) : 1
(0,5,6,7,2,4,3,1) : 2
(0,5,6,7,3,1,2,4) : 1
(0,5,6,7,3,2,4,1) : 1
(0,5,6,7,4,1,2,3) : 1
(0,5,6,7,4,2,1) : 1
(0,5,7) : 2
(0,5,7,1,6,2,3,4) : 5
(0,5,7,1,6,2,4,3) : 3
(0,5,7,1,6,3,2,4) : 1
(0,5,7,1,6,3,4,2) : 1
(0,5,7,2,1,3,4,6) : 1
(0,5,7,2,1,6,3,4) : 1
(0,5,7,2,1,6,4,3) : 1
(0,5,7,2,3,1,6,4) : 1
(0,5,7,2,6,3,1,4) : 2
(0,5,7,2,6,4,1,3) : 1
(0,5,7,3,1,6,4,2) : 1
(0,5,7,3,4,2,6,1) : 1
(0,5,7,3,4,6,2,1) : 1
(0,5,7,6,1,2) : 1
(0,5,7,6,1,2,3,4) : 3
(0,5,7,6,1,2,4,3) : 3
(0,5,7,6,1,3,2,4) : 1
(0,5,7,6,2,1,4,3) : 1
(0,5,7,6,2,3,4,1) : 1
(0,5,7,6,2,4,3,1) : 1
(0,6) : 19
(0,6,1) : 8
(0,6,1,2) : 2
(0,6,1,2,3) : 4
(0,6,1,2,3,5,7,4) : 1
(0,6,1,2,3,7,4) : 2
(0,6,1,2,3,7,4,5) : 56
(0,6,1,2,3,7,5,4) : 2
(0,6,1,2,4,5,7,3) : 2
(0,6,1,2,5,3,7,4) : 3
(0,6,1,2,5,4) : 1
(0,6,1,2,5,4,7,3) : 5
(0,6,1,2,5,7,3,4) : 1
(0,6,1,2,5,7,4,3) : 2
(0,6,1,2,7,3,4,5) : 2
(0,6,1,2,7,4,3,5) : 1
(0,6,1,2,7,4,5,3) : 7
(0,6,1,2,7,5,3,4) : 2
(0,6,1,2,7,5,4,3) : 2
(0,6,1,3,2,5,4,7) : 1
(0,6,1,3,2,5,7,4) : 2
(0,6,1,3,2,7,5,4) : 1
(0,6,1,3,4,5,2) : 1
(0,6,1,3,5,4,2) : 1
(0,6,1,3,5,4,7,2) : 1
(0,6,1,3,5,7,4,2) : 1
(0,6,1,3,7,4,5,2) : 1
(0,6,1,4,5,7,2,3) : 1
(0,6,1,5) : 4
(0,6,1,5,2,3,7,4) : 1
(0,6,1,5,2,4,3,7) : 1
(0,6,1,5,2,4,7,3) : 1
(0,6,1,5,2,7,3,4) : 4
(0,6,1,5,2,7,4,3) : 6
(0,6,1,5,3,2,7,4) : 1
(0,6,1,5,4,2,7,3) : 2
(0,6,1,5,4,3,7,2) : 1
(0,6,1,5,4,7,2,3) : 3
(0,6,1,5,7,2,3,4) : 3
(0,6,1,5,7,2,4,3) : 1
(0,6,1,5,7,3,2,4) : 1
(0,6,1,5,7,4,2,3) : 2
(0,6,1,7,2,4,5,3) : 1
(0,6,1,7,2,5,4,3) : 1
(0,6,1,7,3,2,4,5) : 1
(0,6,1,7,3,4,5,2) : 1
(0,6,1,7,4,3,2,5) : 1
(0,6,1,7,4,5,2,3) : 3
(0,6,1,7,4,5,3,2) : 1
(0,6,1,7,5,2,3,4) : 1
(0,6,1,7,5,4,2,3) : 1
(0,6,1,7,5,4,3,2) : 1
(0,6,2) : 3
(0,6,2,1,3,4,7,5) : 1
(0,6,2,1,3,5,4,7) : 1
(0,6,2,1,3,7,4) : 1
(0,6,2,1,3,7,4,5) : 1
(0,6,2,1,4,5,7,3) : 1
(0,6,2,1,7,3,4) : 1
(0,6,2,1,7,5,4,3) : 1
(0,6,2,3,1,5,4,7) : 1
(0,6,2,3,7,4,1,5) : 1
(0,6,2,3,7,4,5,1) : 4
(0,6,2,5,1,4,7,3) : 1
(0,6,2,5,1,7,3,4) : 1
(0,6,2,5,3,1,7,4) : 1
(0,6,2,5,7,1,3,4) : 1
(0,6,2,7,4,5,1,3) : 1
(0,6,2,7,5,1,3,4) : 1
(0,6,3,2,1,7,4,5) : 2
(0,6,3,4,5,1,2,7) : 1
(0,6,3,5) : 1
(0,6,3,5,1,2,7,4) : 4
(0,6,3,7,1,2,4,5) : 1
(0,6,3,7,2,1,4,5) : 1
(0,6,4,2,7,3,5,1) : 1
(0,6,4,5,2,3,7,1) : 1
(0,6,5) : 4
(0,6,5,1) : 2
(0,6,5,1,2,4,7,3) : 4
(0,6,5,1,2,7,3) : 1
(0,6,5,1,2,7,3,4) : 1
(0,6,5,1,2,7,4,3) : 2
(0,6,5,1,3,4,2,7) : 1
(0,6,5,1,3,7,4,2) : 2
(0,6,5,1,4,2,3,7) : 2
(0,6,5,1,7,2,3,4) : 1
(0,6,5,2,1,7,3,4) : 1
(0,6,5,2,1,7,4,3) : 3
(0,6,5,3) : 1
(0,6,5,3,2,1,7,4) : 1
(0,6,5,4,7,2,1,3) : 1
(0,6,5,7,2,1,3,4) : 1
(0,6,5,7,2,1,4,3) : 1
(0,6,5,7,3,2,4,1) : 1
(0,6,7) : 1
(0,6,7,2,5,4,1,3) : 1
(0,6,7,2,5,4,3,1) : 1
(0,6,7,3,2,1,4,5) : 1
(0,6,7,3,4,5,2,1) : 1
(0,6,7,4,1) : 1
(0,6,7,4,5,1,2,3) : 1
(0,6,7,4,5,2,3,1) : 1
(0,6,7,5,2,4,1,3) : 1
(0,7) : 9
(0,7,1) : 1
(0,7,1,4,5,2,6,3) : 1
(0,7,1,4,6,2,3,5) : 1
(0,7,1,5,3,6,4,2) : 1
(0,7,1,5,6,2,3,4) : 1
(0,7,1,6) : 2
(0,7,2,5,1,4,6,3) : 1
(0,7,2,6,1,4,5,3) : 1
(0,7,2,6,3,1,4,5) : 1
(0,7,2,6,5,3,1,4) : 1
(0,7,3,2,6,1,5,4) : 1
(0,7,3,4,5,2,6,1) : 1
(0,7,4,2,3,6,5,1) : 1
(0,7,4,3,2,1,6,5) : 26
(0,7,4,3,2,6,1,5) : 1
(0,7,4,5,2,1,6,3) : 1
(0,7,5) : 1
(0,7,5,1,6,2,3,4) : 1
(0,7,5,2,1,3,6,4) : 1
(0,7,5,2,6,1,4,3) : 1
(0,7,5,3,1,6,2,4) : 1
(0,7,5,3,2,4,6,1) : 1
(0,7,5,6,1,4,2,3) : 1
(0,7,6,1) : 1
(0,7,6,1,2,3,4,5) : 1
(0,7,6,1,5,3,2,4) : 1
(0,7,6,2,5,1,3,4) : 1
(1) : 10371
(1,0) : 350
(1,0,2) : 2
(1,0,2,3,5,6,7,4) : 1
(1,0,2,3,5,7,6,4) : 2
(1,0,2,3,6,5,7,4) : 1
(1,0,2,3,6,7,4,5) : 2
(1,0,2,3,7,4,5,6) : 2
(1,0,2,4,5,7,3,6) : 1
(1,0,2,5) : 1
(1,0,2,5,3,6,7,4) : 1
(1,0,2,5,3,7,6,4) : 1
(1,0,2,5,6,3,4) : 1
(1,0,2,5,6,3,7,4) : 1
(1,0,2,5,6,7,3,4) : 4
(1,0,2,5,6,7,4,3) : 1
(1,0,2,6,3) : 1
(1,0,2,6,3,7,4,5) : 3
(1,0,2,6,5,3,7,4) : 1
(1,0,2,6,7,3,4,5) : 1
(1,0,2,6,7,3,5,4) : 1
(1,0,2,6,7,4,3,5) : 1
(1,0,2,6,7,5,3,4) : 1
(1,0,2,7,4,5,3,6) : 1
(1,0,3) : 23
(1,0,3,2,5,6,7,4) : 1
(1,0,3,2,6) : 1
(1,0,3,2,6,5,4,7) : 1
(1,0,3,2,6,5,7,4) : 1
(1,0,3,2,6,7,4) : 1
(1,0,3,2,6,7,4,5) : 1
(1,0,3,2,6,7,5,4) : 1
(1,0,3,2,7,5,4,6) : 1
(1,0,3,4,6,7,5,2) : 1
(1,0,3,5) : 6
(1,0,3,5,2,6,7,4) : 2
(1,0,3,5,4,2,6,7) : 1
(1,0,3,5,4,6,7,2) : 1
(1,0,3,5,4,7,2,6) : 2
(1,0,3,5,4,7,6) : 1
(1,0,3,5,4,7,6,2) : 2
(1,0,3,5,6,2,7,4) : 19
(1,0,3,5,6,7,2,4) : 9
(1,0,3,5,6,7,4) : 1
(1,0,3,5,6,7,4,2) : 1
(1,0,3,5,7,2,6,4) : 3
(1,0,3,5,7,4,2,6) : 1
(1,0,3,5,7,4,6) : 1
(1,0,3,5,7,4,6,2) : 1
(1,0,3,5,7,6,2,4) : 6
(1,0,3,5,7,6,4,2) : 2
(1,0,3,6) : 1
(1,0,3,6,2,7,4,5) : 7
(1,0,3,6,2,7,5,4) : 5
(1,0,3,6,4,5,2,7) : 1
(1,0,3,6,4,7,2,5) : 1
(1,0,3,6,5,2,7,4) : 4
(1,0,3,6,5,4,2,7) : 1
(1,0,3,6,5,4,7,2) : 1
(1,0,3,6,5,7,2,4) : 6
(1,0,3,6,5,7,4,2) : 1
(1,0,3,6,7,2,5,4) : 1
(1,0,3,6,7,4,5,2) : 1
(1,0,3,6,7,5,2,4) : 3
(1,0,3,6,7,5,4,2) : 1
(1,0,3,7) : 1
(1,0,3,7,2,5,4) : 1
(1,0,3,7,2,6,4,5) : 2
(1,0,3,7,4,5,2,6) : 1
(1,0,3,7,4,6,2,5) : 1
(1,0,3,7,5,2,6,4) : 2
(1,0,3,7,5,6,2,4) : 3
(1,0,3,7,6,2,5,4) : 2
(1,0,4) : 2
(1,0,4,3) : 1
(1,0,4,3,2,5,6) : 1
(1,0,4,3,5,6,2,7) : 1
(1,0,4,5) : 1
(1,0,4,5,2,7,6,3) : 1
(1,0,4,5,3,2,6,7) : 1
(1,0,4,5,3,6,7,2) : 1
(1,0,4,5,6,2,3,7) : 1
(1,0,4,5,7,6,2,3) : 1
(1,0,4,6,5) : 1
(1,0,4,7,2,6,3,5) : 1
(1,0,5) : 246
(1,0,5,2) : 1
(1,0,5,2,3,6,7,4) : 4
(1,0,5,2,3,7,4,6) : 2
(1,0,5,2,3,7,6,4) : 2
(1,0,5,2,6,3,7,4) : 7
(1,0,5,2,6,4,3,7) : 1
(1,0,5,2,6,4,7,3) : 1
(1,0,5,2,6,7,3,4) : 18
(1,0,5,2,6,7,4,3) : 3
(1,0,5,2,7) : 1
(1,0,5,2,7,3,6,4) : 1
(1,0,5,2,7,6,3,4) : 6
(1,0,5,2,7,6,4,3) : 1
(1,0,5,3) : 17
(1,0,5,3,2,4,6,7) : 1
(1,0,5,3,2,6,7,4) : 18
(1,0,5,3,2,7,4,6) : 1
(1,0,5,3,2,7,6,4) : 2
(1,0,5,3,4,2,6,7) : 1
(1,0,5,3,4,6,2,7) : 1
(1,0,5,3,4,7,6,2) : 1
(1,0,5,3,6,2,4,7) : 4
(1,0,5,3,6,2,7) : 1
(1,0,5,3,6,2,7,4) : 45
(1,0,5,3,6,7,2,4) : 26
(1,0,5,3,6,7,4) : 3
(1,0,5,3,6,7,4,2) : 10
(1,0,5,3,7,2,4,6) : 1
(1,0,5,3,7,2,6,4) : 6
(1,0,5,3,7,4,2,6) : 3
(1,0,5,3,7,4,6,2) : 1
(1,0,5,3,7,6,2,4) : 15
(1,0,5,3,7,6,4) : 1
(1,0,5,3,7,6,4,2) : 4
(1,0,5,4) : 1
(1,0,5,4,2,6,7,3) : 1
(1,0,5,4,3,2,7,6) : 2
(1,0,5,4,6,2,3,7) : 2
(1,0,5,4,6,2,7,3) : 2
(1,0,5,4,6,3,7,2) : 1
(1,0,5,4,6,7,3,2) : 1
(1,0,5,4,7,2,6) : 1
(1,0,5,4,7,2,6,3) : 4
(1,0,5,4,7,3,2,6) : 3
(1,0,5,4,7,3,6,2) : 1
(1,0,5,6) : 9
(1,0,5,6,2) : 1
(1,0,5,6,2,3,4,7) : 2
(1,0,5,6,2,3,7,4) : 47
(1,0,5,6,2,4) : 1
(1,0,5,6,2,4,7,3) : 4
(1,0,5,6,2,7,3) : 1
(1,0,5,6,2,7,3,4) : 54
(1,0,5,6,2,7,4,3) : 26
(1,0,5,6,3) : 1
(1,0,5,6,3,2,4,7) : 4
(1,0,5,6,3,2,7,4) : 31
(1,0,5,6,3,4,2,7) : 1
(1,0,5,6,3,4,7,2) : 2
(1,0,5,6,3,7) : 1
(1,0,5,6,3,7,2) : 1
(1,0,5,6,3,7,2,4) : 16
(1,0,5,6,3,7,4) : 2
(1,0,5,6,3,7,4,2) : 2
(1,0,5,6,4,2,3,7) : 1
(1,0,5,6,4,2,7,3) : 3
(1,0,5,6,4,3,7,2) : 1
(1,0,5,6,4,7,2,3) : 7
(1,0,5,6,4,7,3,2) : 3
(1,0,5,6,7,2,3,4) : 75
(1,0,5,6,7,2,4,3) : 27
(1,0,5,6,7,3,2) : 1
(1,0,5,6,7,3,2,4) : 40
(1,0,5,6,7,3,4) : 1
(1,0,5,6,7,3,4,2) : 4
(1,0,5,6,7,4,2,3) : 12
(1,0,5,6,7,4,3,2) : 3
(1,0,5,7) : 5
(1,0,5,7,2) : 1
(1,0,5,7,2,3,6,4) : 1
(1,0,5,7,2,4,6,3) : 1
(1,0,5,7,2,6,3,4) : 8
(1,0,5,7,2,6,4,3) : 4
(1,0,5,7,3,2,6,4) : 9
(1,0,5,7,3,4,2,6) : 1
(1,0,5,7,3,4,6) : 1
(1,0,5,7,3,4,6,2) : 1
(1,0,5,7,3,6,2,4) : 7
(1,0,5,7,3,6,4) : 1
(1,0,5,7,4,2,6,3) : 1
(1,0,5,7,4,3,2,6) : 1
(1,0,5,7,4,6,3,2) : 1
(1,0,5,7,6,2,3,4) : 34
(1,0,5,7,6,2,4,3) : 12
(1,0,5,7,6,3,2,4) : 15
(1,0,5,7,6,3,4,2) : 3
(1,0,5,7,6,4,2,3) : 4
(1,0,5,7,6,4,3,2) : 2
(1,0,6) : 10
(1,0,6,2) : 2
(1,0,6,2,3,4,5,7) : 1
(1,0,6,2,3,5,7,4) : 1
(1,0,6,2,3,7,4,5) : 31
(1,0,6,2,3,7,5,4) : 4
(1,0,6,2,4,5,7,3) : 1
(1,0,6,2,5,3,7,4) : 3
(1,0,6,2,5,4,3,7) : 1
(1,0,6,2,5,4,7,3) : 2
(1,0,6,2,5,7,3,4) : 3
(1,0,6,2,5,7,4,3) : 3
(1,0,6,2,7,3,4,5) : 2
(1,0,6,2,7,3,5,4) : 7
(1,0,6,2,7,4,3,5) : 1
(1,0,6,2,7,4,5,3) : 5
(1,0,6,2,7,5) : 3
(1,0,6,2,7,5,3,4) : 2
(1,0,6,2,7,5,4,3) : 4
(1,0,6,3) : 2
(1,0,6,3,2,5,4,7) : 1
(1,0,6,3,2,5,7,4) : 1
(1,0,6,3,2,7) : 1
(1,0,6,3,2,7,4,5) : 2
(1,0,6,3,5) : 1
(1,0,6,3,5,2,7,4) : 3
(1,0,6,3,5,4,7,2) : 2
(1,0,6,3,5,7) : 1
(1,0,6,3,5,7,2,4) : 3
(1,0,6,3,5,7,4,2) : 1
(1,0,6,3,7,2,4,5) : 2
(1,0,6,3,7,2,5,4) : 3
(1,0,6,3,7,5,2,4) : 1
(1,0,6,3,7,5,4) : 1
(1,0,6,4,5,2,7,3) : 1
(1,0,6,5) : 10
(1,0,6,5,2,3,7,4) : 5
(1,0,6,5,2,4,7,3) : 1
(1,0,6,5,2,7,3,4) : 9
(1,0,6,5,2,7,4,3) : 11
(1,0,6,5,3) : 1
(1,0,6,5,3,2,4,7) : 1
(1,0,6,5,3,2,7,4) : 6
(1,0,6,5,3,7,2,4) : 6
(1,0,6,5,4,7,2,3) : 1
(1,0,6,5,7) : 2
(1,0,6,5,7,2,3,4) : 15
(1,0,6,5,7,2,4,3) : 5
(1,0,6,5,7,3,2,4) : 12
(1,0,6,5,7,3,4,2) : 1
(1,0,6,5,7,4,2,3) : 2
(1,0,6,7,2,3,4,5) : 1
(1,0,6,7,2,4,5,3) : 1
(1,0,6,7,2,5,3,4) : 3
(1,0,6,7,3,2) : 1
(1,0,6,7,3,2,4,5) : 2
(1,0,6,7,4,3,2,5) : 1
(1,0,6,7,5,2,3) : 1
(1,0,6,7,5,2,3,4) : 1
(1,0,6,7,5,2,4,3) : 1
(1,0,6,7,5,3,2,4) : 1
(1,0,7) : 2
(1,0,7,2,3,5,6,4) : 1
(1,0,7,3,5,4,6,2) : 1
(1,0,7,3,5,6,2,4) : 2
(1,0,7,3,5,6,4) : 1
(1,0,7,3,6,2,4,5) : 1
(1,0,7,3,6,4,2,5) : 1
(1,0,7,4,5,3,2,6) : 1
(1,0,7,5,2,3,6,4) : 1
(1,0,7,5,2,6,3,4) : 1
(1,0,7,5,3,2,6,4) : 4
(1,0,7,5,3,6,2,4) : 1
(1,0,7,5,3,6,4,2) : 1
(1,0,7,5,4,6,2,3) : 2
(1,0,7,5,6,2,3,4) : 6
(1,0,7,5,6,3,2,4) : 3
(1,0,7,5,6,3,4,2) : 1
(1,0,7,5,6,4,2,3) : 1
(1,0,7,6,2,5,3,4) : 1
(1,0,7,6,3,2,4,5) : 1
(1,0,7,6,3,2,5,4) : 1
(1,0,7,6,5,2,4,3) : 1
(1,0,7,6,5,3,2,4) : 1
(1,2) : 27
(1,2,0,3) : 1
(1,2,0,3,6,5,7) : 1
(1,2,0,3,7,5,4,6) : 1
(1,2,0,5) : 1
(1,2,0,6) : 1
(1,2,0,6,3,5,7,4) : 1
(1,2,0,6,3,7,4,5) : 2
(1,2,0,6,3,7,5,4) : 1
(1,2,0,6,5) : 1
(1,2,0,6,7,3,5,4) : 1
(1,2,3) : 8
(1,2,3,5) : 1
(1,2,3,5,0,6,7,4) : 1
(1,2,3,5,6,0,7,4) : 2
(1,2,3,6) : 1
(1,2,3,6,0,7,4,5) : 2
(1,2,3,6,5,0,4,7) : 1
(1,2,3,6,7,0,4,5) : 1
(1,2,3,6,7,4,5,0) : 3
(1,2,3,6,7,5,0,4) : 1
(1,2,3,7,4,5) : 1
(1,2,3,7,4,5,0,6) : 1
(1,2,3,7,4,5,6,0) : 2
(1,2,3,7,6,0,4,5) : 2
(1,2,3,7,6,0,5,4) : 1
(1,2,3,7,6,5,0,4) : 1
(1,2,4,3,0,6,5,7) : 1
(1,2,4,3,6) : 1
(1,2,4,7,3,6,0,5) : 1
(1,2,5) : 4
(1,2,5,0) : 2
(1,2,5,0,3,6,7,4) : 1
(1,2,5,0,6,3,7,4) : 2
(1,2,5,3,0,6,7,4) : 1
(1,2,5,3,6,0,7,4) : 1
(1,2,5,3,7,4,6,0) : 1
(1,2,5,4,7,3,6,0) : 2
(1,2,5,4,7,6,3,0) : 1
(1,2,5,6,0,3,7,4) : 1
(1,2,5,6,0,7,3,4) : 1
(1,2,5,6,0,7,4,3) : 1
(1,2,5,6,3,7,4,0) : 1
(1,2,5,7,3,6,4,0) : 1
(1,2,6) : 3
(1,2,6,0,3,7,4,5) : 4
(1,2,6,0,5,4,7,3) : 1
(1,2,6,0,7,3,4,5) : 1
(1,2,6,3) : 1
(1,2,6,3,0,4,7,5) : 1
(1,2,6,3,0,5,4,7) : 1
(1,2,6,3,0,7,4,5) : 1
(1,2,6,3,0,7,5,4) : 2
(1,2,6,3,7,0,4,5) : 1
(1,2,6,3,7,4,5,0) : 2
(1,2,6,5,0,3,7,4) : 2
(1,2,6,5,7,3,0,4) : 1
(1,2,6,7,0,3,4,5) : 1
(1,2,6,7,3,0,5,4) : 1
(1,2,6,7,5,4,3,0) : 1
(1,2,7) : 1
(1,2,7,3,4,5,0,6) : 1
(1,2,7,3,5,0,6,4) : 1
(1,2,7,5,6,0,4) : 1
(1,2,7,5,6,3,0,4) : 1
(1,2,7,6,3,0,5,4) : 1
(1,2,7,6,4,5,0,3) : 1
(1,2,7,6,5,4,3,0) : 1
(1,3) : 491
(1,3,0) : 41
(1,3,0,2) : 3
(1,3,0,2,5,4,6,7) : 1
(1,3,0,2,5,6,7,4) : 2
(1,3,0,2,6,7,4,5) : 2
(1,3,0,2,6,7,5,4) : 2
(1,3,0,2,7,5,6,4) : 1
(1,3,0,4) : 1
(1,3,0,4,2,6,7,5) : 1
(1,3,0,4,5,6,2,7) : 1
(1,3,0,4,5,7,2,6) : 1
(1,3,0,4,6,2,5,7) : 1
(1,3,0,4,6,5,7,2) : 1
(1,3,0,5) : 11
(1,3,0,5,2,6,4,7) : 1
(1,3,0,5,2,6,7,4) : 3
(1,3,0,5,2,7,6,4) : 2
(1,3,0,5,4,2,7,6) : 1
(1,3,0,5,4,6,2,7) : 1
(1,3,0,5,4,6,7,2) : 1
(1,3,0,5,4,7,2,6) : 2
(1,3,0,5,6,2,4,7) : 1
(1,3,0,5,6,2,7,4) : 20
(1,3,0,5,6,4,2,7) : 1
(1,3,0,5,6,4,7) : 2
(1,3,0,5,6,4,7,2) : 2
(1,3,0,5,6,7) : 1
(1,3,0,5,6,7,2,4) : 19
(1,3,0,5,6,7,4,2) : 5
(1,3,0,5,7,2,6,4) : 1
(1,3,0,5,7,4,2,6) : 1
(1,3,0,5,7,6,2) : 1
(1,3,0,5,7,6,2,4) : 12
(1,3,0,5,7,6,4) : 1
(1,3,0,6) : 1
(1,3,0,6,2) : 2
(1,3,0,6,2,4,7,5) : 1
(1,3,0,6,2,5,4,7) : 4
(1,3,0,6,2,5,7,4) : 4
(1,3,0,6,2,7,4,5) : 11
(1,3,0,6,2,7,5,4) : 8
(1,3,0,6,4,7,2,5) : 1
(1,3,0,6,5,2,4,7) : 3
(1,3,0,6,5,2,7,4) : 11
(1,3,0,6,5,4,2,7) : 3
(1,3,0,6,5,4,7,2) : 2
(1,3,0,6,5,7,2,4) : 7
(1,3,0,6,5,7,4,2) : 6
(1,3,0,6,7,2,4) : 1
(1,3,0,6,7,2,5,4) : 2
(1,3,0,6,7,4,2,5) : 1
(1,3,0,6,7,4,5) : 1
(1,3,0,6,7,4,5,2) : 1
(1,3,0,6,7,5,2,4) : 5
(1,3,0,6,7,5,4) : 1
(1,3,0,6,7,5,4,2) : 4
(1,3,0,7,4,5,2,6) : 1
(1,3,0,7,5,2,6,4) : 1
(1,3,0,7,5,6,4,2) : 1
(1,3,0,7,6) : 1
(1,3,0,7,6,2,4,5) : 1
(1,3,0,7,6,2,5,4) : 4
(1,3,0,7,6,5,4) : 2
(1,3,2) : 11
(1,3,2,0,5,4,6,7) : 1
(1,3,2,0,5,4,7,6) : 1
(1,3,2,0,5,6,7,4) : 1
(1,3,2,0,5,7,6,4) : 1
(1,3,2,5) : 1
(1,3,2,5,4,7,6,0) : 1
(1,3,2,5,6,7,0,4) : 1
(1,3,2,5,7,0,6,4) : 1
(1,3,2,6) : 2
(1,3,2,6,0,4,7,5) : 1
(1,3,2,6,0,7,4,5) : 2
(1,3,2,6,0,7,5,4) : 3
(1,3,2,6,4,7,0,5) : 1
(1,3,2,6,5,7,0,4) : 3
(1,3,2,6,5,7,4,0) : 1
(1,3,2,6,7,0,4,5) : 1
(1,3,2,6,7,5,0,4) : 3
(1,3,2,6,7,5,4,0) : 1
(1,3,2,7,4,5,0,6) : 2
(1,3,2,7,4,5,6,0) : 1
(1,3,2,7,4,6,0,5) : 1
(1,3,2,7,4,6,5,0) : 1
(1,3,2,7,6,0,4,5) : 1
(1,3,2,7,6,5,0,4) : 1
(1,3,4) : 3
(1,3,4,0) : 1
(1,3,4,0,6,2,5,7) : 1
(1,3,4,0,6,2,7,5) : 3
(1,3,4,5,0,6,2) : 1
(1,3,4,5,0,6,2,7) : 1
(1,3,4,5,6,0,2,7) : 1
(1,3,4,5,6,2,7,0) : 4
(1,3,4,5,7,2,0,6) : 1
(1,3,4,6,0,5) : 1
(1,3,4,6,2,0,7,5) : 1
(1,3,4,6,2,7,5) : 1
(1,3,4,6,2,7,5,0) : 1
(1,3,4,6,7,0,5) : 2
(1,3,4,6,7,2,0,5) : 1
(1,3,4,7,2,6,5,0) : 1
(1,3,4,7,6,0,5,2) : 1
(1,3,4,7,6,2,0,5) : 1
(1,3,4,7,6,5,2,0) : 1
(1,3,5) : 52
(1,3,5,0) : 17
(1,3,5,0,2,4,6,7) : 1
(1,3,5,0,2,6,4,7) : 1
(1,3,5,0,2,6,7,4) : 5
(1,3,5,0,4,6,2,7) : 1
(1,3,5,0,4,7,6,2) : 2
(1,3,5,0,6) : 2
(1,3,5,0,6,2,4,7) : 2
(1,3,5,0,6,2,7) : 1
(1,3,5,0,6,2,7,4) : 30
(1,3,5,0,6,4,2,7) : 2
(1,3,5,0,6,4,7,2) : 4
(1,3,5,0,6,7,2) : 1
(1,3,5,0,6,7,2,4) : 18
(1,3,5,0,6,7,4) : 2
(1,3,5,0,6,7,4,2) : 6
(1,3,5,0,7,2,6,4) : 1
(1,3,5,0,7,4,6) : 1
(1,3,5,0,7,6,2,4) : 4
(1,3,5,2) : 1
(1,3,5,2,0,6,4,7) : 1
(1,3,5,2,0,6,7,4) : 2
(1,3,5,2,6,0,4,7) : 2
(1,3,5,2,6,0,7,4) : 1
(1,3,5,2,6,7,0,4) : 1
(1,3,5,2,6,7,4,0) : 1
(1,3,5,2,7,0,6,4) : 1
(1,3,5,2,7,6,0,4) : 2
(1,3,5,4,0,6,2,7) : 1
(1,3,5,4,0,6,7,2) : 1
(1,3,5,4,6,0,2,7) : 2
(1,3,5,4,7,2,6,0) : 2
(1,3,5,4,7,6,0,2) : 2
(1,3,5,4,7,6,2,0) : 1
(1,3,5,6) : 5
(1,3,5,6,0) : 1
(1,3,5,6,0,2,4,7) : 2
(1,3,5,6,0,2,7,4) : 16
(1,3,5,6,0,4,7,2) : 1
(1,3,5,6,0,7,2,4) : 12
(1,3,5,6,0,7,4) : 1
(1,3,5,6,0,7,4,2) : 2
(1,3,5,6,2,0,7,4) : 6
(1,3,5,6,2,7,0) : 1
(1,3,5,6,2,7,0,4) : 5
(1,3,5,6,2,7,4) : 1
(1,3,5,6,2,7,4,0) : 7
(1,3,5,6,4,7,2,0) : 1
(1,3,5,6,7,0,2,4) : 2
(1,3,5,6,7,0,4) : 1
(1,3,5,6,7,0,4,2) : 1
(1,3,5,6,7,2,0,4) : 5
(1,3,5,6,7,2,4,0) : 1
(1,3,5,6,7,4,0) : 1
(1,3,5,6,7,4,0,2) : 1
(1,3,5,6,7,4,2,0) : 1
(1,3,5,7,2,4,6,0) : 2
(1,3,5,7,2,6,0,4) : 1
(1,3,5,7,4,0,6) : 1
(1,3,5,7,4,6,0,2) : 1
(1,3,5,7,4,6,2,0) : 1
(1,3,5,7,6,0,2,4) : 4
(1,3,5,7,6,0,4) : 1
(1,3,5,7,6,0,4,2) : 1
(1,3,5,7,6,4,0) : 1
(1,3,6) : 12
(1,3,6,0) : 1
(1,3,6,0,2,5,7,4) : 4
(1,3,6,0,2,7,4,5) : 8
(1,3,6,0,2,7,5,4) : 5
(1,3,6,0,4,5,7,2) : 1
(1,3,6,0,4,7,2,5) : 1
(1,3,6,0,5) : 1
(1,3,6,0,5,2,7,4) : 1
(1,3,6,0,5,4,2,7) : 2
(1,3,6,0,5,4,7) : 1
(1,3,6,0,5,4,7,2) : 6
(1,3,6,0,5,7,2,4) : 3
(1,3,6,0,5,7,4) : 1
(1,3,6,0,5,7,4,2) : 5
(1,3,6,0,7,2,4,5) : 3
(1,3,6,0,7,4,5,2) : 2
(1,3,6,0,7,5,2,4) : 2
(1,3,6,0,7,5,4) : 1
(1,3,6,2) : 2
(1,3,6,2,0,4,5,7) : 1
(1,3,6,2,0,4,7,5) : 1
(1,3,6,2,0,5,7,4) : 1
(1,3,6,2,0,7,4,5) : 1
(1,3,6,2,0,7,5,4) : 2
(1,3,6,2,4,0,5) : 1
(1,3,6,2,4,5,7,0) : 1
(1,3,6,2,5,7,0,4) : 2
(1,3,6,2,7,0,4,5) : 1
(1,3,6,2,7,0,5,4) : 4
(1,3,6,2,7,4,0,5) : 3
(1,3,6,2,7,4,5,0) : 4
(1,3,6,2,7,5,0,4) : 4
(1,3,6,2,7,5,4,0) : 1
(1,3,6,4,2,7,5,0) : 1
(1,3,6,4,5,7,2,0) : 1
(1,3,6,4,7,0,2,5) : 1
(1,3,6,4,7,0,5,2) : 1
(1,3,6,5) : 2
(1,3,6,5,0) : 1
(1,3,6,5,0,2,4,7) : 2
(1,3,6,5,0,2,7,4) : 10
(1,3,6,5,0,7,2,4) : 1
(1,3,6,5,2,0,7,4) : 4
(1,3,6,5,2,4,0,7) : 1
(1,3,6,5,2,7,0,4) : 1
(1,3,6,5,2,7,4,0) : 2
(1,3,6,5,4,2,7,0) : 1
(1,3,6,5,4,7,2,0) : 3
(1,3,6,5,7) : 1
(1,3,6,5,7,0,2,4) : 4
(1,3,6,5,7,2,0,4) : 7
(1,3,6,5,7,2,4,0) : 1
(1,3,6,7) : 1
(1,3,6,7,0,2,4,5) : 1
(1,3,6,7,0,2,5,4) : 1
(1,3,6,7,0,5,2,4) : 1
(1,3,6,7,2,0,4,5) : 1
(1,3,6,7,2,0,5,4) : 2
(1,3,6,7,2,4,0,5) : 1
(1,3,6,7,4,0,5,2) : 1
(1,3,6,7,4,2,0,5) : 1
(1,3,6,7,4,5,2,0) : 1
(1,3,6,7,5,0,2,4) : 1
(1,3,6,7,5,0,4,2) : 1
(1,3,6,7,5,2,0,4) : 1
(1,3,6,7,5,4,0,2) : 1
(1,3,6,7,5,4,2,0) : 1
(1,3,7) : 3
(1,3,7,0,5,6,2,4) : 1
(1,3,7,0,6,4,2,5) : 1
(1,3,7,2,4,5,6,0) : 1
(1,3,7,2,4,6,5,0) : 1
(1,3,7,2,5,0,6,4) : 1
(1,3,7,2,6,0,5,4) : 1
(1,3,7,2,6,4,0,5) : 1
(1,3,7,4,5,0,6,2) : 1
(1,3,7,4,5,2,0,6) : 2
(1,3,7,4,5,6,0,2) : 1
(1,3,7,5,0,4,6,2) : 1
(1,3,7,5,0,6) : 1
(1,3,7,5,0,6,2,4) : 2
(1,3,7,5,2,0,6,4) : 1
(1,3,7,5,2,6,0,4) : 2
(1,3,7,5,4,2,6,0) : 1
(1,3,7,5,6,0,2,4) : 4
(1,3,7,6,0,2,4,5) : 1
(1,3,7,6,0,2,5,4) : 1
(1,3,7,6,0,4,5,2) : 1
(1,3,7,6,0,5,2,4) : 2
(1,3,7,6,2,0,4,5) : 1
(1,3,7,6,2,4,0,5) : 1
(1,3,7,6,2,5,0,4) : 2
(1,3,7,6,4,0,5) : 1
(1,3,7,6,4,5,0,2) : 2
(1,3,7,6,5,0,2,4) : 2
(1,3,7,6,5,0,4,2) : 1
(1,3,7,6,5,4,0) : 1
(1,3,7,6,5,4,2,0) : 1
(1,4) : 8
(1,4,0,3) : 1
(1,4,0,3,5) : 1
(1,4,2,7,0,6,5,3) : 1
(1,4,3,0,5,7,6,2) : 1
(1,4,3,0,6,5,7,2) : 1
(1,4,5) : 1
(1,4,5,0,6,3,2) : 1
(1,4,5,3,0,6,2,7) : 1
(1,4,5,3,2,6,7,0) : 1
(1,4,5,3,7,6,2,0) : 1
(1,4,5,6,0,3,7,2) : 1
(1,4,5,6,7,0,3,2) : 1
(1,4,5,6,7,3,0,2) : 1
(1,4,5,7,6,0,2,3) : 1
(1,4,6,3,5,0,2,7) : 1
(1,5) : 605
(1,5,0) : 488
(1,5,0,2) : 9
(1,5,0,2,3,6,7,4) : 7
(1,5,0,2,3,7,6,4) : 1
(1,5,0,2,4,3,7,6) : 1
(1,5,0,2,6,3,4,7) : 2
(1,5,0,2,6,3,7,4) : 13
(1,5,0,2,6,4,7,3) : 2
(1,5,0,2,6,7,3,4) : 33
(1,5,0,2,6,7,4,3) : 7
(1,5,0,2,7,3,4) : 1
(1,5,0,2,7,3,6,4) : 1
(1,5,0,2,7,6,3,4) : 6
(1,5,0,2,7,6,4,3) : 2
(1,5,0,3) : 30
(1,5,0,3,2,4,6,7) : 1
(1,5,0,3,2,6,4,7) : 2
(1,5,0,3,2,6,7,4) : 19
(1,5,0,3,2,7,6,4) : 2
(1,5,0,3,4,6,7,2) : 1
(1,5,0,3,4,7,2,6) : 1
(1,5,0,3,4,7,6,2) : 3
(1,5,0,3,6) : 1
(1,5,0,3,6,2,4,7) : 1
(1,5,0,3,6,2,7,4) : 71
(1,5,0,3,6,4,2,7) : 1
(1,5,0,3,6,4,7,2) : 5
(1,5,0,3,6,7) : 1
(1,5,0,3,6,7,2,4) : 45
(1,5,0,3,6,7,4,2) : 11
(1,5,0,3,7) : 1
(1,5,0,3,7,2,4) : 1
(1,5,0,3,7,2,4,6) : 1
(1,5,0,3,7,2,6,4) : 6
(1,5,0,3,7,4,2,6) : 3
(1,5,0,3,7,4,6,2) : 1
(1,5,0,3,7,6,2,4) : 28
(1,5,0,3,7,6,4) : 1
(1,5,0,3,7,6,4,2) : 6
(1,5,0,4,2,6,7,3) : 1
(1,5,0,4,3,6,2,7) : 1
(1,5,0,4,6,2,3,7) : 1
(1,5,0,4,6,3,2,7) : 1
(1,5,0,4,6,3,7,2) : 1
(1,5,0,4,6,7,2,3) : 1
(1,5,0,4,7,2,3,6) : 1
(1,5,0,4,7,3,2,6) : 1
(1,5,0,4,7,6,2,3) : 1
(1,5,0,6) : 27
(1,5,0,6,2) : 3
(1,5,0,6,2,3,4,7) : 2
(1,5,0,6,2,3,7) : 1
(1,5,0,6,2,3,7,4) : 82
(1,5,0,6,2,4,3,7) : 1
(1,5,0,6,2,4,7,3) : 9
(1,5,0,6,2,7,3,4) : 110
(1,5,0,6,2,7,4,3) : 41
(1,5,0,6,3) : 2
(1,5,0,6,3,2,4,7) : 4
(1,5,0,6,3,2,7,4) : 66
(1,5,0,6,3,4,2) : 1
(1,5,0,6,3,4,2,7) : 1
(1,5,0,6,3,4,7,2) : 2
(1,5,0,6,3,7,2,4) : 53
(1,5,0,6,3,7,4) : 1
(1,5,0,6,3,7,4,2) : 12
(1,5,0,6,4,2,3,7) : 2
(1,5,0,6,4,2,7,3) : 4
(1,5,0,6,4,3,2,7) : 1
(1,5,0,6,4,7,2,3) : 7
(1,5,0,6,4,7,3,2) : 3
(1,5,0,6,7) : 1
(1,5,0,6,7,2,3,4) : 137
(1,5,0,6,7,2,4,3) : 43
(1,5,0,6,7,3,2) : 2
(1,5,0,6,7,3,2,4) : 158
(1,5,0,6,7,3,4) : 1
(1,5,0,6,7,3,4,2) : 9
(1,5,0,6,7,4,2,3) : 11
(1,5,0,6,7,4,3) : 1
(1,5,0,6,7,4,3,2) : 6
(1,5,0,7) : 4
(1,5,0,7,2) : 1
(1,5,0,7,2,3,4) : 2
(1,5,0,7,2,3,6,4) : 1
(1,5,0,7,2,6,3) : 1
(1,5,0,7,2,6,3,4) : 13
(1,5,0,7,2,6,4,3) : 3
(1,5,0,7,3) : 1
(1,5,0,7,3,2,6,4) : 6
(1,5,0,7,3,6) : 1
(1,5,0,7,3,6,2,4) : 16
(1,5,0,7,3,6,4,2) : 1
(1,5,0,7,4,2,3,6) : 3
(1,5,0,7,4,2,6,3) : 1
(1,5,0,7,4,3,6,2) : 2
(1,5,0,7,4,6,2,3) : 2
(1,5,0,7,6,2,3) : 4
(1,5,0,7,6,2,3,4) : 64
(1,5,0,7,6,2,4,3) : 8
(1,5,0,7,6,3,2,4) : 31
(1,5,0,7,6,3,4,2) : 3
(1,5,0,7,6,4,2,3) : 4
(1,5,0,7,6,4,3,2) : 1
(1,5,2) : 10
(1,5,2,0,3,6,7,4) : 2
(1,5,2,0,3,7,6,4) : 1
(1,5,2,0,6,3,7,4) : 3
(1,5,2,0,6,7,3,4) : 6
(1,5,2,0,7,6,3,4) : 2
(1,5,2,3) : 3
(1,5,2,3,0,7,6,4) : 1
(1,5,2,3,6,0,7,4) : 1
(1,5,2,4,7,6,0,3) : 1
(1,5,2,6,0,3,4,7) : 1
(1,5,2,6,0,3,7,4) : 5
(1,5,2,6,0,4,7) : 1
(1,5,2,6,0,7,4,3) : 2
(1,5,2,6,7,0,3,4) : 2
(1,5,2,6,7,3,0,4) : 2
(1,5,2,7,3,0,6,4) : 1
(1,5,2,7,4,3) : 1
(1,5,2,7,6,0,3,4) : 4
(1,5,2,7,6,4,0,3) : 1
(1,5,3) : 30
(1,5,3,0) : 8
(1,5,3,0,2,6,7,4) : 6
(1,5,3,0,2,7,6,4) : 2
(1,5,3,0,4,7,6,2) : 1
(1,5,3,0,6) : 2
(1,5,3,0,6,2) : 2
(1,5,3,0,6,2,4,7) : 2
(1,5,3,0,6,2,7,4) : 25
(1,5,3,0,6,4,2,7) : 1
(1,5,3,0,6,7,2,4) : 23
(1,5,3,0,6,7,4) : 4
(1,5,3,0,6,7,4,2) : 8
(1,5,3,0,7,4,2,6) : 1
(1,5,3,0,7,6,2,4) : 8
(1,5,3,2,0,6,7,4) : 2
(1,5,3,2,4,7,0,6) : 1
(1,5,3,2,4,7,6,0) : 1
(1,5,3,2,6,0,4,7) : 1
(1,5,3,2,6,0,7,4) : 5
(1,5,3,2,7,6,4,0) : 1
(1,5,3,4,6,0,7,2) : 1
(1,5,3,6) : 2
(1,5,3,6,0,2,7,4) : 12
(1,5,3,6,0,4,7,2) : 1
(1,5,3,6,0,7,2,4) : 2
(1,5,3,6,0,7,4,2) : 2
(1,5,3,6,2,0,4,7) : 1
(1,5,3,6,2,0,7,4) : 1
(1,5,3,6,2,4,0,7) : 1
(1,5,3,6,2,7,4,0) : 1
(1,5,3,6,7,0,2,4) : 2
(1,5,3,6,7,0,4) : 1
(1,5,3,6,7,0,4,2) : 1
(1,5,3,6,7,2,0,4) : 2
(1,5,3,6,7,2,4,0) : 1
(1,5,3,6,7,4,2,0) : 2
(1,5,3,7,0,6,2,4) : 2
(1,5,3,7,2,6,0) : 1
(1,5,3,7,2,6,0,4) : 1
(1,5,3,7,4,6,0,2) : 1
(1,5,3,7,6,2,0,4) : 1
(1,5,4,3,0,6,7,2) : 1
(1,5,4,6,0,2,3,7) : 1
(1,5,4,6,0,3,2,7) : 1
(1,5,4,6,2,3,0,7) : 1
(1,5,4,7,2,6,0,3) : 1
(1,5,4,7,3,0,6,2) : 1
(1,5,4,7,3,2,6,0) : 2
(1,5,4,7,6,2,3,0) : 1
(1,5,6) : 34
(1,5,6,0) : 7
(1,5,6,0,2,3,7) : 1
(1,5,6,0,2,3,7,4) : 16
(1,5,6,0,2,4,7,3) : 2
(1,5,6,0,2,7,3,4) : 27
(1,5,6,0,2,7,4,3) : 4
(1,5,6,0,3) : 2
(1,5,6,0,3,2,4,7) : 2
(1,5,6,0,3,2,7,4) : 26
(1,5,6,0,3,4,2,7) : 2
(1,5,6,0,3,4,7,2) : 2
(1,5,6,0,3,7,2,4) : 16
(1,5,6,0,3,7,4,2) : 2
(1,5,6,0,4,7,2,3) : 1
(1,5,6,0,7) : 2
(1,5,6,0,7,2,3) : 1
(1,5,6,0,7,2,3,4) : 17
(1,5,6,0,7,2,4,3) : 5
(1,5,6,0,7,3,2,4) : 9
(1,5,6,0,7,3,4,2) : 5
(1,5,6,0,7,4,2,3) : 2
(1,5,6,0,7,4,3,2) : 3
(1,5,6,2) : 1
(1,5,6,2,0) : 1
(1,5,6,2,0,3,7,4) : 6
(1,5,6,2,0,4,3,7) : 1
(1,5,6,2,0,4,7,3) : 1
(1,5,6,2,0,7,3,4) : 3
(1,5,6,2,0,7,4,3) : 1
(1,5,6,2,3,0,7,4) : 1
(1,5,6,2,3,4,0,7) : 1
(1,5,6,2,3,4,7,0) : 1
(1,5,6,2,3,7,0,4) : 1
(1,5,6,2,3,7,4,0) : 1
(1,5,6,2,7,0,3,4) : 8
(1,5,6,2,7,3,0,4) : 3
(1,5,6,2,7,4,0,3) : 5
(1,5,6,3) : 1
(1,5,6,3,0,2,7,4) : 6
(1,5,6,3,0,4,7,2) : 1
(1,5,6,3,0,7,2,4) : 4
(1,5,6,3,0,7,4) : 1
(1,5,6,3,0,7,4,2) : 1
(1,5,6,3,2,0,7,4) : 1
(1,5,6,3,2,4,7,0) : 1
(1,5,6,3,2,7,0,4) : 2
(1,5,6,3,7,0,2,4) : 2
(1,5,6,3,7,2,0,4) : 1
(1,5,6,3,7,4,2,0) : 1
(1,5,6,4,0,2,3,7) : 1
(1,5,6,4,0,7,2,3) : 1
(1,5,6,4,3,0,2,7) : 1
(1,5,6,7,0,2,3) : 1
(1,5,6,7,0,2,3,4) : 11
(1,5,6,7,0,2,4,3) : 2
(1,5,6,7,0,3,2,4) : 5
(1,5,6,7,2,0,3,4) : 7
(1,5,6,7,2,3,0,4) : 1
(1,5,6,7,2,4,0,3) : 2
(1,5,6,7,2,4,3,0) : 2
(1,5,6,7,3,0,2,4) : 3
(1,5,6,7,3,2,0,4) : 2
(1,5,6,7,3,2,4,0) : 1
(1,5,6,7,4,2,0,3) : 1
(1,5,7) : 3
(1,5,7,0) : 1
(1,5,7,0,2,3,6,4) : 2
(1,5,7,0,2,6,3,4) : 2
(1,5,7,0,3,2,4,6) : 1
(1,5,7,0,3,2,6,4) : 1
(1,5,7,0,3,6,2,4) : 4
(1,5,7,0,6,2,3,4) : 2
(1,5,7,0,6,2,4,3) : 1
(1,5,7,0,6,3,2,4) : 1
(1,5,7,0,6,3,4,2) : 1
(1,5,7,2,3,6,0,4) : 1
(1,5,7,2,6,0,4,3) : 1
(1,5,7,2,6,4,0,3) : 1
(1,5,7,3,0,6,2,4) : 1
(1,5,7,3,2,6,0,4) : 1
(1,5,7,3,6,0,2,4) : 2
(1,5,7,4,2,0,6,3) : 1
(1,5,7,4,3,0,6,2) : 1
(1,5,7,4,3,2,6,0) : 1
(1,5,7,4,3,6,0,2) : 1
(1,5,7,4,6,2,0,3) : 1
(1,5,7,6) : 1
(1,5,7,6,0,2,3,4) : 6
(1,5,7,6,0,2,4,3) : 1
(1,5,7,6,0,3,2,4) : 7
(1,5,7,6,0,3,4) : 1
(1,5,7,6,0,3,4,2) : 1
(1,5,7,6,2,0,3,4) : 2
(1,5,7,6,2,3,0) : 1
(1,5,7,6,2,3,0,4) : 1
(1,5,7,6,3,0,4,2) : 1
(1,5,7,6,4,2,0,3) : 1
(1,6) : 51
(1,6,0) : 14
(1,6,0,2) : 1
(1,6,0,2,3,4,5,7) : 1
(1,6,0,2,3,7,4,5) : 9
(1,6,0,2,3,7,5,4) : 1
(1,6,0,2,5,4,7,3) : 2
(1,6,0,2,5,7,3,4) : 1
(1,6,0,2,5,7,4,3) : 1
(1,6,0,2,7,3,4,5) : 1
(1,6,0,2,7,4,3,5) : 1
(1,6,0,2,7,4,5,3) : 1
(1,6,0,2,7,5,4,3) : 3
(1,6,0,3,2,5,7,4) : 1
(1,6,0,3,2,7,4,5) : 4
(1,6,0,3,5,2,7,4) : 1
(1,6,0,3,5,7,2,4) : 2
(1,6,0,3,7,4,5,2) : 1
(1,6,0,3,7,5,2,4) : 2
(1,6,0,4,3,2,7,5) : 1
(1,6,0,4,5) : 1
(1,6,0,4,5,7,2,3) : 1
(1,6,0,4,7) : 1
(1,6,0,5) : 6
(1,6,0,5,2,3,7,4) : 2
(1,6,0,5,2,4,7,3) : 1
(1,6,0,5,2,7,3,4) : 2
(1,6,0,5,2,7,4,3) : 2
(1,6,0,5,3,2,7) : 1
(1,6,0,5,3,2,7,4) : 7
(1,6,0,5,3,4,2,7) : 1
(1,6,0,5,3,4,7,2) : 1
(1,6,0,5,4,3,7,2) : 1
(1,6,0,5,4,7,2,3) : 2
(1,6,0,5,7,2,3,4) : 5
(1,6,0,5,7,3,2,4) : 8
(1,6,0,5,7,4,2,3) : 1
(1,6,0,7,2,3,5,4) : 1
(1,6,0,7,2,5,3,4) : 1
(1,6,0,7,5,2,3,4) : 2
(1,6,0,7,5,2,4,3) : 1
(1,6,2) : 1
(1,6,2,0,3,4,5,7) : 1
(1,6,2,0,3,5,4,7) : 1
(1,6,2,0,3,7,4,5) : 6
(1,6,2,0,3,7,5,4) : 3
(1,6,2,0,5) : 1
(1,6,2,0,5,4,3,7) : 1
(1,6,2,0,5,7,3,4) : 1
(1,6,2,3,0) : 1
(1,6,2,3,0,7,4,5) : 1
(1,6,2,3,5,7,0,4) : 1
(1,6,2,3,7,0,4,5) : 1
(1,6,2,3,7,4,5,0) : 2
(1,6,2,4,5,7,0,3) : 1
(1,6,2,4,7,3,0,5) : 1
(1,6,2,5,0,3,7,4) : 1
(1,6,2,5,0,7,4) : 1
(1,6,2,5,3,0,7,4) : 2
(1,6,2,7,0,3,4,5) : 1
(1,6,2,7,0,3,5,4) : 1
(1,6,2,7,5,0,3,4) : 3
(1,6,2,7,5,4,0,3) : 1
(1,6,2,7,5,4,3,0) : 1
(1,6,3) : 3
(1,6,3,0,2,5,7,4) : 2
(1,6,3,0,2,7,4,5) : 1
(1,6,3,0,2,7,5,4) : 1
(1,6,3,0,5) : 1
(1,6,3,0,5,2,4,7) : 2
(1,6,3,0,5,2,7,4) : 4
(1,6,3,0,5,4,7,2) : 4
(1,6,3,0,5,7,2,4) : 4
(1,6,3,0,7,2,4,5) : 1
(1,6,3,0,7,2,5,4) : 2
(1,6,3,0,7,4,5,2) : 1
(1,6,3,2) : 2
(1,6,3,2,0,4,7,5) : 1
(1,6,3,2,0,7,5,4) : 1
(1,6,3,2,7,0,4,5) : 2
(1,6,3,2,7,0,5,4) : 1
(1,6,3,2,7,4,5,0) : 3
(1,6,3,2,7,5,4,0) : 1
(1,6,3,4,5,2,7,0) : 1
(1,6,3,5) : 1
(1,6,3,5,0) : 1
(1,6,3,5,0,2,7,4) : 1
(1,6,3,5,0,7,2,4) : 1
(1,6,3,5,2,0,7,4) : 1
(1,6,3,5,2,7,0,4) : 1
(1,6,3,5,2,7,4,0) : 1
(1,6,3,5,4,7,0,2) : 1
(1,6,3,5,7,0,2,4) : 1
(1,6,3,7,0,2,5,4) : 2
(1,6,3,7,0,5,2,4) : 1
(1,6,3,7,4,2,0,5) : 1
(1,6,3,7,4,5,0,2) : 1
(1,6,3,7,5,2,4,0) : 1
(1,6,4,0,2,3) : 1
(1,6,4,5,2,3,0,7) : 1
(1,6,5) : 14
(1,6,5,0) : 7
(1,6,5,0,2,3,7) : 1
(1,6,5,0,2,3,7,4) : 7
(1,6,5,0,2,4,7,3) : 1
(1,6,5,0,2,7,3,4) : 10
(1,6,5,0,2,7,4,3) : 3
(1,6,5,0,3) : 2
(1,6,5,0,3,2,4,7) : 2
(1,6,5,0,3,2,7,4) : 9
(1,6,5,0,3,7,2,4) : 4
(1,6,5,0,3,7,4,2) : 1
(1,6,5,0,4) : 1
(1,6,5,0,4,2,7,3) : 1
(1,6,5,0,7,2,3,4) : 4
(1,6,5,0,7,3,2,4) : 4
(1,6,5,0,7,4,2,3) : 3
(1,6,5,2) : 2
(1,6,5,2,0,3,4,7) : 2
(1,6,5,2,0,3,7,4) : 3
(1,6,5,2,0,7,3,4) : 1
(1,6,5,2,0,7,4,3) : 1
(1,6,5,2,3,0,7,4) : 1
(1,6,5,2,7,0,3,4) : 1
(1,6,5,2,7,0,4,3) : 2
(1,6,5,2,7,3,0,4) : 3
(1,6,5,2,7,3,4,0) : 1
(1,6,5,3,0,2,4,7) : 1
(1,6,5,3,0,2,7,4) : 3
(1,6,5,3,0,4,7) : 1
(1,6,5,3,0,7,2,4) : 2
(1,6,5,3,0,7,4,2) : 1
(1,6,5,3,2,0,7,4) : 1
(1,6,5,3,2,7,0,4) : 1
(1,6,5,3,7,0,2,4) : 1
(1,6,5,3,7,0,4,2) : 1
(1,6,5,3,7,4,2,0) : 1
(1,6,5,4) : 1
(1,6,5,4,7,3,2,0) : 1
(1,6,5,7,0,2,4,3) : 1
(1,6,5,7,2,0,3,4) : 5
(1,6,5,7,2,3,0,4) : 3
(1,6,7,0,4,2,5,3) : 1
(1,6,7,0,5,2,3,4) : 1
(1,6,7,2,0,5,3,4) : 1
(1,6,7,2,5,0,3,4) : 2
(1,6,7,3,2,0,4,5) : 1
(1,6,7,3,2,0,5,4) : 1
(1,6,7,3,5,2,4,0) : 1
(1,6,7,4,3,2,0,5) : 1
(1,6,7,4,3,5,0,2) : 1
(1,6,7,4,5,3,2,0) : 1
(1,6,7,5,0,3,2,4) : 1
(1,6,7,5,2,0,3,4) : 1
(1,6,7,5,2,3,0,4) : 1
(1,6,7,5,2,4,0,3) : 1
(1,6,7,5,4,2,0,3) : 2
(1,7) : 14
(1,7,0) : 3
(1,7,0,5) : 1
(1,7,0,5,3,6,2,4) : 1
(1,7,0,5,6,2,4,3) : 2
(1,7,0,6,2,5,4,3) : 1
(1,7,0,6,5,2,4,3) : 1
(1,7,2,0,6,3,4,5) : 1
(1,7,2,0,6,5,3,4) : 1
(1,7,2,6,3,0,4,5) : 1
(1,7,3,0,2,5,4,6) : 1
(1,7,3,0,6,2,4,5) : 3
(1,7,3,0,6,2,5,4) : 1
(1,7,3,0,6,5,2,4) : 1
(1,7,3,5) : 1
(1,7,3,5,0,6,2,4) : 1
(1,7,3,5,6,0,4,2) : 1
(1,7,3,6,0,2,5,4) : 1
(1,7,3,6,0,4,5) : 1
(1,7,3,6,2,0,4,5) : 1
(1,7,3,6,5,0,2,4) : 1
(1,7,5) : 3
(1,7,5,0,3,2,6,4) : 1
(1,7,5,0,3,4,6,2) : 1
(1,7,5,0,3,6,2,4) : 1
(1,7,5,0,6,2,3,4) : 1
(1,7,5,0,6,2,4,3) : 1
(1,7,5,0,6,3,4,2) : 1
(1,7,5,0,6,4,3,2) : 1
(1,7,5,2,6,3,0,4) : 1
(1,7,5,3,6,0,2,4) : 1
(1,7,5,4,3,6,0,2) : 1
(1,7,5,6) : 1
(1,7,5,6,0,2,3,4) : 1
(1,7,5,6,0,3) : 1
(1,7,5,6,2,3,0,4) : 1
(1,7,5,6,3,0,4,2) : 1
(1,7,5,6,3,2,0,4) : 1
(1,7,6) : 1
(1,7,6,0,3,2,4,5) : 1
(1,7,6,0,3,2,5,4) : 1
(1,7,6,0,5,2,3,4) : 1
(1,7,6,0,5,3,2,4) : 1
(1,7,6,2) : 1
(1,7,6,2,4,5,0,3) : 1
(1,7,6,2,5,0,4,3) : 1
(1,7,6,2,5,3,0,4) : 1
(1,7,6,2,5,4,0,3) : 1
(1,7,6,3,0,5,2,4) : 1
(1,7,6,3,5,0,2,4) : 1
(1,7,6,4,2,3,5,0) : 1
(1,7,6,5,0,2,3,4) : 4
(1,7,6,5,3,0,2,4) : 1
(1,7,6,5,4,2,0,3) : 1
(2) : 294
(2,0) : 11
(2,0,1) : 1
(2,0,1,6,3) : 1
(2,0,3) : 2
(2,0,3,1,6,7,4,5) : 1
(2,0,4,7,3,5,1,6) : 1
(2,0,5) : 5
(2,0,5,1,6,3,7,4) : 1
(2,0,5,3,1,6,4,7) : 1
(2,0,5,3,6,1,7,4) : 1
(2,0,6,1,3,7,4,5) : 3
(2,0,6,1,4,5,7,3) : 1
(2,0,6,1,7,3,5,4) : 1
(2,0,6,1,7,4,5) : 1
(2,1) : 13
(2,1,3,4) : 1
(2,1,3,4,7,5,6,0) : 1
(2,1,3,5,6,7,4,0) : 1
(2,1,3,6) : 1
(2,1,3,6,0,7,4,5) : 1
(2,1,3,6,7,5,0,4) : 1
(2,1,3,7,5,4,0,6) : 1
(2,1,5) : 2
(2,1,5,0,6,3,7,4) : 2
(2,1,5,0,6,7,3,4) : 1
(2,1,5,0,6,7,4,3) : 1
(2,1,5,6,0,3,7,4) : 1
(2,1,5,6,7,0,3,4) : 1
(2,1,6) : 2
(2,1,6,0,3) : 1
(2,1,6,0,3,4,7,5) : 1
(2,1,6,0,3,7,4,5) : 2
(2,1,6,0,5,7,3,4) : 1
(2,1,6,3,0,7,4,5) : 1
(2,1,6,3,4,7,0,5) : 1
(2,1,6,3,5,4,7,0) : 1
(2,1,6,3,7,0,5,4) : 1
(2,1,6,5,0,7,3,4) : 1
(2,1,6,7,0,3) : 1
(2,1,6,7,4,3,0,5) : 1
(2,1,6,7,4,5,0,3) : 1
(2,1,6,7,5,0,3,4) : 1
(2,1,6,7,5,4,3,0) : 1
(2,1,7,0,6,3,4,5) : 1
(2,3) : 24
(2,3,0) : 4
(2,3,0,6,1,5,4,7) : 1
(2,3,0,6,1,7,4,5) : 1
(2,3,0,6,1,7,5,4) : 1
(2,3,0,6,7,5,4,1) : 1
(2,3,0,7,6,1,5,4) : 1
(2,3,1) : 3
(2,3,1,0,6,5,7,4) : 1
(2,3,1,6,0,4,5,7) : 1
(2,3,1,6,4,0,7,5) : 1
(2,3,1,6,4,7,5,0) : 1
(2,3,1,6,5,4,7,0) : 1
(2,3,1,6,5,7,4,0) : 1
(2,3,1,6,7,0,4,5) : 1
(2,3,4) : 1
(2,3,5) : 1
(2,3,5,0) : 1
(2,3,5,0,6,1,7,4) : 1
(2,3,5,0,6,4,7,1) : 1
(2,3,5,4,0,6,7,1) : 1
(2,3,5,4,7,1,6,0) : 1
(2,3,5,6,1,4,0) : 1
(2,3,5,6,4,7,0,1) : 1
(2,3,6,1,0,7,4,5) : 2
(2,3,6,1,4,5,0,7) : 1
(2,3,6,1,5,7,0,4) : 1
(2,3,6,1,7,0,5,4) : 1
(2,3,6,1,7,5,0,4) : 1
(2,3,6,4,0) : 1
(2,3,6,4,7,0,5,1) : 1
(2,3,6,7,0,4,5,1) : 1
(2,3,6,7,4,1,5,0) : 1
(2,3,7,1,0,6,5,4) : 1
(2,3,7,4,1,6,0,5) : 1
(2,3,7,4,5,0,6,1) : 1
(2,3,7,4,5,1,6,0) : 1
(2,3,7,6,4,1,0,5) : 1
(2,4) : 1
(2,4,3) : 1
(2,4,5,7,3,6,0,1) : 1
(2,5) : 8
(2,5,0,3,1,6,7,4) : 1
(2,5,0,3,4,6,1,7) : 1
(2,5,0,3,7,1,6,4) : 1
(2,5,0,4,6,1,3,7) : 1
(2,5,0,6,4,3,1,7) : 1
(2,5,0,7,4,1,6,3) : 1
(2,5,0,7,6,1,3,4) : 1
(2,5,1,0,3,6,7,4) : 1
(2,5,1,0,3,7,6,4) : 1
(2,5,1,3,0,6,7,4) : 1
(2,5,1,3,6,7,0,4) : 1
(2,5,1,4,7,0,6,3) : 1
(2,5,1,6,0,7,3,4) : 1
(2,5,1,6,0,7,4,3) : 1
(2,5,3) : 2
(2,5,3,7,4,1,6,0) : 1
(2,5,4) : 1
(2,5,4,7,0,6,1,3) : 1
(2,5,4,7,3,6,0,1) : 1
(2,5,7,1,0,6,3,4) : 1
(2,5,7,3,0,4,1,6) : 1
(2,6) : 3
(2,6,0) : 1
(2,6,0,1,3,7,4,5) : 2
(2,6,0,1,4,5,7,3) : 1
(2,6,0,1,7,3,4,5) : 1
(2,6,1) : 1
(2,6,1,3,0,7,4,5) : 1
(2,6,1,3,7,4,5,0) : 2
(2,6,1,4,5,7,3,0) : 1
(2,6,1,7,4,5,0,3) : 1
(2,6,7,5,3,0,4,1) : 1
(2,6,7,5,3,1,4,0) : 1
(2,7) : 1
(2,7,0,6,1,3,4,5) : 1
(2,7,0,6,3,1,4,5) : 1
(2,7,3,6,1,5,4,0) : 1
(2,7,4,0) : 1
(2,7,4,0,6) : 1
(2,7,4,5,1,6,3,0) : 1
(2,7,5) : 1
(3) : 9606
(3,0) : 89
(3,0,1) : 15
(3,0,1,2,4,5,7,6) : 1
(3,0,1,2,5) : 1
(3,0,1,2,5,6,4,7) : 1
(3,0,1,2,6,4,7,5) : 1
(3,0,1,2,6,7,4,5) : 2
(3,0,1,2,6,7,5,4) : 1
(3,0,1,2,7,5,6,4) : 1
(3,0,1,2,7,6,4,5) : 1
(3,0,1,5) : 2
(3,0,1,5,2) : 1
(3,0,1,5,2,6,7,4) : 1
(3,0,1,5,6,2,4,7) : 1
(3,0,1,5,6,2,7) : 1
(3,0,1,5,6,2,7,4) : 2
(3,0,1,5,6,7,2,4) : 3
(3,0,1,5,6,7,4) : 1
(3,0,1,5,6,7,4,2) : 1
(3,0,1,5,7,2,6,4) : 1
(3,0,1,5,7,6,2,4) : 4
(3,0,1,5,7,6,4,2) : 1
(3,0,1,6) : 2
(3,0,1,6,2) : 1
(3,0,1,6,2,4,5,7) : 1
(3,0,1,6,2,5,4,7) : 2
(3,0,1,6,2,5,7,4) : 2
(3,0,1,6,2,7,4,5) : 4
(3,0,1,6,4,5,2,7) : 1
(3,0,1,6,5,2,4,7) : 1
(3,0,1,6,5,2,7,4) : 3
(3,0,1,6,5,4,2,7) : 1
(3,0,1,6,5,4,7,2) : 1
(3,0,1,6,5,7,2,4) : 5
(3,0,1,6,7,2,4,5) : 1
(3,0,1,6,7,4,2,5) : 2
(3,0,1,6,7,4,5) : 1
(3,0,1,6,7,5,2,4) : 1
(3,0,1,6,7,5,4,2) : 1
(3,0,1,7,2,6,5,4) : 3
(3,0,1,7,5,2,6,4) : 1
(3,0,1,7,6,2,4,5) : 1
(3,0,1,7,6,2,5,4) : 2
(3,0,2) : 2
(3,0,2,1,6,5,7,4) : 1
(3,0,2,1,6,7,4,5) : 2
(3,0,2,1,6,7,5,4) : 2
(3,0,2,5,1,6,7,4) : 1
(3,0,2,5,6,1,4,7) : 1
(3,0,2,5,6,7,1,4) : 1
(3,0,2,6,1,7,4,5) : 1
(3,0,2,6,1,7,5,4) : 1
(3,0,2,6,5,7,1,4) : 1
(3,0,2,7,1,6,4,5) : 1
(3,0,2,7,4,5,6,1) : 1
(3,0,2,7,6,1,5,4) : 1
(3,0,2,7,6,5,1,4) : 1
(3,0,4) : 1
(3,0,4,1,6,2,7,5) : 2
(3,0,4,2,5,1,6,7) : 1
(3,0,4,5,7,2,1,6) : 1
(3,0,4,6,7,2,5,1) : 1
(3,0,4,7,1,6,2,5) : 1
(3,0,4,7,2,6,5,1) : 1
(3,0,4,7,5,6,2,1) : 1
(3,0,5) : 29
(3,0,5,1,2,6,7,4) : 1
(3,0,5,1,4,7,2) : 1
(3,0,5,1,6,2) : 1
(3,0,5,1,6,2,4,7) : 2
(3,0,5,1,6,2,7,4) : 7
(3,0,5,1,6,4,2,7) : 1
(3,0,5,1,6,4,7,2) : 2
(3,0,5,1,6,7,2,4) : 1
(3,0,5,1,6,7,4,2) : 1
(3,0,5,2,1,6,7,4) : 3
(3,0,5,2,6) : 1
(3,0,5,2,6,1,7,4) : 2
(3,0,5,2,7,1,6,4) : 1
(3,0,5,2,7,4,1,6) : 1
(3,0,5,2,7,4,6,1) : 1
(3,0,5,4) : 1
(3,0,5,4,1,2,7,6) : 1
(3,0,5,4,1,6,2,7) : 1
(3,0,5,4,1,7,6,2) : 1
(3,0,5,4,2,1,6,7) : 2
(3,0,5,4,2,6,1,7) : 1
(3,0,5,4,6,1,2,7) : 2
(3,0,5,4,7,1,6,2) : 1
(3,0,5,4,7,2,1,6) : 4
(3,0,5,4,7,2,6,1) : 1
(3,0,5,6) : 1
(3,0,5,6,1,2,4,7) : 3
(3,0,5,6,1,2,7,4) : 6
(3,0,5,6,1,4,2,7) : 1
(3,0,5,6,1,4,7) : 1
(3,0,5,6,1,7,2,4) : 1
(3,0,5,6,2,1,7,4) : 1
(3,0,5,6,4,7,2,1) : 2
(3,0,5,7,1,6,2,4) : 2
(3,0,5,7,1,6,4,2) : 1
(3,0,5,7,4,2,1,6) : 1
(3,0,5,7,6,2,1,4) : 1
(3,0,6) : 1
(3,0,6,1,2) : 1
(3,0,6,1,2,4,5,7) : 1
(3,0,6,1,2,4,7,5) : 1
(3,0,6,1,2,5,4,7) : 6
(3,0,6,1,2,5,7,4) : 2
(3,0,6,1,2,7,4,5) : 22
(3,0,6,1,2,7,5,4) : 5
(3,0,6,1,4,5,7,2) : 1
(3,0,6,1,5) : 1
(3,0,6,1,5,2,7,4) : 3
(3,0,6,1,5,4,2,7) : 1
(3,0,6,1,5,4,7,2) : 3
(3,0,6,1,5,7,4,2) : 1
(3,0,6,1,7,2,4,5) : 4
(3,0,6,1,7,2,5,4) : 2
(3,0,6,1,7,4,5) : 1
(3,0,6,1,7,4,5,2) : 3
(3,0,6,1,7,5,4,2) : 2
(3,0,6,2,1,5,7,4) : 2
(3,0,6,2,1,7,5,4) : 1
(3,0,6,2,5,7,1,4) : 1
(3,0,6,5,1,7,2,4) : 1
(3,0,6,5,4,7,1,2) : 1
(3,0,6,5,4,7,2,1) : 1
(3,0,6,5,7,4,2,1) : 1
(3,0,6,7,2,1,5,4) : 1
(3,0,6,7,2,5,1,4) : 1
(3,0,6,7,4,5,1,2) : 1
(3,0,6,7,5,1,2,4) : 1
(3,0,6,7,5,2,1,4) : 1
(3,0,7) : 1
(3,0,7,1,6) : 1
(3,0,7,2,4,5,1,6) : 1
(3,0,7,2,4,6,5,1) : 1
(3,0,7,4,5,2,1,6) : 1
(3,0,7,4,6,5,2,1) : 1
(3,0,7,5,4,2,1,6) : 1
(3,0,7,5,6,1,4,2) : 1
(3,0,7,6,1,2,5,4) : 1
(3,1) : 2048
(3,1,0) : 32
(3,1,0,2) : 2
(3,1,0,2,4,5,6,7) : 1
(3,1,0,2,5,4,6,7) : 1
(3,1,0,2,6,4,7,5) : 1
(3,1,0,2,6,5,4,7) : 1
(3,1,0,2,6,7,4,5) : 2
(3,1,0,2,6,7,5,4) : 4
(3,1,0,2,7,4,5,6) : 1
(3,1,0,4,2,6,5,7) : 1
(3,1,0,4,5,2,7,6) : 2
(3,1,0,4,5,6,2,7) : 1
(3,1,0,4,5,7,6,2) : 1
(3,1,0,4,6,2,5,7) : 1
(3,1,0,4,6,5,7,2) : 2
(3,1,0,4,6,7,2,5) : 1
(3,1,0,4,6,7,5,2) : 1
(3,1,0,5,2,4,7,6) : 1
(3,1,0,5,2,6,7,4) : 3
(3,1,0,5,2,7,4,6) : 2
(3,1,0,5,2,7,6,4) : 1
(3,1,0,5,4,6,2,7) : 1
(3,1,0,5,4,7,2,6) : 2
(3,1,0,5,4,7,6,2) : 1
(3,1,0,5,6,2,7,4) : 9
(3,1,0,5,6,4,7,2) : 2
(3,1,0,5,6,7,2,4) : 4
(3,1,0,5,6,7,4,2) : 1
(3,1,0,5,7,2,6,4) : 1
(3,1,0,5,7,4,6,2) : 1
(3,1,0,5,7,6,2,4) : 3
(3,1,0,6) : 1
(3,1,0,6,2,5,4,7) : 1
(3,1,0,6,2,7,4,5) : 33
(3,1,0,6,2,7,5,4) : 1
(3,1,0,6,4,2,7,5) : 1
(3,1,0,6,4,5,7,2) : 3
(3,1,0,6,5,2,7,4) : 4
(3,1,0,6,5,7,2,4) : 3
(3,1,0,6,7,2,4,5) : 4
(3,1,0,6,7,2,5,4) : 3
(3,1,0,6,7,4,2,5) : 1
(3,1,0,6,7,4,5) : 2
(3,1,0,6,7,4,5,2) : 1
(3,1,0,6,7,5,2,4) : 2
(3,1,0,6,7,5,4,2) : 3
(3,1,0,7,5,6,2,4) : 2
(3,1,0,7,6,2,4,5) : 1
(3,1,0,7,6,2,5,4) : 1
(3,1,0,7,6,4,2,5) : 1
(3,1,0,7,6,5,4,2) : 2
(3,1,2) : 13
(3,1,2,0,6,7,4,5) : 1
(3,1,2,0,6,7,5,4) : 3
(3,1,2,4,6,0,7,5) : 1
(3,1,2,4,6,7,0,5) : 2
(3,1,2,4,7,5,6,0) : 1
(3,1,2,5) : 1
(3,1,2,5,0,6,7,4) : 1
(3,1,2,5,4,6,7,0) : 1
(3,1,2,5,4,7,6,0) : 2
(3,1,2,5,6,0,7,4) : 2
(3,1,2,5,6,4,7,0) : 2
(3,1,2,5,6,7,0,4) : 1
(3,1,2,5,7,0,6,4) : 1
(3,1,2,5,7,4,6,0) : 1
(3,1,2,5,7,6,0,4) : 1
(3,1,2,6) : 1
(3,1,2,6,0,7,4,5) : 9
(3,1,2,6,0,7,5,4) : 2
(3,1,2,6,4,7,0,5) : 1
(3,1,2,6,4,7,5,0) : 1
(3,1,2,6,5,0,7,4) : 1
(3,1,2,6,5,4,7,0) : 1
(3,1,2,6,5,7,4,0) : 1
(3,1,2,6,7,0,4,5) : 3
(3,1,2,6,7,0,5,4) : 7
(3,1,2,6,7,4,0,5) : 1
(3,1,2,6,7,4,5,0) : 5
(3,1,2,6,7,5,0,4) : 2
(3,1,2,6,7,5,4,0) : 2
(3,1,2,7,4,0,6,5) : 1
(3,1,2,7,4,5,6,0) : 3
(3,1,2,7,4,6,5,0) : 1
(3,1,2,7,6,0,5,4) : 2
(3,1,2,7,6,4,0,5) : 3
(3,1,2,7,6,4,5,0) : 3
(3,1,2,7,6,5,0,4) : 2
(3,1,2,7,6,5,4,0) : 3
(3,1,4) : 10
(3,1,4,0,5,6,2,7) : 1
(3,1,4,0,6,2,7,5) : 1
(3,1,4,0,6,5,2,7) : 2
(3,1,4,0,7,6,2,5) : 1
(3,1,4,2,5) : 1
(3,1,4,2,5,6,0,7) : 1
(3,1,4,2,6,0,7,5) : 1
(3,1,4,2,6,5,0,7) : 1
(3,1,4,2,6,7,0,5) : 3
(3,1,4,2,6,7,5,0) : 1
(3,1,4,2,7,6,0,5) : 1
(3,1,4,5) : 2
(3,1,4,5,0,2,6,7) : 1
(3,1,4,5,0,6,2,7) : 1
(3,1,4,5,2,7) : 1
(3,1,4,5,6,0,7,2) : 1
(3,1,4,5,6,2,0,7) : 1
(3,1,4,5,6,2,7,0) : 1
(3,1,4,5,6,7,2,0) : 1
(3,1,4,5,7,2,6,0) : 2
(3,1,4,6) : 2
(3,1,4,6,0,5) : 1
(3,1,4,6,0,5,7,2) : 2
(3,1,4,6,0,7,5) : 1
(3,1,4,6,0,7,5,2) : 1
(3,1,4,6,2,7,0,5) : 1
(3,1,4,6,2,7,5,0) : 2
(3,1,4,6,5,0,2,7) : 2
(3,1,4,6,7,0,2,5) : 1
(3,1,4,6,7,0,5) : 1
(3,1,4,6,7,0,5,2) : 2
(3,1,4,6,7,2,0,5) : 2
(3,1,4,6,7,2,5,0) : 2
(3,1,4,6,7,5,0,2) : 1
(3,1,4,7,0) : 1
(3,1,4,7,2,6,0,5) : 1
(3,1,4,7,6,0) : 1
(3,1,4,7,6,0,2,5) : 1
(3,1,4,7,6,2,0,5) : 2
(3,1,4,7,6,2,5,0) : 1
(3,1,4,7,6,5,0,2) : 2
(3,1,5) : 47
(3,1,5,0) : 7
(3,1,5,0,2,6,7,4) : 2
(3,1,5,0,4,6,7,2) : 1
(3,1,5,0,6) : 1
(3,1,5,0,6,2,7,4) : 16
(3,1,5,0,6,7,2,4) : 7
(3,1,5,0,6,7,4) : 1
(3,1,5,0,6,7,4,2) : 4
(3,1,5,0,7,2,6,4) : 1
(3,1,5,0,7,6,2,4) : 3
(3,1,5,0,7,6,4,2) : 1
(3,1,5,2) : 1
(3,1,5,2,6,0,7,4) : 3
(3,1,5,2,6,4,7,0) : 1
(3,1,5,2,6,7,0,4) : 1
(3,1,5,2,6,7,4,0) : 1
(3,1,5,2,7,4,6,0) : 1
(3,1,5,2,7,6,0,4) : 2
(3,1,5,4,0,2,7,6) : 1
(3,1,5,4,0,7,6,2) : 1
(3,1,5,4,2,7,6,0) : 1
(3,1,5,4,7,2,6,0) : 5
(3,1,5,4,7,6,0) : 1
(3,1,5,4,7,6,0,2) : 1
(3,1,5,6) : 4
(3,1,5,6,0,2,7,4) : 3
(3,1,5,6,0,4,7,2) : 2
(3,1,5,6,0,7,2,4) : 5
(3,1,5,6,0,7,4) : 1
(3,1,5,6,0,7,4,2) : 3
(3,1,5,6,2) : 1
(3,1,5,6,2,0,7,4) : 2
(3,1,5,6,2,4,7,0) : 2
(3,1,5,6,2,7,4,0) : 2
(3,1,5,6,4,0,2,7) : 1
(3,1,5,6,4,2,0,7) : 1
(3,1,5,6,4,2,7,0) : 1
(3,1,5,6,4,7,2,0) : 2
(3,1,5,6,7,0,4,2) : 1
(3,1,5,6,7,2,0,4) : 3
(3,1,5,6,7,2,4,0) : 4
(3,1,5,6,7,4,0,2) : 1
(3,1,5,6,7,4,2,0) : 1
(3,1,5,7,0,6,2,4) : 1
(3,1,5,7,0,6,4) : 1
(3,1,5,7,0,6,4,2) : 1
(3,1,5,7,2,0,6,4) : 1
(3,1,5,7,2,6,0,4) : 3
(3,1,5,7,4,0,6,2) : 1
(3,1,5,7,6,0,2,4) : 1
(3,1,5,7,6,2,0,4) : 1
(3,1,5,7,6,2,4,0) : 1
(3,1,5,7,6,4,0,2) : 1
(3,1,6) : 30
(3,1,6,0) : 2
(3,1,6,0,2) : 2
(3,1,6,0,2,4,7,5) : 2
(3,1,6,0,2,5,4,7) : 3
(3,1,6,0,2,5,7,4) : 1
(3,1,6,0,2,7,4,5) : 5
(3,1,6,0,2,7,5,4) : 3
(3,1,6,0,4,2,5) : 1
(3,1,6,0,4,2,7,5) : 1
(3,1,6,0,4,5,7,2) : 1
(3,1,6,0,5,2,4,7) : 1
(3,1,6,0,5,2,7,4) : 3
(3,1,6,0,5,4,2,7) : 2
(3,1,6,0,5,4,7,2) : 1
(3,1,6,0,5,7,2,4) : 6
(3,1,6,0,7,2,4,5) : 2
(3,1,6,0,7,2,5,4) : 1
(3,1,6,0,7,4,5) : 1
(3,1,6,0,7,4,5,2) : 4
(3,1,6,0,7,5,2,4) : 1
(3,1,6,0,7,5,4) : 2
(3,1,6,0,7,5,4,2) : 2
(3,1,6,2) : 2
(3,1,6,2,0,5,4) : 1
(3,1,6,2,0,5,4,7) : 2
(3,1,6,2,0,5,7,4) : 1
(3,1,6,2,0,7,4,5) : 7
(3,1,6,2,0,7,5,4) : 2
(3,1,6,2,4,7) : 1
(3,1,6,2,4,7,0,5) : 2
(3,1,6,2,4,7,5,0) : 3
(3,1,6,2,5,0,7) : 1
(3,1,6,2,5,0,7,4) : 2
(3,1,6,2,5,4,7,0) : 6
(3,1,6,2,5,7,0,4) : 6
(3,1,6,2,5,7,4,0) : 2
(3,1,6,2,7,0,4,5) : 3
(3,1,6,2,7,0,5,4) : 8
(3,1,6,2,7,4,0,5) : 7
(3,1,6,2,7,4,5,0) : 19
(3,1,6,2,7,5,0,4) : 6
(3,1,6,2,7,5,4,0) : 7
(3,1,6,4,0,2,5) : 1
(3,1,6,4,0,2,7,5) : 1
(3,1,6,4,0,7,5,2) : 1
(3,1,6,4,2,0,5) : 1
(3,1,6,4,2,0,5,7) : 1
(3,1,6,4,2,7,0,5) : 2
(3,1,6,4,2,7,5,0) : 4
(3,1,6,4,5,2,0) : 1
(3,1,6,4,5,2,7,0) : 1
(3,1,6,4,5,7,0) : 1
(3,1,6,4,5,7,0,2) : 2
(3,1,6,4,5,7,2,0) : 1
(3,1,6,4,7,0,2,5) : 1
(3,1,6,4,7,2,0,5) : 2
(3,1,6,4,7,2,5,0) : 4
(3,1,6,4,7,5,0) : 1
(3,1,6,4,7,5,0,2) : 1
(3,1,6,5) : 5
(3,1,6,5,0) : 2
(3,1,6,5,0,2,4,7) : 2
(3,1,6,5,0,2,7,4) : 7
(3,1,6,5,0,4,7,2) : 2
(3,1,6,5,0,7,2,4) : 4
(3,1,6,5,0,7,4,2) : 1
(3,1,6,5,2,0,7,4) : 2
(3,1,6,5,2,7,0,4) : 2
(3,1,6,5,2,7,4,0) : 2
(3,1,6,5,4,2,0,7) : 1
(3,1,6,5,4,2,7,0) : 3
(3,1,6,5,4,7,0,2) : 1
(3,1,6,5,4,7,2,0) : 4
(3,1,6,5,7,0,2,4) : 5
(3,1,6,5,7,0,4) : 2
(3,1,6,5,7,0,4,2) : 2
(3,1,6,5,7,2,0,4) : 3
(3,1,6,5,7,2,4,0) : 3
(3,1,6,5,7,4,0) : 1
(3,1,6,5,7,4,2,0) : 4
(3,1,6,7) : 2
(3,1,6,7,0) : 1
(3,1,6,7,0,2,4,5) : 4
(3,1,6,7,0,2,5,4) : 4
(3,1,6,7,0,4,2,5) : 1
(3,1,6,7,0,4,5) : 1
(3,1,6,7,0,4,5,2) : 1
(3,1,6,7,0,5,2,4) : 1
(3,1,6,7,2) : 1
(3,1,6,7,2,0,4,5) : 2
(3,1,6,7,2,0,5,4) : 3
(3,1,6,7,2,4,0,5) : 6
(3,1,6,7,2,4,5,0) : 5
(3,1,6,7,2,5,0) : 1
(3,1,6,7,2,5,0,4) : 6
(3,1,6,7,2,5,4,0) : 3
(3,1,6,7,4,0,5,2) : 2
(3,1,6,7,4,2,5,0) : 7
(3,1,6,7,4,5,0) : 1
(3,1,6,7,4,5,2,0) : 2
(3,1,6,7,5,0,2) : 1
(3,1,6,7,5,0,2,4) : 3
(3,1,6,7,5,2) : 1
(3,1,6,7,5,2,0,4) : 3
(3,1,6,7,5,2,4,0) : 1
(3,1,6,7,5,4,0) : 1
(3,1,6,7,5,4,0,2) : 1
(3,1,6,7,5,4,2,0) : 1
(3,1,7) : 5
(3,1,7,0,4,5,6,2) : 1
(3,1,7,2,4,0,5,6) : 1
(3,1,7,2,4,5,0,6) : 1
(3,1,7,2,5,0,6,4) : 1
(3,1,7,2,5,6,0,4) : 2
(3,1,7,2,6,0,5,4) : 1
(3,1,7,2,6,4,0,5) : 1
(3,1,7,2,6,4,5,0) : 1
(3,1,7,2,6,5,0,4) : 1
(3,1,7,4,2,6,0,5) : 4
(3,1,7,4,2,6,5,0) : 1
(3,1,7,4,5,2,6,0) : 5
(3,1,7,4,5,6,0) : 1
(3,1,7,4,6,0,2,5) : 2
(3,1,7,4,6,5,0) : 1
(3,1,7,4,6,5,0,2) : 2
(3,1,7,5,0,2,6,4) : 1
(3,1,7,5,2,6,4,0) : 1
(3,1,7,5,6,0,2,4) : 3
(3,1,7,5,6,2,0,4) : 2
(3,1,7,6,0,2,4,5) : 1
(3,1,7,6,0,4,5,2) : 1
(3,1,7,6,0,5,2,4) : 1
(3,1,7,6,0,5,4) : 1
(3,1,7,6,0,5,4,2) : 1
(3,1,7,6,2,0,4,5) : 3
(3,1,7,6,2,0,5,4) : 2
(3,1,7,6,2,4,0,5) : 1
(3,1,7,6,2,4,5,0) : 4
(3,1,7,6,2,5,0,4) : 1
(3,1,7,6,2,5,4,0) : 1
(3,1,7,6,4,0,5) : 1
(3,1,7,6,4,5,2,0) : 1
(3,1,7,6,5,2,0,4) : 1
(3,1,7,6,5,4,0) : 1
(3,1,7,6,5,4,2,0) : 1
(3,2) : 64
(3,2,0) : 3
(3,2,0,1,5,6,7,4) : 1
(3,2,0,1,6,4,7,5) : 1
(3,2,0,1,6,5,7,4) : 1
(3,2,0,4,1,6,5,7) : 1
(3,2,0,4,1,6,7,5) : 1
(3,2,0,4,7,6,1,5) : 1
(3,2,0,5) : 1
(3,2,0,5,6,1,7,4) : 1
(3,2,0,6,1,7,4,5) : 4
(3,2,0,6,1,7,5,4) : 2
(3,2,0,6,5,7,1,4) : 1
(3,2,0,6,7,1,5,4) : 1
(3,2,0,6,7,4,5,1) : 1
(3,2,0,7,1,6,4,5) : 1
(3,2,1) : 7
(3,2,1,0,5,4,7,6) : 1
(3,2,1,0,5,6,7,4) : 1
(3,2,1,0,6,4,7,5) : 1
(3,2,1,0,6,5,7,4) : 1
(3,2,1,0,6,7,4) : 1
(3,2,1,0,6,7,4,5) : 2
(3,2,1,4,6,0,7,5) : 1
(3,2,1,4,6,7,0,5) : 1
(3,2,1,5,7,6,4,0) : 1
(3,2,1,6) : 2
(3,2,1,6,0,4,7,5) : 1
(3,2,1,6,0,5,4,7) : 2
(3,2,1,6,0,7,4,5) : 14
(3,2,1,6,0,7,5,4) : 3
(3,2,1,6,4) : 2
(3,2,1,6,4,5,7,0) : 1
(3,2,1,6,4,7,0,5) : 2
(3,2,1,6,4,7,5,0) : 3
(3,2,1,6,5,0,7,4) : 1
(3,2,1,6,5,7,4) : 1
(3,2,1,6,5,7,4,0) : 2
(3,2,1,6,7,0,4,5) : 6
(3,2,1,6,7,4,0,5) : 6
(3,2,1,6,7,4,5,0) : 18
(3,2,1,6,7,5,0,4) : 6
(3,2,1,7) : 1
(3,2,1,7,0,6,4,5) : 1
(3,2,1,7,4,5,6,0) : 1
(3,2,1,7,4,6,0,5) : 2
(3,2,1,7,6,4,5,0) : 2
(3,2,4) : 4
(3,2,4,0,6,1,5) : 1
(3,2,4,1,0,5,7,6) : 1
(3,2,4,1,0,6,7,5) : 1
(3,2,4,1,6,0,5,7) : 2
(3,2,4,1,6,0,7,5) : 1
(3,2,4,1,6,7,0,5) : 5
(3,2,4,5,1,6,7,0) : 1
(3,2,4,5,7,1,6,0) : 2
(3,2,4,6,0,5,7,1) : 2
(3,2,4,6,1,0,5,7) : 1
(3,2,4,6,1,7,0,5) : 1
(3,2,4,6,7,0) : 1
(3,2,4,6,7,0,5,1) : 1
(3,2,4,6,7,1,0,5) : 1
(3,2,4,7,0) : 1
(3,2,4,7,0,6,1,5) : 1
(3,2,4,7,1,6,0,5) : 5
(3,2,4,7,1,6,5,0) : 2
(3,2,4,7,5,0,6,1) : 1
(3,2,4,7,5,6,0,1) : 2
(3,2,4,7,6,0,1,5) : 1
(3,2,4,7,6,1,0,5) : 1
(3,2,5) : 5
(3,2,5,1,0,6,4,7) : 1
(3,2,5,1,6,4,7,0) : 2
(3,2,5,1,6,7,4,0) : 1
(3,2,5,4,7) : 1
(3,2,5,4,7,1,6,0) : 3
(3,2,5,6,0,1,7,4) : 1
(3,2,5,6,1,0,7,4) : 1
(3,2,5,6,1,7,4,0) : 1
(3,2,5,6,7,0,4,1) : 1
(3,2,5,7,1,6,0,4) : 1
(3,2,5,7,6,0,1,4) : 1
(3,2,6) : 1
(3,2,6,1,0,4,5,7) : 1
(3,2,6,1,0,7,5,4) : 3
(3,2,6,1,4,5,0,7) : 1
(3,2,6,1,4,7,0,5) : 1
(3,2,6,1,4,7,5,0) : 1
(3,2,6,1,5,4,7,0) : 1
(3,2,6,1,7,0,4,5) : 1
(3,2,6,1,7,0,5,4) : 1
(3,2,6,1,7,4,5,0) : 5
(3,2,6,1,7,5,0,4) : 2
(3,2,6,1,7,5,4,0) : 2
(3,2,6,4,7,0,5,1) : 1
(3,2,6,4,7,1,0,5) : 1
(3,2,6,4,7,1,5,0) : 1
(3,2,6,4,7,5,1,0) : 2
(3,2,6,5,7,1,4,0) : 1
(3,2,6,7,0,1,5,4) : 1
(3,2,6,7,0,4,5,1) : 1
(3,2,6,7,1,0) : 1
(3,2,6,7,1,0,5,4) : 2
(3,2,6,7,1,4,0,5) : 1
(3,2,6,7,4,0,5,1) : 2
(3,2,6,7,4,5,0,1) : 3
(3,2,6,7,4,5,1,0) : 3
(3,2,6,7,5,0,1,4) : 1
(3,2,6,7,5,1,4,0) : 1
(3,2,7) : 2
(3,2,7,0,6,1,4,5) : 1
(3,2,7,1,6,0,4,5) : 3
(3,2,7,1,6,0,5,4) : 1
(3,2,7,1,6,4,0,5) : 3
(3,2,7,1,6,4,5,0) : 1
(3,2,7,1,6,5,0) : 1
(3,2,7,1,6,5,0,4) : 1
(3,2,7,4,0,1,5,6) : 1
(3,2,7,4,1,6,0,5) : 2
(3,2,7,4,5,1,6,0) : 4
(3,2,7,4,5,6,1,0) : 1
(3,2,7,4,6,0,1,5) : 1
(3,2,7,4,6,1,5,0) : 2
(3,2,7,4,6,5,0,1) : 1
(3,2,7,5,0,1,6,4) : 1
(3,2,7,5,0,6,1,4) : 1
(3,2,7,5,4,6,1,0) : 1
(3,2,7,6,0,1) : 1
(3,2,7,6,0,1,4,5) : 2
(3,2,7,6,0,4,5,1) : 1
(3,2,7,6,1,4,0,5) : 1
(3,2,7,6,1,4,5,0) : 1
(3,2,7,6,1,5,4,0) : 2
(3,2,7,6,4,5,0,1) : 1
(3,4) : 104
(3,4,0) : 2
(3,4,0,1,6,7,2,5) : 1
(3,4,0,2,1,6,7,5) : 1
(3,4,0,2,6,1,5,7) : 1
(3,4,0,2,7,6,1,5) : 1
(3,4,0,6,1,2,7,5) : 7
(3,4,0,6,1,7,2,5) : 1
(3,4,0,6,1,7,5,2) : 1
(3,4,0,6,2,1,5,7) : 1
(3,4,0,6,2,7,1,5) : 1
(3,4,0,6,2,7,5,1) : 2
(3,4,0,6,7,1,2,5) : 1
(3,4,0,7) : 1
(3,4,0,7,6,1,2,5) : 3
(3,4,1) : 6
(3,4,1,0) : 1
(3,4,1,0,2,6,7,5) : 1
(3,4,1,0,5,6,2,7) : 1
(3,4,1,0,6,7,5,2) : 1
(3,4,1,2,0,7,5,6) : 1
(3,4,1,2,6,0,7,5) : 1
(3,4,1,2,6,7,0,5) : 2
(3,4,1,2,6,7,5,0) : 1
(3,4,1,2,7,5,6,0) : 1
(3,4,1,5) : 1
(3,4,1,5,6,0,7) : 1
(3,4,1,6) : 1
(3,4,1,6,0,2,5,7) : 1
(3,4,1,6,0,2,7,5) : 2
(3,4,1,6,0,5,7) : 1
(3,4,1,6,0,7,5,2) : 1
(3,4,1,6,2,0,5) : 1
(3,4,1,6,2,0,5,7) : 1
(3,4,1,6,2,7,0,5) : 3
(3,4,1,6,2,7,5) : 1
(3,4,1,6,2,7,5,0) : 2
(3,4,1,6,7,0,5) : 1
(3,4,1,6,7,2,0,5) : 1
(3,4,1,6,7,2,5,0) : 2
(3,4,1,6,7,5,0) : 1
(3,4,1,6,7,5,0,2) : 1
(3,4,1,7,6,5,2,0) : 1
(3,4,2) : 3
(3,4,2,0,6,7,1,5) : 1
(3,4,2,1) : 1
(3,4,2,1,6) : 1
(3,4,2,1,6,5,0,7) : 2
(3,4,2,1,6,7,0,5) : 4
(3,4,2,1,6,7,5,0) : 7
(3,4,2,1,7,5,0) : 1
(3,4,2,1,7,6,0,5) : 2
(3,4,2,6,0,1,7,5) : 1
(3,4,2,6,0,7,1,5) : 1
(3,4,2,6,1,0,7,5) : 1
(3,4,2,6,1,7,0,5) : 2
(3,4,2,6,1,7,5,0) : 3
(3,4,2,6,7,0,1,5) : 2
(3,4,2,6,7,0,5,1) : 2
(3,4,2,6,7,1,5,0) : 1
(3,4,2,6,7,5,0,1) : 1
(3,4,2,7,0,6,1,5) : 1
(3,4,2,7,1,6,0,5) : 2
(3,4,2,7,1,6,5,0) : 1
(3,4,2,7,5,6,0) : 1
(3,4,2,7,6,0,1,5) : 1
(3,4,2,7,6,0,5,1) : 2
(3,4,2,7,6,1,0,5) : 2
(3,4,2,7,6,1,5,0) : 1
(3,4,2,7,6,5,0,1) : 1
(3,4,2,7,6,5,1,0) : 1
(3,4,5) : 2
(3,4,5,1,6,0,2,7) : 1
(3,4,5,1,6,2,0) : 1
(3,4,5,1,6,2,0,7) : 1
(3,4,5,2,6,1,7,0) : 1
(3,4,5,2,7,6,0,1) : 1
(3,4,5,7,6,1,0,2) : 1
(3,4,6) : 2
(3,4,6,0) : 1
(3,4,6,0,1,2,7,5) : 1
(3,4,6,0,7,5,2,1) : 1
(3,4,6,1,0,2,7,5) : 2
(3,4,6,1,0,5,7,2) : 2
(3,4,6,1,2,7,0,5) : 3
(3,4,6,1,2,7,5,0) : 3
(3,4,6,1,7,0,5) : 1
(3,4,6,1,7,2,5) : 1
(3,4,6,1,7,2,5,0) : 1
(3,4,6,1,7,5,2,0) : 1
(3,4,6,2,1,7,0,5) : 1
(3,4,6,2,7,0,1,5) : 2
(3,4,6,2,7,1,5,0) : 1
(3,4,6,2,7,5,1,0) : 1
(3,4,6,7) : 1
(3,4,6,7,1,2,5,0) : 2
(3,4,6,7,2,0,1,5) : 1
(3,4,6,7,2,1,0,5) : 1
(3,4,6,7,2,5,0,1) : 1
(3,4,7,0,6,1,2,5) : 2
(3,4,7,0,6,2,5,1) : 2
(3,4,7,1) : 1
(3,4,7,1,5,2,6,0) : 1
(3,4,7,1,6,0,2,5) : 1
(3,4,7,1,6,2,0,5) : 1
(3,4,7,2,1,5,6,0) : 1
(3,4,7,2,1,6,0,5) : 2
(3,4,7,2,1,6,5,0) : 3
(3,4,7,2,5,0,6,1) : 1
(3,4,7,2,6,0,1,5) : 4
(3,4,7,2,6,0,5,1) : 2
(3,4,7,2,6,1,5,0) : 1
(3,4,7,2,6,5,0,1) : 1
(3,4,7,5,2,6,1,0) : 1
(3,4,7,6,0,1,2,5) : 2
(3,4,7,6,0,2,5,1) : 1
(3,4,7,6,0,5,1,2) : 1
(3,4,7,6,1,2,0,5) : 1
(3,4,7,6,1,2,5,0) : 6
(3,4,7,6,2,0,1,5) : 3
(3,4,7,6,2,0,5,1) : 1
(3,4,7,6,2,1,0,5) : 2
(3,4,7,6,2,5,0,1) : 1
(3,5) : 97
(3,5,0) : 9
(3,5,0,1) : 2
(3,5,0,1,2,6,7,4) : 1
(3,5,0,1,6,2,7,4) : 5
(3,5,0,1,6,7,2,4) : 4
(3,5,0,1,6,7,4) : 1
(3,5,0,2,4,7,6,1) : 1
(3,5,0,4,7,2,1,6) : 2
(3,5,0,4,7,2,6,1) : 1
(3,5,0,6,1) : 1
(3,5,0,6,1,2) : 1
(3,5,0,6,1,2,7,4) : 11
(3,5,0,6,1,4,2,7) : 3
(3,5,0,6,1,7,4,2) : 1
(3,5,0,6,7,2,1,4) : 1
(3,5,1) : 12
(3,5,1,0) : 1
(3,5,1,0,2,6,7,4) : 1
(3,5,1,0,6,2,7,4) : 1
(3,5,1,0,6,7,2,4) : 2
(3,5,1,0,7,6,2,4) : 1
(3,5,1,2) : 1
(3,5,1,2,0,6,7,4) : 1
(3,5,1,2,4) : 1
(3,5,1,2,6,0,7,4) : 1
(3,5,1,2,6,7,4,0) : 1
(3,5,1,6) : 3
(3,5,1,6,0) : 1
(3,5,1,6,0,2,4,7) : 1
(3,5,1,6,0,2,7,4) : 3
(3,5,1,6,0,7,2,4) : 1
(3,5,1,6,0,7,4) : 1
(3,5,1,6,0,7,4,2) : 1
(3,5,1,6,2,0,7,4) : 2
(3,5,1,6,2,4,7,0) : 2
(3,5,1,6,2,7,0) : 1
(3,5,1,6,2,7,0,4) : 2
(3,5,1,6,2,7,4,0) : 3
(3,5,1,6,4,0,2,7) : 1
(3,5,1,6,4,0,7,2) : 1
(3,5,1,6,4,7,0) : 1
(3,5,1,6,4,7,2,0) : 2
(3,5,1,6,7,0,4,2) : 1
(3,5,1,6,7,2,0,4) : 2
(3,5,1,6,7,4,2,0) : 2
(3,5,1,7,2,0,6,4) : 1
(3,5,1,7,2,6,0,4) : 1
(3,5,1,7,4,2,6,0) : 1
(3,5,1,7,6,2,0,4) : 1
(3,5,2,0) : 1
(3,5,2,0,6,1,7,4) : 1
(3,5,2,0,7,6,1,4) : 1
(3,5,2,1) : 1
(3,5,2,1,6) : 2
(3,5,2,1,6,4,7,0) : 2
(3,5,2,1,6,7,0,4) : 1
(3,5,2,1,6,7,4,0) : 2
(3,5,2,4,7,1,6,0) : 1
(3,5,2,6,0,7,4,1) : 1
(3,5,2,6,1,0,4,7) : 1
(3,5,2,6,1,7,0,4) : 1
(3,5,2,6,1,7,4,0) : 1
(3,5,4) : 3
(3,5,4,0,6,1,2,7) : 2
(3,5,4,0,7,6,2,1) : 1
(3,5,4,1,6,7,0,2) : 1
(3,5,4,2,1,6,7,0) : 1
(3,5,4,2,6,7,1,0) : 1
(3,5,4,6,1,7,0) : 1
(3,5,4,7,1,2,6,0) : 1
(3,5,4,7,1,6,0,2) : 1
(3,5,4,7,2,1,6,0) : 3
(3,5,4,7,2,6,0,1) : 1
(3,5,4,7,2,6,1,0) : 1
(3,5,4,7,6,0,1,2) : 1
(3,5,4,7,6,2,1,0) : 1
(3,5,6,0,1,2,7,4) : 1
(3,5,6,0,2,7,4,1) : 1
(3,5,6,1) : 1
(3,5,6,1,0,2,7,4) : 3
(3,5,6,1,0,7,2,4) : 1
(3,5,6,1,0,7,4,2) : 1
(3,5,6,1,2,0,7,4) : 2
(3,5,6,1,2,4,7,0) : 2
(3,5,6,1,2,7,0,4) : 2
(3,5,6,1,2,7,4,0) : 3
(3,5,6,1,4,7,2,0) : 1
(3,5,6,1,7,2,0,4) : 1
(3,5,6,1,7,4,0,2) : 1
(3,5,6,1,7,4,2,0) : 1
(3,5,6,2,1,7,4,0) : 2
(3,5,6,2,7,1,0,4) : 1
(3,5,6,2,7,4,1,0) : 1
(3,5,6,4,2,7,1,0) : 1
(3,5,7) : 1
(3,5,7,0,6,1,2,4) : 1
(3,5,7,1,2,6,4,0) : 1
(3,5,7,1,6,0,2,4) : 2
(3,5,7,1,6,2,0,4) : 2
(3,5,7,1,6,2,4,0) : 2
(3,5,7,2,1,6,4,0) : 3
(3,5,7,2,6,1,0,4) : 1
(3,5,7,4,1) : 1
(3,5,7,4,6,1,0) : 1
(3,5,7,6,1,2,0,4) : 1
(3,6) : 17
(3,6,0) : 1
(3,6,0,1,2,5) : 1
(3,6,0,1,2,7,4,5) : 3
(3,6,0,1,2,7,5,4) : 1
(3,6,0,1,5,7,2,4) : 2
(3,6,0,1,5,7,4,2) : 1
(3,6,0,1,7,2,4,5) : 3
(3,6,0,1,7,2,5,4) : 1
(3,6,0,1,7,4,5) : 1
(3,6,0,2) : 1
(3,6,0,2,1,4,5,7) : 1
(3,6,0,2,1,5,4,7) : 1
(3,6,0,2,5,1,7,4) : 1
(3,6,0,4,5,2,1) : 1
(3,6,0,5,4,1,7) : 1
(3,6,1) : 8
(3,6,1,0,2,4,5,7) : 1
(3,6,1,0,2,4,7,5) : 1
(3,6,1,0,2,5,4,7) : 2
(3,6,1,0,2,7,4,5) : 4
(3,6,1,0,2,7,5,4) : 1
(3,6,1,0,5,2,7,4) : 2
(3,6,1,0,5,4,2,7) : 1
(3,6,1,0,5,7,4,2) : 1
(3,6,1,0,7,2,4,5) : 1
(3,6,1,0,7,2,5,4) : 1
(3,6,1,0,7,5,2,4) : 1
(3,6,1,2) : 1
(3,6,1,2,0,7,4,5) : 1
(3,6,1,2,4,7,5,0) : 2
(3,6,1,2,5,0,7,4) : 1
(3,6,1,2,5,4,7,0) : 1
(3,6,1,2,5,7,0,4) : 1
(3,6,1,2,5,7,4,0) : 2
(3,6,1,2,7,0,4,5) : 1
(3,6,1,2,7,4,0,5) : 5
(3,6,1,2,7,4,5,0) : 5
(3,6,1,2,7,5,0,4) : 2
(3,6,1,4,2,7,5,0) : 1
(3,6,1,4,5,0,2,7) : 1
(3,6,1,4,5,0,7,2) : 1
(3,6,1,4,5,2,7,0) : 2
(3,6,1,4,5,7,0,2) : 1
(3,6,1,4,7,0,5,2) : 1
(3,6,1,4,7,2,5,0) : 1
(3,6,1,5,0,2,7,4) : 1
(3,6,1,5,2,7,4,0) : 1
(3,6,1,5,4,2,7,0) : 1
(3,6,1,5,4,7,2,0) : 1
(3,6,1,5,7,0,2,4) : 1
(3,6,1,5,7,0,4,2) : 1
(3,6,1,5,7,2,0,4) : 1
(3,6,1,5,7,2,4) : 1
(3,6,1,5,7,4,0) : 1
(3,6,1,7,0,2,4,5) : 1
(3,6,1,7,0,2,5,4) : 1
(3,6,1,7,4,2,5,0) : 1
(3,6,1,7,4,5,2,0) : 3
(3,6,1,7,5,2,0,4) : 1
(3,6,1,7,5,2,4,0) : 1
(3,6,1,7,5,4,0,2) : 1
(3,6,1,7,5,4,2,0) : 2
(3,6,2) : 2
(3,6,2,0,7,5,1,4) : 1
(3,6,2,1,0,4,5,7) : 1
(3,6,2,1,0,7,4,5) : 1
(3,6,2,1,4) : 1
(3,6,2,1,5,4,7,0) : 1
(3,6,2,1,7,4,0,5) : 1
(3,6,2,1,7,4,5,0) : 1
(3,6,2,4,1,7,0,5) : 1
(3,6,2,4,7,1,0,5) : 1
(3,6,2,5,7,1,4,0) : 1
(3,6,2,7,0,1,5,4) : 1
(3,6,2,7,1,0,5,4) : 1
(3,6,2,7,4,0,1,5) : 1
(3,6,2,7,4,5,0,1) : 3
(3,6,2,7,4,5,1,0) : 1
(3,6,2,7,5,0,4,1) : 1
(3,6,2,7,5,4,0,1) : 1
(3,6,4,0,7,1,2,5) : 1
(3,6,4,1,2,7,5,0) : 1
(3,6,4,2,0,7,5,1) : 1
(3,6,4,2,1,7,5,0) : 1
(3,6,4,2,7,5,0) : 1
(3,6,4,5,1,7,2,0) : 1
(3,6,4,5,7,2,1,0) : 2
(3,6,4,7,0,1,5,2) : 1
(3,6,5) : 4
(3,6,5,0,7,1,2,4) : 1
(3,6,5,4,0,1,7,2) : 1
(3,6,5,4,7,0,1,2) : 1
(3,6,5,4,7,2,1,0) : 1
(3,6,5,7,1,0,2,4) : 1
(3,6,5,7,1,2,0,4) : 2
(3,6,7,1,0,2,4,5) : 1
(3,6,7,1,2,4,0,5) : 1
(3,6,7,1,2,5,4,0) : 1
(3,6,7,1,4,5,0) : 1
(3,6,7,1,4,5,2,0) : 1
(3,6,7,1,5,4,2,0) : 1
(3,6,7,2) : 1
(3,6,7,2,1,5,0,4) : 1
(3,6,7,4,0,1,5,2) : 1
(3,6,7,4,1,0,2,5) : 1
(3,6,7,4,1,2,0,5) : 1
(3,6,7,4,1,2,5,0) : 1
(3,6,7,4,5,1,2,0) : 1
(3,6,7,4,5,2,0,1) : 1
(3,7) : 14
(3,7,0) : 1
(3,7,0,1) : 1
(3,7,0,2,5,4,6,1) : 1
(3,7,0,5,4,2,1,6) : 1
(3,7,0,6,1) : 1
(3,7,0,6,1,2,4,5) : 1
(3,7,0,6,2,5,4,1) : 1
(3,7,0,6,5,1,2,4) : 1
(3,7,1) : 4
(3,7,1,0,6,2,4,5) : 1
(3,7,1,0,6,2,5,4) : 1
(3,7,1,4) : 1
(3,7,1,4,5,6,2,0) : 1
(3,7,1,4,6,0,5,2) : 1
(3,7,1,5) : 1
(3,7,1,5,4,6,0) : 1
(3,7,1,5,6,0,2,4) : 1
(3,7,1,6,0,2,4,5) : 1
(3,7,1,6,0,2,5,4) : 1
(3,7,1,6,4,0,5,2) : 1
(3,7,1,6,4,5,2,0) : 1
(3,7,1,6,5,0,2,4) : 1
(3,7,1,6,5,2,0,4) : 1
(3,7,2,1,6,0,4,5) : 1
(3,7,2,1,6,0,5,4) : 1
(3,7,2,1,6,4,0,5) : 1
(3,7,2,1,6,4,5,0) : 2
(3,7,2,4,1,5,0,6) : 1
(3,7,2,4,1,6,0,5) : 2
(3,7,2,4,1,6,5,0) : 1
(3,7,2,4,5,6,0,1) : 1
(3,7,2,4,6,1,5,0) : 2
(3,7,2,5,0,6,1,4) : 1
(3,7,2,5,4,0,6,1) : 1
(3,7,2,5,4,6,0,1) : 1
(3,7,2,6) : 1
(3,7,2,6,0,4,5,1) : 2
(3,7,2,6,1,0,4,5) : 1
(3,7,2,6,1,0,5,4) : 1
(3,7,2,6,1,4,5,0) : 1
(3,7,2,6,1,5,4,0) : 1
(3,7,2,6,4,5,1,0) : 1
(3,7,2,6,5,4,0,1) : 2
(3,7,4,0,2,1,6,5) : 1
(3,7,4,0,5,1,6,2) : 1
(3,7,4,1,6,2,0,5) : 3
(3,7,4,2,1,6,0,5) : 1
(3,7,4,2,6,0,1) : 1
(3,7,4,2,6,0,1,5) : 1
(3,7,4,2,6,0,5,1) : 1
(3,7,4,2,6,1,5,0) : 2
(3,7,4,5) : 1
(3,7,4,5,0,6,1,2) : 1
(3,7,4,5,2,1,6,0) : 4
(3,7,4,5,2,6,0,1) : 1
(3,7,4,5,6,1,2,0) : 2
(3,7,4,5,6,2,0,1) : 2
(3,7,4,5,6,2,1,0) : 1
(3,7,4,6,1,0,5,2) : 1
(3,7,4,6,5,2,1,0) : 1
(3,7,5,0,6,1,2,4) : 1
(3,7,5,2,6,1,0,4) : 1
(3,7,5,6,0,1,2,4) : 1
(3,7,6,0,1,2,4,5) : 1
(3,7,6,0,5,2,1,4) : 1
(3,7,6,1,2,0,5,4) : 1
(3,7,6,1,2,4,0,5) : 1
(3,7,6,1,2,5,0,4) : 1
(3,7,6,1,2,5,4,0) : 3
(3,7,6,1,4,0,5,2) : 1
(3,7,6,1,4,5,0,2) : 1
(3,7,6,2,0,4,5,1) : 1
(3,7,6,2,1,0,5,4) : 1
(3,7,6,2,1,5,0,4) : 1
(3,7,6,2,4,5,1,0) : 1
(3,7,6,2,5,0,4,1) : 1
(3,7,6,4,2,0,1,5) : 1
(3,7,6,4,5,0,2,1) : 1
(3,7,6,5,2,4,1,0) : 1
(4) : 192
(4,0) : 7
(4,0,1) : 1
(4,0,1,3,5,6,7,2) : 1
(4,0,1,6,2,7,3,5) : 2
(4,0,2) : 1
(4,0,3) : 2
(4,0,3,2,6,1,7,5) : 1
(4,0,3,2,6,7,1,5) : 1
(4,0,3,7,6,1,5,2) : 1
(4,0,3,7,6,2,1,5) : 1
(4,0,5) : 1
(4,0,5,1,3,6,7,2) : 1
(4,0,5,3,1,6,7,2) : 1
(4,0,6,1,2,3,7,5) : 1
(4,0,6,2,7,1,3,5) : 1
(4,0,7,5,6,1,3,2) : 1
(4,1) : 7
(4,1,0) : 1
(4,1,2,3) : 1
(4,1,2,3,7,6,0,5) : 1
(4,1,3) : 2
(4,1,3,0,6,5,7,2) : 1
(4,1,5,2) : 1
(4,1,5,3,0,6,7,2) : 2
(4,1,6) : 1
(4,1,6,2,3,7,5,0) : 1
(4,1,6,5,2,3,0,7) : 1
(4,2) : 3
(4,2,1,0,6) : 1
(4,2,1,0,6,3,7,5) : 1
(4,2,1,6,7,5,0,3) : 1
(4,2,3,7,6,1,5,0) : 1
(4,2,5) : 2
(4,2,6) : 1
(4,2,6,0,1,3,7) : 1
(4,2,6,3,7,0,5,1) : 1
(4,2,6,7,3,0,5,1) : 1
(4,2,7,6,0,3,5,1) : 1
(4,3) : 31
(4,3,0) : 1
(4,3,0,1,7,6,2,5) : 1
(4,3,0,2) : 1
(4,3,0,2,1,6,7,5) : 1
(4,3,0,5,6,1,2,7) : 1
(4,3,0,6) : 1
(4,3,0,6,1,2,7,5) : 1
(4,3,0,6,2,7,5,1) : 2
(4,3,0,6,7,2,5,1) : 1
(4,3,0,7,2,6,1,5) : 1
(4,3,0,7,6,2,1,5) : 1
(4,3,1) : 5
(4,3,1,0,5,6,7,2) : 1
(4,3,1,2,5,0,6,7) : 1
(4,3,1,2,7,6,5,0) : 1
(4,3,1,6,0,2,7,5) : 1
(4,3,1,6,0,5,7,2) : 1
(4,3,1,6,0,7,5) : 1
(4,3,1,6,2,7,0,5) : 1
(4,3,1,6,7,0,5) : 1
(4,3,1,7) : 1
(4,3,1,7,2,6,0,5) : 1
(4,3,1,7,6,5,0,2) : 1
(4,3,2,0,5,6,1,7) : 1
(4,3,2,0,6,1,7,5) : 1
(4,3,2,0,6,7,5,1) : 1
(4,3,2,1,6,0,5,7) : 1
(4,3,2,6,0,1,7,5) : 1
(4,3,2,6,1,0,5,7) : 1
(4,3,2,6,1,0,7,5) : 1
(4,3,2,6,7,1,0,5) : 1
(4,3,2,7,1,6,0,5) : 1
(4,3,2,7,6,1,0,5) : 3
(4,3,5,0,6,1,2,7) : 1
(4,3,5,6,0,1,7,2) : 1
(4,3,5,6,2,1,0,7) : 1
(4,3,5,7,2) : 1
(4,3,6) : 1
(4,3,6,1,0,2,7,5) : 1
(4,3,6,1,0,7,2,5) : 1
(4,3,6,1,0,7,5,2) : 1
(4,3,6,1,2,7,0,5) : 2
(4,3,6,1,7,0,2,5) : 1
(4,3,6,2,7,0,1) : 1
(4,3,6,7,1,5,2,0) : 1
(4,3,7) : 2
(4,3,7,2,1,6,0,5) : 1
(4,3,7,2,6,0,5,1) : 1
(4,3,7,2,6,1,5,0) : 1
(4,3,7,2,6,5,1,0) : 1
(4,3,7,6,1,2,0,5) : 1
(4,3,7,6,2,0,1,5) : 1
(4,5) : 4
(4,5,0) : 1
(4,5,0,6,1,2,3,7) : 1
(4,5,1,0,6,2,3,7) : 1
(4,5,1,0,6,2,7,3) : 1
(4,5,1,6,0,2,3,7) : 1
(4,5,1,6,0,7,3) : 1
(4,5,2) : 1
(4,5,3) : 1
(4,5,7,0,2,1,6,3) : 1
(4,6,0) : 1
(4,6,3,7,0,5,2,1) : 1
(4,6,7,2,0,3,5,1) : 1
(4,7) : 2
(4,7,1,6,0,3,2,5) : 1
(4,7,1,6,2,0,3,5) : 1
(4,7,2,6,1,0,3,5) : 1
(4,7,3,1) : 1
(4,7,3,1,6,2,0,5) : 1
(4,7,3,2,1) : 1
(4,7,5,3,1,2,6,0) : 1
(4,7,5,3,2,6,0,1) : 1
(5) : 1908
(5,0) : 260
(5,0,1) : 51
(5,0,1,2,3,6,7,4) : 1
(5,0,1,2,3,7,4,6) : 2
(5,0,1,2,6,3,4,7) : 1
(5,0,1,2,6,3,7,4) : 2
(5,0,1,2,6,7,3,4) : 1
(5,0,1,2,6,7,4,3) : 1
(5,0,1,2,7,6,3,4) : 3
(5,0,1,3) : 3
(5,0,1,3,2,6,7,4) : 1
(5,0,1,3,6,2,4,7) : 1
(5,0,1,3,6,2,7,4) : 6
(5,0,1,3,6,4,2,7) : 1
(5,0,1,3,6,7,2,4) : 4
(5,0,1,3,6,7,4) : 1
(5,0,1,3,6,7,4,2) : 1
(5,0,1,3,7,4,2,6) : 1
(5,0,1,3,7,6,2,4) : 3
(5,0,1,3,7,6,4) : 1
(5,0,1,4,6) : 1
(5,0,1,4,6,2,7,3) : 1
(5,0,1,6) : 5
(5,0,1,6,2) : 3
(5,0,1,6,2,3,4,7) : 1
(5,0,1,6,2,3,7,4) : 10
(5,0,1,6,2,4,7,3) : 4
(5,0,1,6,2,7,3,4) : 26
(5,0,1,6,2,7,4,3) : 9
(5,0,1,6,3,2,4,7) : 1
(5,0,1,6,3,2,7,4) : 12
(5,0,1,6,3,7,2,4) : 11
(5,0,1,6,3,7,4,2) : 2
(5,0,1,6,4,2,7,3) : 1
(5,0,1,6,4,7,2,3) : 1
(5,0,1,6,7,2,3,4) : 25
(5,0,1,6,7,2,4,3) : 17
(5,0,1,6,7,3,2,4) : 27
(5,0,1,6,7,3,4,2) : 2
(5,0,1,6,7,4,2,3) : 4
(5,0,1,6,7,4,3,2) : 2
(5,0,1,7) : 1
(5,0,1,7,2,3,6,4) : 1
(5,0,1,7,2,6,3,4) : 4
(5,0,1,7,2,6,4,3) : 1
(5,0,1,7,3,2,6,4) : 1
(5,0,1,7,6,2,3,4) : 4
(5,0,1,7,6,2,4,3) : 5
(5,0,1,7,6,3,2,4) : 3
(5,0,2) : 5
(5,0,2,1,3,6,7,4) : 1
(5,0,2,1,6) : 1
(5,0,2,1,6,3,7,4) : 2
(5,0,2,1,6,7,3,4) : 2
(5,0,2,1,6,7,4,3) : 6
(5,0,2,1,7,6,3,4) : 1
(5,0,2,3,1,6,7,4) : 2
(5,0,2,3,6,1,7,4) : 2
(5,0,2,3,7,1,6,4) : 1
(5,0,2,3,7,4,6,1) : 1
(5,0,2,3,7,6,1,4) : 1
(5,0,2,4,7,3,6,1) : 1
(5,0,2,6,1,4,7,3) : 3
(5,0,2,6,1,7,3,4) : 3
(5,0,2,6,1,7,4,3) : 1
(5,0,2,6,7,1,4,3) : 1
(5,0,2,7,1,6,4,3) : 1
(5,0,2,7,6,1,3,4) : 2
(5,0,2,7,6,4,1) : 1
(5,0,3) : 13
(5,0,3,1,2,6,7,4) : 1
(5,0,3,1,2,7,4,6) : 1
(5,0,3,1,6,2,7,4) : 5
(5,0,3,1,6,4,7,2) : 2
(5,0,3,1,6,7,2,4) : 3
(5,0,3,2,1,6,7,4) : 1
(5,0,3,2,1,7,4) : 1
(5,0,3,2,6,1,7,4) : 1
(5,0,3,4,6,2,1,7) : 1
(5,0,3,4,7,1,6,2) : 1
(5,0,3,6,1,2,4,7) : 1
(5,0,3,6,1,2,7,4) : 11
(5,0,3,6,1,7,2,4) : 1
(5,0,3,7,1,4,2,6) : 1
(5,0,3,7,2,1,6,4) : 1
(5,0,3,7,2,6,1,4) : 1
(5,0,3,7,4,1,2,6) : 1
(5,0,3,7,4,1,6,2) : 1
(5,0,4) : 1
(5,0,4,2,6,1,7,3) : 1
(5,0,4,6,1,7,2,3) : 1
(5,0,4,6,2,1,3,7) : 1
(5,0,4,7,2,1,6,3) : 2
(5,0,4,7,6,2,3,1) : 1
(5,0,6) : 5
(5,0,6,1) : 6
(5,0,6,1,2,3,7,4) : 13
(5,0,6,1,2,4,7) : 1
(5,0,6,1,2,4,7,3) : 3
(5,0,6,1,2,7,3,4) : 17
(5,0,6,1,2,7,4,3) : 12
(5,0,6,1,3) : 1
(5,0,6,1,3,2,4,7) : 1
(5,0,6,1,3,2,7,4) : 11
(5,0,6,1,3,4,7,2) : 1
(5,0,6,1,3,7,2,4) : 5
(5,0,6,1,3,7,4,2) : 1
(5,0,6,1,4,2,7,3) : 1
(5,0,6,1,4,7,2,3) : 1
(5,0,6,1,4,7,3,2) : 1
(5,0,6,1,7,2) : 1
(5,0,6,1,7,2,3) : 1
(5,0,6,1,7,2,3,4) : 17
(5,0,6,1,7,2,4,3) : 9
(5,0,6,1,7,3,2,4) : 7
(5,0,6,1,7,4,2,3) : 2
(5,0,6,1,7,4,3,2) : 2
(5,0,6,2,1) : 1
(5,0,6,2,1,3,7,4) : 3
(5,0,6,2,7,1,3,4) : 1
(5,0,6,2,7,4,1,3) : 1
(5,0,6,2,7,4,3,1) : 1
(5,0,6,3,1,2,7,4) : 1
(5,0,6,3,1,7,2,4) : 2
(5,0,6,3,2,1,7,4) : 2
(5,0,6,3,7,4,2,1) : 1
(5,0,6,7,1,2,3,4) : 4
(5,0,6,7,1,3,2) : 1
(5,0,6,7,2,1,3,4) : 1
(5,0,6,7,4,2,1,3) : 1
(5,0,7,1,3,6,2,4) : 1
(5,0,7,1,6,2,3,4) : 5
(5,0,7,1,6,2,4,3) : 1
(5,0,7,2,6,1,4,3) : 1
(5,0,7,3,1,6,2,4) : 1
(5,0,7,6,1,2,3,4) : 1
(5,0,7,6,1,2,4,3) : 1
(5,0,7,6,2,1,4,3) : 1
(5,1) : 180
(5,1,0) : 116
(5,1,0,2,6) : 1
(5,1,0,2,6,3,7) : 1
(5,1,0,2,6,3,7,4) : 4
(5,1,0,2,6,4,7,3) : 1
(5,1,0,2,6,7,3,4) : 6
(5,1,0,2,6,7,4,3) : 6
(5,1,0,2,7,6,3,4) : 3
(5,1,0,2,7,6,4,3) : 4
(5,1,0,3) : 4
(5,1,0,3,2,6,7,4) : 3
(5,1,0,3,2,7,4,6) : 1
(5,1,0,3,4,2,6,7) : 1
(5,1,0,3,4,7,2,6) : 1
(5,1,0,3,6,2,4,7) : 1
(5,1,0,3,6,2,7,4) : 13
(5,1,0,3,6,4,7,2) : 1
(5,1,0,3,6,7,2,4) : 6
(5,1,0,3,6,7,4,2) : 1
(5,1,0,3,7,2,6,4) : 1
(5,1,0,3,7,6,4) : 1
(5,1,0,4,3,6,2,7) : 1
(5,1,0,4,6,2,7,3) : 1
(5,1,0,4,6,3,2,7) : 1
(5,1,0,4,6,7,2,3) : 1
(5,1,0,4,7,6,2,3) : 1
(5,1,0,6) : 9
(5,1,0,6,2,3,4,7) : 2
(5,1,0,6,2,3,7,4) : 16
(5,1,0,6,2,4,3,7) : 2
(5,1,0,6,2,4,7,3) : 2
(5,1,0,6,2,7,3,4) : 23
(5,1,0,6,2,7,4,3) : 5
(5,1,0,6,3) : 1
(5,1,0,6,3,2,4,7) : 1
(5,1,0,6,3,2,7,4) : 14
(5,1,0,6,3,4,7,2) : 4
(5,1,0,6,3,7,2,4) : 11
(5,1,0,6,3,7,4,2) : 2
(5,1,0,6,4,3,2,7) : 1
(5,1,0,6,4,7,2,3) : 9
(5,1,0,6,4,7,3,2) : 2
(5,1,0,6,7) : 3
(5,1,0,6,7,2) : 1
(5,1,0,6,7,2,3,4) : 29
(5,1,0,6,7,2,4,3) : 12
(5,1,0,6,7,3) : 1
(5,1,0,6,7,3,2) : 8
(5,1,0,6,7,3,2,4) : 408
(5,1,0,6,7,3,4,2) : 5
(5,1,0,6,7,4,2,3) : 5
(5,1,0,6,7,4,3,2) : 3
(5,1,0,7) : 1
(5,1,0,7,2,3,6,4) : 1
(5,1,0,7,3,2,4,6) : 1
(5,1,0,7,3,2,6,4) : 3
(5,1,0,7,3,6,2,4) : 2
(5,1,0,7,6) : 1
(5,1,0,7,6,2,3) : 1
(5,1,0,7,6,2,3,4) : 9
(5,1,0,7,6,2,4,3) : 5
(5,1,0,7,6,3,2,4) : 5
(5,1,2) : 1
(5,1,2,0,4,3,6,7) : 1
(5,1,2,0,6,7,3,4) : 1
(5,1,2,0,6,7,4,3) : 1
(5,1,2,3,0,6,7,4) : 1
(5,1,2,3,7,4,0,6) : 1
(5,1,2,3,7,4,6,0) : 1
(5,1,2,6,0,3,7,4) : 1
(5,1,2,6,0,7,3,4) : 2
(5,1,2,7,0,6,4,3) : 1
(5,1,2,7,6,0,4,3) : 1
(5,1,2,7,6,4,0,3) : 1
(5,1,3) : 6
(5,1,3,0) : 2
(5,1,3,0,6) : 1
(5,1,3,0,6,2,4,7) : 2
(5,1,3,0,6,2,7,4) : 9
(5,1,3,0,6,4,2,7) : 1
(5,1,3,0,6,4,7,2) : 1
(5,1,3,0,6,7,2,4) : 2
(5,1,3,0,7,6,2,4) : 1
(5,1,3,2,7,4,6,0) : 1
(5,1,3,4,6,0,2,7) : 1
(5,1,3,4,7,2,6,0) : 1
(5,1,3,6,0,2,7,4) : 3
(5,1,3,6,0,4,7) : 1
(5,1,3,6,2,0,7,4) : 1
(5,1,3,6,2,7,0,4) : 1
(5,1,3,6,4,7,0) : 1
(5,1,3,6,7,2,0,4) : 1
(5,1,4) : 1
(5,1,4,2,0,6,7,3) : 1
(5,1,6) : 18
(5,1,6,0) : 13
(5,1,6,0,2,3,7,4) : 5
(5,1,6,0,2,4,7,3) : 1
(5,1,6,0,2,7,3,4) : 10
(5,1,6,0,2,7,4) : 1
(5,1,6,0,2,7,4,3) : 8
(5,1,6,0,3) : 1
(5,1,6,0,3,2,7,4) : 2
(5,1,6,0,3,4,7,2) : 1
(5,1,6,0,3,7,2,4) : 3
(5,1,6,0,3,7,4,2) : 2
(5,1,6,0,4,2,7,3) : 1
(5,1,6,0,4,7,2,3) : 1
(5,1,6,0,4,7,3,2) : 2
(5,1,6,0,7) : 1
(5,1,6,0,7,2,3,4) : 8
(5,1,6,0,7,2,4,3) : 1
(5,1,6,0,7,3,2,4) : 5
(5,1,6,0,7,3,4,2) : 2
(5,1,6,2) : 2
(5,1,6,2,0,3,7,4) : 3
(5,1,6,2,0,7,3,4) : 4
(5,1,6,2,0,7,4,3) : 1
(5,1,6,2,3,7,0,4) : 1
(5,1,6,2,3,7,4,0) : 1
(5,1,6,2,4,7,0,3) : 1
(5,1,6,2,7) : 1
(5,1,6,2,7,0,3,4) : 5
(5,1,6,2,7,3,0,4) : 4
(5,1,6,2,7,4,0,3) : 2
(5,1,6,2,7,4,3,0) : 1
(5,1,6,3,0,2,4,7) : 1
(5,1,6,3,0,2,7,4) : 3
(5,1,6,3,0,7,2,4) : 4
(5,1,6,3,0,7,4,2) : 1
(5,1,6,3,2,4,7,0) : 1
(5,1,6,3,2,7,0,4) : 1
(5,1,6,3,2,7,4,0) : 1
(5,1,6,7,0,2) : 1
(5,1,6,7,0,2,3,4) : 4
(5,1,6,7,0,2,4,3) : 1
(5,1,6,7,0,3,2,4) : 2
(5,1,6,7,0,4,2,3) : 1
(5,1,6,7,2,0,3) : 1
(5,1,6,7,2,0,3,4) : 11
(5,1,6,7,2,0,4,3) : 1
(5,1,6,7,2,3,0,4) : 2
(5,1,6,7,2,4,3,0) : 2
(5,1,6,7,3,0,2,4) : 1
(5,1,6,7,4,2,0,3) : 1
(5,1,6,7,4,2,3,0) : 1
(5,1,7,0,3,2,6,4) : 2
(5,1,7,0,3,6,2,4) : 1
(5,1,7,0,6,2,3,4) : 2
(5,1,7,0,6,2,4,3) : 1
(5,1,7,0,6,3,2,4) : 3
(5,1,7,0,6,3,4,2) : 1
(5,1,7,2,0) : 1
(5,1,7,2,6,0,3,4) : 1
(5,1,7,3,0,6,2,4) : 1
(5,1,7,3,2,6,0,4) : 1
(5,1,7,6) : 1
(5,1,7,6,0,2,3,4) : 2
(5,1,7,6,0,2,4,3) : 1
(5,1,7,6,0,3,2,4) : 3
(5,1,7,6,2,0,3,4) : 1
(5,1,7,6,2,4,0,3) : 2
(5,1,7,6,3,0,2,4) : 2
(5,1,7,6,4,2,0,3) : 1
(5,2) : 14
(5,2,0) : 1
(5,2,0,4,7,1,6,3) : 1
(5,2,0,6,1,3,7,4) : 1
(5,2,0,6,1,7,3,4) : 2
(5,2,0,6,1,7,4,3) : 1
(5,2,1) : 3
(5,2,1,0,6,3,4,7) : 1
(5,2,1,0,6,3,7,4) : 1
(5,2,1,0,6,4,7,3) : 1
(5,2,1,0,6,7,3,4) : 1
(5,2,1,0,7,4,3,6) : 1
(5,2,1,3) : 1
(5,2,1,3,6,7,4,0) : 1
(5,2,1,3,7,6,0,4) : 1
(5,2,1,6,0,3,7,4) : 3
(5,2,1,6,0,7,3) : 1
(5,2,1,6,0,7,3,4) : 2
(5,2,1,6,0,7,4,3) : 1
(5,2,1,6,3,0,4,7) : 1
(5,2,1,6,4,7,0,3) : 1
(5,2,3) : 1
(5,2,4,3,1,6,7,0) : 1
(5,2,6,1,0,3,7,4) : 1
(5,2,6,1,0,7,3,4) : 1
(5,2,6,1,7,4,0,3) : 1
(5,3) : 44
(5,3,0) : 6
(5,3,0,1,6,2,4,7) : 1
(5,3,0,1,6,2,7,4) : 2
(5,3,0,1,6,7,2,4) : 1
(5,3,0,1,7,6,2,4) : 1
(5,3,0,2,1,6,4,7) : 1
(5,3,0,2,1,6,7,4) : 2
(5,3,0,2,6,1,7,4) : 2
(5,3,0,4) : 1
(5,3,0,6,1,2,7,4) : 7
(5,3,0,6,1,4,2,7) : 1
(5,3,0,6,1,7,2,4) : 2
(5,3,0,6,7,1,2,4) : 2
(5,3,0,7,2,1,6,4) : 1
(5,3,1) : 2
(5,3,1,0) : 1
(5,3,1,0,6,2,7,4) : 3
(5,3,1,0,6,4,7,2) : 1
(5,3,1,0,6,7,4,2) : 1
(5,3,1,2,7,6,0,4) : 1
(5,3,1,6) : 1
(5,3,1,6,0) : 1
(5,3,1,6,0,2,7,4) : 2
(5,3,1,6,0,7,2,4) : 2
(5,3,1,6,0,7,4) : 1
(5,3,1,6,7,4,2,0) : 1
(5,3,2,1,6,0,4,7) : 2
(5,3,2,1,6,0,7,4) : 1
(5,3,2,1,6,7,4,0) : 1
(5,3,2,1,7) : 1
(5,3,2,1,7,4,0,6) : 1
(5,3,2,1,7,6,0,4) : 1
(5,3,4,7,1,2,6,0) : 1
(5,3,6,1,0,2,7,4) : 1
(5,3,6,1,2,0,7,4) : 1
(5,3,6,1,2,7,0,4) : 2
(5,3,6,1,2,7,4,0) : 1
(5,3,6,1,7,0,2,4) : 1
(5,3,6,2,0,1,7,4) : 1
(5,3,7,4,2,1,6,0) : 1
(5,4) : 7
(5,4,0) : 2
(5,4,0,2,7,6,3,1) : 1
(5,4,0,3,1,7,6,2) : 1
(5,4,0,6,1,2) : 1
(5,4,0,6,1,2,3,7) : 1
(5,4,0,6,3,2,1) : 1
(5,4,0,7,6,3,1,2) : 1
(5,4,1) : 1
(5,4,1,6,3,7,0) : 1
(5,4,2,0,1,6) : 1
(5,4,2,1,6) : 1
(5,4,2,1,6,0,3,7) : 1
(5,4,3,0,1,6,2,7) : 1
(5,4,3,0,2,1,6,7) : 1
(5,4,6,1,2,3,7,0) : 1
(5,4,6,1,2,7,3,0) : 1
(5,4,7,0) : 3
(5,4,7,0,6,1,2,3) : 1
(5,4,7,2,1,6,0,3) : 1
(5,4,7,2,6,0,3,1) : 1
(5,4,7,3,1,6,0,2) : 1
(5,4,7,3,2,1,6,0) : 6
(5,6) : 6
(5,6,0) : 2
(5,6,0,1) : 1
(5,6,0,1,2,4,7,3) : 1
(5,6,0,1,2,7,3,4) : 2
(5,6,0,1,2,7,4,3) : 1
(5,6,0,1,3,7,2,4) : 1
(5,6,0,1,4,2,7,3) : 1
(5,6,0,1,7,3,2,4) : 1
(5,6,1) : 4
(5,6,1,0) : 1
(5,6,1,0,2,3,7,4) : 1
(5,6,1,0,2,7,3,4) : 4
(5,6,1,0,2,7,4,3) : 1
(5,6,1,0,3,2,7,4) : 2
(5,6,1,0,3,7,2,4) : 1
(5,6,1,2,0,3,7,4) : 1
(5,6,1,2,0,7,3,4) : 1
(5,6,1,2,7,0,3,4) : 1
(5,6,1,2,7,0,4,3) : 1
(5,6,1,2,7,4,0,3) : 2
(5,6,1,3,0,2,7,4) : 1
(5,6,1,3,0,7,2,4) : 1
(5,6,1,4,7,2,0,3) : 1
(5,6,1,4,7,3,0,2) : 1
(5,6,1,7,0,2,3,4) : 1
(5,6,1,7,2,0,3,4) : 1
(5,6,2,1,7,3,0,4) : 1
(5,6,2,1,7,4,3,0) : 1
(5,6,2,3,0,1,7,4) : 1
(5,6,2,7) : 1
(5,6,7,1,2,4,3) : 1
(5,6,7,3,0,1,2,4) : 1
(5,7) : 5
(5,7,0) : 1
(5,7,0,1,3,2,6,4) : 1
(5,7,0,1,6,2,3,4) : 1
(5,7,0,6,1,2,3,4) : 2
(5,7,1) : 2
(5,7,1,0) : 2
(5,7,1,0,2,6,3,4) : 1
(5,7,1,0,3,2,6,4) : 1
(5,7,1,0,6,2,3,4) : 1
(5,7,1,0,6,3,4,2) : 1
(5,7,1,6,0,2,3,4) : 1
(5,7,1,6,0,2,4,3) : 1
(5,7,1,6,0,3,4) : 1
(5,7,1,6,0,3,4,2) : 1
(5,7,1,6,2,0,4,3) : 1
(5,7,2,0,4,3,6,1) : 1
(5,7,2,1,6,0,3,4) : 1
(5,7,2,1,6,4,3,0) : 1
(5,7,2,3,4,1,6,0) : 1
(5,7,3,0,1,6,2,4) : 1
(5,7,3,2,1,6,0,4) : 1
(5,7,4,1,6,2,3,0) : 1
(5,7,6,1,0,3,2,4) : 2
(5,7,6,1,3,0,2,4) : 1
(5,7,6,2,1,0,3,4) : 1
(5,7,6,2,3,0,1,4) : 1
(5,7,6,3,4,1,2,0) : 1
(6) : 123
(6,0) : 3
(6,0,1) : 1
(6,0,1,2,3,7,4,5) : 2
(6,0,1,3,2,5,7,4) : 1
(6,0,1,5) : 1
(6,0,1,5,7,2,3,4) : 1
(6,0,1,5,7,3,2,4) : 1
(6,0,2,3,1,7,5,4) : 1
(6,0,5,7,1,2,4,3) : 1
(6,1) : 9
(6,1,0) : 1
(6,1,0,2,3,5,7,4) : 1
(6,1,0,2,3,7,4,5) : 1
(6,1,0,3,5,4,7,2) : 1
(6,1,0,3,5,7,4,2) : 1
(6,1,0,5,7,3,2,4) : 1
(6,1,0,7,2,3,5,4) : 1
(6,1,2) : 1
(6,1,2,0,3,7,5,4) : 1
(6,1,2,3,0,4,5,7) : 1
(6,1,2,5,3,7,0,4) : 1
(6,1,2,5,4,3,7,0) : 1
(6,1,2,5,4,7,3,0) : 1
(6,1,2,7,4,5,0,3) : 1
(6,1,2,7,5,0,3,4) : 1
(6,1,3,0) : 1
(6,1,3,0,7,4,5,2) : 1
(6,1,3,2,0,7,4,5) : 1
(6,1,3,4,0,2,7,5) : 1
(6,1,4,5,2,0,3,7) : 1
(6,1,4,5,3,0,2,7) : 1
(6,1,5,0) : 1
(6,1,5,0,2) : 1
(6,1,5,0,2,7,3,4) : 1
(6,1,5,2,7,0,3,4) : 1
(6,1,5,2,7,4,0,3) : 1
(6,1,5,4,7,3,0) : 1
(6,1,7,2,0,3,4,5) : 1
(6,1,7,2,0,4,5,3) : 1
(6,1,7,5,3,2,0,4) : 1
(6,2) : 2
(6,2,0,3,7,4,5,1) : 1
(6,2,1,7,4,5,3,0) : 1
(6,2,1,7,5,4,0,3) : 1
(6,2,3,1,0,5,7,4) : 1
(6,2,5,0,3,7,4,1) : 1
(6,2,7,0,1,3,4,5) : 1
(6,2,7,3,0,5,4,1) : 1
(6,3) : 3
(6,3,0,1,2,7,5,4) : 1
(6,3,0,1,5,7,2,4) : 1
(6,3,1) : 2
(6,3,2) : 1
(6,3,2,1,5,4,7,0) : 1
(6,3,2,1,7,4,5) : 1
(6,3,4,7,0,1,2,5) : 1
(6,4,5,3,0,2,7,1) : 1
(6,4,5,7,3,2,0,1) : 1
(6,5,0,1,2,7,3,4) : 1
(6,5,0,1,3,7,2,4) : 1
(6,5,0,3,1,2,4,7) : 1
(6,5,0,3,7,2,4,1) : 1
(6,5,1) : 1
(6,5,1,0) : 2
(6,5,1,0,7,2,3,4) : 1
(6,7) : 2
(6,7,1,4,5,0,3,2) : 1
(6,7,2,1,0,5,4,3) : 1
(6,7,2,1,5,4,3,0) : 1
(6,7,2,5,4,3,1,0) : 1
(6,7,3,0,5,4,1,2) : 1
(6,7,3,1,0,2,4,5) : 1
(6,7,4,3,1,0,5,2) : 1
(7) : 126
(7,0) : 4
(7,0,1,2,6,4,5) : 1
(7,0,1,5,3,2,6,4) : 1
(7,0,1,5,6,2,4,3) : 1
(7,0,3,6,1,2,4,5) : 1
(7,0,3,6,2,4,1,5) : 1
(7,0,4,6,1,2,3,5) : 1
(7,0,5) : 1
(7,0,5,6,1,2,3,4) : 1
(7,0,6,1,2,3,4,5) : 1
(7,0,6,1,2,3,5,4) : 1
(7,1) : 5
(7,1,0,6) : 1
(7,1,0,6,5,3,2,4) : 1
(7,1,0,6,5,4,2,3) : 1
(7,1,2,6,0,3,4,5) : 1
(7,1,2,6,4,3,5,0) : 2
(7,1,3) : 3
(7,1,3,0,6,2,4,5) : 1
(7,1,4,0,6) : 1
(7,1,5) : 1
(7,1,6,2,0,3,5,4) : 1
(7,1,6,3,2,5,0,4) : 1
(7,1,6,5,0,3,2,4) : 1
(7,1,6,5,4,2,0,3) : 1
(7,2) : 2
(7,2,1,6,3,0,4,5) : 1
(7,2,3,4,5,6,0,1) : 1
(7,2,3,5,0,1,6,4) : 1
(7,2,4,1,6,0,5,3) : 1
(7,2,5,3) : 1
(7,3) : 2
(7,3,0) : 1
(7,3,0,1,5,6,2,4) : 1
(7,3,0,5,6,4,1,2) : 1
(7,3,0,6,1,2,4,5) : 1
(7,3,1) : 3
(7,3,1,0,5,6,2,4) : 1
(7,3,1,0,6,4,5) : 1
(7,3,1,4,5,6,0,2) : 1
(7,3,1,5,2,0,6,4) : 1
(7,3,1,5,6,0,2,4) : 1
(7,3,1,6,0,2,4,5) : 1
(7,3,1,6,2,0,4,5) : 1
(7,3,1,6,2,4,5,0) : 1
(7,3,1,6,4,2,0,5) : 1
(7,3,2,1,4,5) : 1
(7,3,2,1,6,0,4,5) : 3
(7,3,2,6,1,0,5,4) : 1
(7,3,4) : 1
(7,3,4,1,6,5,2,0) : 1
(7,3,4,5,0,1,6,2) : 1
(7,3,4,5,2,1,6,0) : 1
(7,3,5) : 1
(7,3,5,1,0,6,4,2) : 1
(7,4) : 2
(7,4,0,1,6,3,2,5) : 1
(7,4,0,6,3,2,5,1) : 1
(7,4,3,1,0,6,5,2) : 1
(7,4,3,2,1,5,0,6) : 1
(7,4,3,5,2,1) : 1
(7,4,5,1,6,0,3,2) : 1
(7,4,5,3,2,1,6,0) : 1
(7,5) : 3
(7,5,0,3,6,1,2,4) : 1
(7,5,0,6,1,2,3,4) : 2
(7,5,0,6,1,3,4,2) : 1
(7,5,1,2,4,6,3,0) : 1
(7,5,1,2,6,0,3,4) : 2
(7,5,1,3,0,6,2,4) : 1
(7,5,1,6,3,2,0,4) : 1
(7,5,3,6,1,0,2,4) : 1
(7,5,6,0,1,2,3,4) : 1
(7,5,6,4,2,3,0,1) : 1
(7,6) : 2
(7,6,0,5,1,2,3,4) : 1
(7,6,1,2,0,4,5,3) : 1
(7,6,1,2,3,0,5,4) : 1
(7,6,1,2,4,0,3,5) : 1
(7,6,1,2,4,5,0,3) : 1
(7,6,2,4,5,3,0,1) : 1
(7,6,5,1,0,3,2,4) : 1
