0, 1, 2, 3, 4
NLT,CLP,NP,CDP,GRN
-+-+-+-+-
() : 111
(0) : 660
(0,1) : 15
(0,1,2) : 5
(0,1,2,3) : 5
(0,1,2,3,4) : 65
(0,1,2,4,3) : 16
(0,1,3) : 1
(0,1,3,2,4) : 6
(0,1,3,4,2) : 10
(0,1,4,2,3) : 11
(0,1,4,3) : 1
(0,1,4,3,2) : 25
(0,2) : 10
(0,2,1) : 1
(0,2,1,3) : 2
(0,2,1,3,4) : 30
(0,2,1,4,3) : 11
(0,2,3,1) : 1
(0,2,3,1,4) : 11
(0,2,3,4,1) : 4
(0,2,4) : 2
(0,2,4,1,3) : 6
(0,2,4,3,1) : 10
(0,3) : 8
(0,3,1) : 1
(0,3,1,2,4) : 6
(0,3,1,4,2) : 2
(0,3,2) : 2
(0,3,2,1,4) : 12
(0,3,2,4,1) : 4
(0,3,4,1) : 1
(0,3,4,1,2) : 12
(0,3,4,2,1) : 4
(0,4) : 13
(0,4,1) : 2
(0,4,1,2,3) : 14
(0,4,1,3,2) : 15
(0,4,2,1,3) : 14
(0,4,2,3,1) : 6
(0,4,3) : 1
(0,4,3,1,2) : 13
(0,4,3,2,1) : 3
(1) : 7126
(1,0) : 29
(1,0,2) : 4
(1,0,2,3) : 2
(1,0,2,3,4) : 150
(1,0,2,4) : 3
(1,0,2,4,3) : 73
(1,0,3) : 1
(1,0,3,2) : 1
(1,0,3,2,4) : 69
(1,0,3,4) : 2
(1,0,3,4,2) : 139
(1,0,4) : 4
(1,0,4,2) : 2
(1,0,4,2,3) : 88
(1,0,4,3,2) : 192
(1,2) : 98
(1,2,0) : 4
(1,2,0,3) : 4
(1,2,0,3,4) : 183
(1,2,0,4) : 2
(1,2,0,4,3) : 93
(1,2,3) : 3
(1,2,3,0) : 1
(1,2,3,0,4) : 54
(1,2,3,4,0) : 77
(1,2,4) : 13
(1,2,4,0) : 2
(1,2,4,0,3) : 151
(1,2,4,3,0) : 89
(1,3) : 12
(1,3,0) : 2
(1,3,0,2) : 4
(1,3,0,2,4) : 42
(1,3,0,4) : 2
(1,3,0,4,2) : 60
(1,3,2) : 3
(1,3,2,0,4) : 25
(1,3,2,4) : 1
(1,3,2,4,0) : 14
(1,3,4) : 1
(1,3,4,0,2) : 68
(1,3,4,2) : 1
(1,3,4,2,0) : 24
(1,4) : 325
(1,4,0) : 17
(1,4,0,2) : 9
(1,4,0,2,3) : 479
(1,4,0,3) : 2
(1,4,0,3,2) : 5328
(1,4,2) : 12
(1,4,2,0) : 3
(1,4,2,0,3) : 257
(1,4,2,3,0) : 103
(1,4,3) : 1
(1,4,3,0) : 4
(1,4,3,0,2) : 305
(1,4,3,2) : 1
(1,4,3,2,0) : 99
(2) : 17790
(2,0) : 42
(2,0,1) : 3
(2,0,1,3) : 1
(2,0,1,3,4) : 182
(2,0,1,4) : 2
(2,0,1,4,3) : 72
(2,0,3) : 2
(2,0,3,1) : 1
(2,0,3,1,4) : 153
(2,0,3,4,1) : 160
(2,0,4) : 4
(2,0,4,1,3) : 53
(2,0,4,3) : 2
(2,0,4,3,1) : 61
(2,1) : 94
(2,1,0) : 6
(2,1,0,3) : 3
(2,1,0,3,4) : 289
(2,1,0,4) : 1
(2,1,0,4,3) : 112
(2,1,3) : 4
(2,1,3,0,4) : 66
(2,1,3,4,0) : 56
(2,1,4) : 11
(2,1,4,0,3) : 145
(2,1,4,3,0) : 99
(2,3) : 103
(2,3,0) : 6
(2,3,0,1) : 1
(2,3,0,1,4) : 238
(2,3,0,4) : 1
(2,3,0,4,1) : 159
(2,3,1) : 3
(2,3,1,0,4) : 88
(2,3,1,4) : 1
(2,3,1,4,0) : 23
(2,3,4) : 1
(2,3,4,0,1) : 69
(2,3,4,1,0) : 57
(2,4) : 114
(2,4,0) : 4
(2,4,0,1) : 1
(2,4,0,1,3) : 128
(2,4,0,3) : 3
(2,4,0,3,1) : 73
(2,4,1) : 10
(2,4,1,0) : 4
(2,4,1,0,3) : 138
(2,4,1,3) : 1
(2,4,1,3,0) : 44
(2,4,3) : 1
(2,4,3,0) : 2
(2,4,3,0,1) : 61
(2,4,3,1,0) : 52
(3) : 342
(3,0) : 4
(3,0,1,2,4) : 10
(3,0,1,4,2) : 2
(3,0,2,1,4) : 7
(3,0,2,4,1) : 1
(3,0,4,1,2) : 5
(3,0,4,2,1) : 1
(3,1) : 3
(3,1,0,2,4) : 5
(3,1,0,4,2) : 4
(3,1,2) : 1
(3,1,2,0,4) : 20
(3,1,2,4,0) : 7
(3,1,4,0,2) : 6
(3,1,4,2,0) : 4
(3,2) : 27
(3,2,0) : 1
(3,2,0,1,4) : 45
(3,2,0,4,1) : 19
(3,2,1) : 1
(3,2,1,0,4) : 33
(3,2,1,4,0) : 8
(3,2,4) : 2
(3,2,4,0,1) : 4
(3,2,4,1,0) : 16
(3,4) : 9
(3,4,0,1,2) : 6
(3,4,1) : 1
(3,4,1,0) : 1
(3,4,1,0,2) : 4
(3,4,1,2,0) : 3
(3,4,2) : 1
(3,4,2,0,1) : 7
(3,4,2,1,0) : 7
(4) : 2676
(4,0) : 25
(4,0,1) : 1
(4,0,1,2) : 1
(4,0,1,2,3) : 89
(4,0,1,3) : 1
(4,0,1,3,2) : 53
(4,0,2) : 1
(4,0,2,1,3) : 29
(4,0,2,3,1) : 7
(4,0,3) : 3
(4,0,3,1,2) : 30
(4,0,3,2,1) : 23
(4,1) : 235
(4,1,0) : 21
(4,1,0,2) : 4
(4,1,0,2,3) : 394
(4,1,0,3) : 3
(4,1,0,3,2) : 1433
(4,1,2) : 16
(4,1,2,0) : 3
(4,1,2,0,3) : 220
(4,1,2,3,0) : 63
(4,1,3) : 1
(4,1,3,0) : 1
(4,1,3,0,2) : 84
(4,1,3,2,0) : 30
(4,2) : 40
(4,2,0) : 2
(4,2,0,1,3) : 56
(4,2,0,3,1) : 15
(4,2,1) : 11
(4,2,1,0,3) : 107
(4,2,1,3) : 1
(4,2,1,3,0) : 16
(4,2,3,0) : 1
(4,2,3,0,1) : 13
(4,2,3,1) : 1
(4,2,3,1,0) : 20
(4,3) : 8
(4,3,0) : 1
(4,3,0,1,2) : 37
(4,3,0,2,1) : 12
(4,3,1) : 1
(4,3,1,0,2) : 24
(4,3,1,2,0) : 11
(4,3,2,0,1) : 11
(4,3,2,1,0) : 29
