0, 1, 2, 3, 4
CLP,GRN,CDP,NP,NLT
-+-+-+-+-
() : 89
(0) : 5422
(0,1) : 203
(0,1,2) : 7
(0,1,2,3) : 2
(0,1,2,3,4) : 72
(0,1,2,4) : 1
(0,1,2,4,3) : 246
(0,1,3) : 23
(0,1,3,2) : 4
(0,1,3,2,4) : 196
(0,1,3,4) : 1
(0,1,3,4,2) : 368
(0,1,4) : 20
(0,1,4,2) : 7
(0,1,4,2,3) : 2342
(0,1,4,3) : 1
(0,1,4,3,2) : 280
(0,2) : 22
(0,2,1) : 3
(0,2,1,3) : 1
(0,2,1,3,4) : 24
(0,2,1,4,3) : 74
(0,2,3) : 2
(0,2,3,1) : 3
(0,2,3,1,4) : 28
(0,2,3,4,1) : 54
(0,2,4) : 2
(0,2,4,1,3) : 49
(0,2,4,3) : 1
(0,2,4,3,1) : 41
(0,3) : 114
(0,3,1) : 25
(0,3,1,2,4) : 124
(0,3,1,4) : 5
(0,3,1,4,2) : 410
(0,3,2) : 1
(0,3,2,1,4) : 72
(0,3,2,4) : 3
(0,3,2,4,1) : 173
(0,3,4) : 4
(0,3,4,1,2) : 154
(0,3,4,2) : 1
(0,3,4,2,1) : 140
(0,4) : 36
(0,4,1) : 1
(0,4,1,2) : 1
(0,4,1,2,3) : 197
(0,4,1,3,2) : 57
(0,4,2) : 1
(0,4,2,1,3) : 120
(0,4,2,3) : 2
(0,4,2,3,1) : 86
(0,4,3) : 7
(0,4,3,1) : 1
(0,4,3,1,2) : 77
(0,4,3,2) : 2
(0,4,3,2,1) : 81
(1) : 1408
(1,0) : 251
(1,0,2,3,4) : 27
(1,0,2,4,3) : 50
(1,0,3) : 37
(1,0,3,2) : 1
(1,0,3,2,4) : 117
(1,0,3,4) : 1
(1,0,3,4,2) : 315
(1,0,4) : 4
(1,0,4,2) : 2
(1,0,4,2,3) : 236
(1,0,4,3,2) : 203
(1,2) : 5
(1,2,0) : 1
(1,2,0,3,4) : 8
(1,2,0,4,3) : 15
(1,2,3,0,4) : 5
(1,2,3,4,0) : 6
(1,2,4) : 1
(1,2,4,0) : 1
(1,2,4,0,3) : 19
(1,2,4,3,0) : 7
(1,3) : 63
(1,3,0) : 22
(1,3,0,2,4) : 54
(1,3,0,4,2) : 164
(1,3,2) : 1
(1,3,2,0) : 1
(1,3,2,0,4) : 22
(1,3,2,4,0) : 33
(1,3,4) : 1
(1,3,4,0,2) : 45
(1,3,4,2,0) : 21
(1,4) : 15
(1,4,0) : 3
(1,4,0,2,3) : 33
(1,4,0,3) : 1
(1,4,0,3,2) : 33
(1,4,2,0) : 1
(1,4,2,0,3) : 14
(1,4,2,3,0) : 21
(1,4,3) : 1
(1,4,3,0,2) : 18
(1,4,3,2,0) : 8
(2) : 523
(2,0) : 3
(2,0,1,3,4) : 8
(2,0,1,4,3) : 18
(2,0,3) : 1
(2,0,3,1,4) : 12
(2,0,3,4) : 1
(2,0,3,4,1) : 23
(2,0,4,1,3) : 13
(2,0,4,3,1) : 19
(2,1) : 10
(2,1,0) : 1
(2,1,0,3,4) : 2
(2,1,0,4,3) : 12
(2,1,3) : 1
(2,1,3,0,4) : 8
(2,1,3,4,0) : 7
(2,1,4,0,3) : 4
(2,1,4,3,0) : 4
(2,3) : 114
(2,3,0) : 2
(2,3,0,1,4) : 43
(2,3,0,4,1) : 124
(2,3,1,0,4) : 18
(2,3,1,4,0) : 16
(2,3,4) : 6
(2,3,4,0,1) : 136
(2,3,4,1) : 1
(2,3,4,1,0) : 53
(2,4) : 2
(2,4,0,1,3) : 11
(2,4,0,3,1) : 11
(2,4,1,0) : 1
(2,4,1,0,3) : 25
(2,4,1,3,0) : 5
(2,4,3,0,1) : 14
(2,4,3,1,0) : 10
(3) : 24064
(3,0) : 272
(3,0,1) : 32
(3,0,1,2) : 1
(3,0,1,2,4) : 296
(3,0,1,4) : 2
(3,0,1,4,2) : 893
(3,0,2) : 5
(3,0,2,1) : 2
(3,0,2,1,4) : 153
(3,0,2,4) : 1
(3,0,2,4,1) : 259
(3,0,4) : 16
(3,0,4,1) : 3
(3,0,4,1,2) : 298
(3,0,4,2) : 3
(3,0,4,2,1) : 378
(3,1) : 160
(3,1,0) : 45
(3,1,0,2) : 1
(3,1,0,2,4) : 214
(3,1,0,4) : 1
(3,1,0,4,2) : 555
(3,1,2) : 6
(3,1,2,0) : 3
(3,1,2,0,4) : 93
(3,1,2,4,0) : 146
(3,1,4) : 1
(3,1,4,0) : 3
(3,1,4,0,2) : 157
(3,1,4,2) : 1
(3,1,4,2,0) : 203
(3,2) : 305
(3,2,0) : 11
(3,2,0,1) : 3
(3,2,0,1,4) : 283
(3,2,0,4,1) : 251
(3,2,1) : 6
(3,2,1,0,4) : 121
(3,2,1,4,0) : 178
(3,2,4) : 15
(3,2,4,0,1) : 543
(3,2,4,1) : 1
(3,2,4,1,0) : 785
(3,4) : 82
(3,4,0) : 7
(3,4,0,1) : 4
(3,4,0,1,2) : 165
(3,4,0,2) : 2
(3,4,0,2,1) : 150
(3,4,1) : 3
(3,4,1,0,2) : 154
(3,4,1,2) : 1
(3,4,1,2,0) : 93
(3,4,2) : 4
(3,4,2,0,1) : 247
(3,4,2,1,0) : 315
(4) : 504
(4,0) : 13
(4,0,1) : 1
(4,0,1,2,3) : 25
(4,0,1,3,2) : 15
(4,0,2,1,3) : 12
(4,0,2,3,1) : 12
(4,0,3) : 1
(4,0,3,1) : 2
(4,0,3,1,2) : 14
(4,0,3,2,1) : 10
(4,1) : 6
(4,1,0) : 2
(4,1,0,2) : 1
(4,1,0,2,3) : 20
(4,1,0,3,2) : 10
(4,1,2) : 1
(4,1,2,0,3) : 13
(4,1,2,3,0) : 11
(4,1,3,0,2) : 6
(4,1,3,2,0) : 7
(4,2) : 4
(4,2,0,1,3) : 15
(4,2,0,3,1) : 2
(4,2,1,0,3) : 5
(4,2,1,3,0) : 10
(4,2,3,0,1) : 9
(4,2,3,1,0) : 16
(4,3) : 14
(4,3,0,1) : 1
(4,3,0,1,2) : 12
(4,3,0,2) : 1
(4,3,0,2,1) : 13
(4,3,1,0,2) : 13
(4,3,1,2) : 1
(4,3,1,2,0) : 5
(4,3,2,0,1) : 11
(4,3,2,1,0) : 19
