0, 1, 2, 3, 4
CDP,LIB,NLT,LAB,GRN
-+-+-+-+-
() : 184
(0) : 682
(0,1) : 197
(0,1,2) : 5
(0,1,2,3) : 8
(0,1,2,3,4) : 172
(0,1,2,4,3) : 38
(0,1,3) : 15
(0,1,3,2) : 1
(0,1,3,2,4) : 141
(0,1,3,4,2) : 58
(0,1,4) : 2
(0,1,4,2,3) : 18
(0,1,4,3,2) : 14
(0,2) : 3
(0,2,1) : 1
(0,2,1,3) : 1
(0,2,1,3,4) : 19
(0,2,1,4,3) : 8
(0,2,3) : 1
(0,2,3,1,4) : 5
(0,2,3,4) : 1
(0,2,3,4,1) : 5
(0,2,4,1,3) : 8
(0,2,4,3,1) : 8
(0,3) : 41
(0,3,1) : 7
(0,3,1,2,4) : 49
(0,3,1,4,2) : 33
(0,3,2) : 1
(0,3,2,1,4) : 29
(0,3,2,4,1) : 13
(0,3,4) : 5
(0,3,4,1,2) : 22
(0,3,4,2,1) : 19
(0,4) : 7
(0,4,1) : 1
(0,4,1,2,3) : 5
(0,4,1,3,2) : 11
(0,4,2,1,3) : 6
(0,4,2,3,1) : 12
(0,4,3) : 1
(0,4,3,1,2) : 18
(0,4,3,2,1) : 11
(1) : 10040
(1,0) : 403
(1,0,2) : 11
(1,0,2,3,4) : 384
(1,0,2,4) : 3
(1,0,2,4,3) : 228
(1,0,3) : 8
(1,0,3,2) : 1
(1,0,3,2,4) : 182
(1,0,3,4,2) : 143
(1,0,4) : 5
(1,0,4,2) : 1
(1,0,4,2,3) : 70
(1,0,4,3) : 1
(1,0,4,3,2) : 74
(1,2) : 48
(1,2,0) : 6
(1,2,0,3) : 1
(1,2,0,3,4) : 160
(1,2,0,4) : 1
(1,2,0,4,3) : 141
(1,2,3) : 3
(1,2,3,0) : 1
(1,2,3,0,4) : 82
(1,2,3,4) : 3
(1,2,3,4,0) : 102
(1,2,4) : 4
(1,2,4,0,3) : 72
(1,2,4,3,0) : 75
(1,3) : 179
(1,3,0) : 9
(1,3,0,2,4) : 123
(1,3,0,4,2) : 83
(1,3,2) : 6
(1,3,2,0) : 1
(1,3,2,0,4) : 132
(1,3,2,4) : 2
(1,3,2,4,0) : 130
(1,3,4) : 19
(1,3,4,0) : 3
(1,3,4,0,2) : 120
(1,3,4,2) : 1
(1,3,4,2,0) : 264
(1,4) : 87
(1,4,0) : 4
(1,4,0,2) : 1
(1,4,0,2,3) : 83
(1,4,0,3) : 1
(1,4,0,3,2) : 32
(1,4,2) : 2
(1,4,2,0) : 1
(1,4,2,0,3) : 86
(1,4,2,3) : 1
(1,4,2,3,0) : 84
(1,4,3) : 22
(1,4,3,0,2) : 79
(1,4,3,2) : 1
(1,4,3,2,0) : 179
(2) : 548
(2,0) : 6
(2,0,1) : 2
(2,0,1,3,4) : 11
(2,0,1,4,3) : 5
(2,0,3,1,4) : 10
(2,0,3,4,1) : 7
(2,0,4,1,3) : 7
(2,0,4,3,1) : 10
(2,1) : 12
(2,1,0) : 2
(2,1,0,3,4) : 21
(2,1,0,4,3) : 7
(2,1,3) : 2
(2,1,3,0,4) : 17
(2,1,3,4) : 1
(2,1,3,4,0) : 19
(2,1,4,0,3) : 5
(2,1,4,3) : 1
(2,1,4,3,0) : 6
(2,3) : 28
(2,3,0,1,4) : 4
(2,3,0,4,1) : 7
(2,3,1,0,4) : 12
(2,3,1,4,0) : 25
(2,3,4) : 3
(2,3,4,0,1) : 17
(2,3,4,1) : 1
(2,3,4,1,0) : 24
(2,4) : 12
(2,4,0) : 1
(2,4,0,1,3) : 11
(2,4,1,0,3) : 3
(2,4,1,3,0) : 10
(2,4,3,0,1) : 15
(2,4,3,1,0) : 37
(3) : 18636
(3,0) : 61
(3,0,1) : 9
(3,0,1,2) : 3
(3,0,1,2,4) : 173
(3,0,1,4) : 2
(3,0,1,4,2) : 70
(3,0,2) : 2
(3,0,2,1,4) : 63
(3,0,2,4) : 1
(3,0,2,4,1) : 91
(3,0,4) : 7
(3,0,4,1,2) : 51
(3,0,4,2) : 4
(3,0,4,2,1) : 108
(3,1) : 212
(3,1,0) : 7
(3,1,0,2) : 3
(3,1,0,2,4) : 194
(3,1,0,4) : 1
(3,1,0,4,2) : 103
(3,1,2) : 7
(3,1,2,0) : 1
(3,1,2,0,4) : 146
(3,1,2,4) : 4
(3,1,2,4,0) : 180
(3,1,4) : 35
(3,1,4,0) : 2
(3,1,4,0,2) : 165
(3,1,4,2) : 1
(3,1,4,2,0) : 312
(3,2) : 74
(3,2,0) : 4
(3,2,0,1) : 2
(3,2,0,1,4) : 79
(3,2,0,4,1) : 113
(3,2,1) : 4
(3,2,1,0,4) : 158
(3,2,1,4) : 3
(3,2,1,4,0) : 102
(3,2,4) : 17
(3,2,4,0) : 2
(3,2,4,0,1) : 251
(3,2,4,1,0) : 196
(3,4) : 931
(3,4,0) : 14
(3,4,0,1) : 7
(3,4,0,1,2) : 231
(3,4,0,2) : 6
(3,4,0,2,1) : 405
(3,4,1) : 51
(3,4,1,0) : 6
(3,4,1,0,2) : 320
(3,4,1,2) : 4
(3,4,1,2,0) : 802
(3,4,2) : 53
(3,4,2,0) : 5
(3,4,2,0,1) : 1162
(3,4,2,1) : 6
(3,4,2,1,0) : 1230
(4) : 2382
(4,0) : 7
(4,0,1,2,3) : 7
(4,0,1,3,2) : 12
(4,0,2) : 3
(4,0,2,1,3) : 12
(4,0,2,3) : 1
(4,0,2,3,1) : 22
(4,0,3) : 1
(4,0,3,1,2) : 17
(4,0,3,2,1) : 10
(4,1) : 27
(4,1,0) : 2
(4,1,0,2,3) : 21
(4,1,0,3,2) : 6
(4,1,2) : 2
(4,1,2,0) : 1
(4,1,2,0,3) : 31
(4,1,2,3) : 1
(4,1,2,3,0) : 48
(4,1,3) : 17
(4,1,3,0) : 1
(4,1,3,0,2) : 40
(4,1,3,2,0) : 134
(4,2) : 25
(4,2,0,1,3) : 28
(4,2,0,3,1) : 27
(4,2,1) : 1
(4,2,1,0,3) : 8
(4,2,1,3,0) : 40
(4,2,3) : 4
(4,2,3,0,1) : 32
(4,2,3,1,0) : 99
(4,3) : 574
(4,3,0) : 2
(4,3,0,1,2) : 74
(4,3,0,2,1) : 95
(4,3,1) : 44
(4,3,1,0) : 2
(4,3,1,0,2) : 173
(4,3,1,2) : 1
(4,3,1,2,0) : 601
(4,3,2) : 37
(4,3,2,0) : 3
(4,3,2,0,1) : 401
(4,3,2,1) : 7
(4,3,2,1,0) : 2025
