0, 1, 2, 3, 4
LAB,NLT,GRN,CDP,LIB
-+-+-+-+-
() : 92
(0) : 17705
(0,1) : 220
(0,1,2) : 39
(0,1,2,3) : 19
(0,1,2,3,4) : 1001
(0,1,2,4) : 2
(0,1,2,4,3) : 177
(0,1,3) : 9
(0,1,3,2) : 2
(0,1,3,2,4) : 182
(0,1,3,4) : 1
(0,1,3,4,2) : 75
(0,1,4) : 6
(0,1,4,2) : 4
(0,1,4,2,3) : 85
(0,1,4,3) : 1
(0,1,4,3,2) : 75
(0,2) : 659
(0,2,1) : 38
(0,2,1,3) : 11
(0,2,1,3,4) : 1025
(0,2,1,4) : 3
(0,2,1,4,3) : 386
(0,2,3) : 30
(0,2,3,1) : 14
(0,2,3,1,4) : 379
(0,2,3,4) : 3
(0,2,3,4,1) : 102
(0,2,4) : 36
(0,2,4,1) : 3
(0,2,4,1,3) : 297
(0,2,4,3) : 2
(0,2,4,3,1) : 152
(0,3) : 170
(0,3,1) : 12
(0,3,1,2) : 1
(0,3,1,2,4) : 154
(0,3,1,4) : 1
(0,3,1,4,2) : 43
(0,3,2) : 7
(0,3,2,1) : 6
(0,3,2,1,4) : 152
(0,3,2,4) : 1
(0,3,2,4,1) : 63
(0,3,4) : 9
(0,3,4,1,2) : 56
(0,3,4,2) : 2
(0,3,4,2,1) : 67
(0,4) : 386
(0,4,1) : 5
(0,4,1,2) : 3
(0,4,1,2,3) : 232
(0,4,1,3,2) : 98
(0,4,2) : 41
(0,4,2,1) : 4
(0,4,2,1,3) : 261
(0,4,2,3) : 1
(0,4,2,3,1) : 155
(0,4,3) : 15
(0,4,3,1,2) : 70
(0,4,3,2) : 1
(0,4,3,2,1) : 155
(1) : 949
(1,0) : 22
(1,0,2) : 1
(1,0,2,3) : 1
(1,0,2,3,4) : 53
(1,0,2,4,3) : 24
(1,0,3) : 2
(1,0,3,2) : 1
(1,0,3,2,4) : 17
(1,0,3,4,2) : 4
(1,0,4) : 2
(1,0,4,2,3) : 23
(1,0,4,3,2) : 11
(1,2) : 30
(1,2,0) : 1
(1,2,0,3,4) : 19
(1,2,0,4) : 1
(1,2,0,4,3) : 19
(1,2,3) : 2
(1,2,3,0,4) : 23
(1,2,3,4,0) : 26
(1,2,4,0,3) : 16
(1,2,4,3,0) : 7
(1,3) : 13
(1,3,0,2,4) : 11
(1,3,0,4,2) : 9
(1,3,2) : 1
(1,3,2,0,4) : 12
(1,3,2,4) : 1
(1,3,2,4,0) : 7
(1,3,4) : 1
(1,3,4,0,2) : 12
(1,3,4,2,0) : 5
(1,4) : 17
(1,4,0) : 2
(1,4,0,2,3) : 20
(1,4,0,3,2) : 8
(1,4,2) : 1
(1,4,2,0,3) : 7
(1,4,2,3,0) : 8
(1,4,3) : 1
(1,4,3,0,2) : 6
(1,4,3,2,0) : 15
(2) : 1490
(2,0) : 188
(2,0,1) : 17
(2,0,1,3) : 1
(2,0,1,3,4) : 167
(2,0,1,4) : 1
(2,0,1,4,3) : 200
(2,0,3) : 3
(2,0,3,1) : 1
(2,0,3,1,4) : 58
(2,0,3,4,1) : 25
(2,0,4) : 17
(2,0,4,1,3) : 235
(2,0,4,3) : 1
(2,0,4,3,1) : 43
(2,1) : 30
(2,1,0) : 5
(2,1,0,3) : 1
(2,1,0,3,4) : 47
(2,1,0,4,3) : 52
(2,1,3) : 1
(2,1,3,0,4) : 21
(2,1,3,4,0) : 25
(2,1,4,0,3) : 22
(2,1,4,3) : 1
(2,1,4,3,0) : 7
(2,3) : 11
(2,3,0) : 3
(2,3,0,1,4) : 14
(2,3,0,4,1) : 11
(2,3,1) : 3
(2,3,1,0,4) : 27
(2,3,1,4,0) : 17
(2,3,4) : 2
(2,3,4,0,1) : 6
(2,3,4,1) : 2
(2,3,4,1,0) : 13
(2,4) : 40
(2,4,0) : 9
(2,4,0,1,3) : 51
(2,4,0,3) : 1
(2,4,0,3,1) : 14
(2,4,1) : 3
(2,4,1,0,3) : 20
(2,4,1,3,0) : 10
(2,4,3,0,1) : 3
(2,4,3,1,0) : 18
(3) : 1468
(3,0) : 77
(3,0,1,2,4) : 44
(3,0,1,4,2) : 27
(3,0,2) : 4
(3,0,2,1,4) : 21
(3,0,2,4) : 1
(3,0,2,4,1) : 13
(3,0,4) : 4
(3,0,4,1) : 2
(3,0,4,1,2) : 42
(3,0,4,2) : 1
(3,0,4,2,1) : 32
(3,1) : 23
(3,1,0,2) : 1
(3,1,0,2,4) : 13
(3,1,0,4,2) : 13
(3,1,2,0,4) : 23
(3,1,2,4,0) : 10
(3,1,4) : 2
(3,1,4,0,2) : 36
(3,1,4,2,0) : 5
(3,2) : 16
(3,2,0) : 3
(3,2,0,1,4) : 8
(3,2,0,4,1) : 9
(3,2,1) : 1
(3,2,1,0,4) : 31
(3,2,1,4,0) : 12
(3,2,4) : 2
(3,2,4,0,1) : 12
(3,2,4,1,0) : 12
(3,4) : 302
(3,4,0) : 14
(3,4,0,1,2) : 172
(3,4,0,2,1) : 51
(3,4,1) : 2
(3,4,1,0,2) : 119
(3,4,1,2,0) : 53
(3,4,2) : 2
(3,4,2,0,1) : 16
(3,4,2,1,0) : 51
(4) : 10633
(4,0) : 345
(4,0,1) : 14
(4,0,1,2) : 2
(4,0,1,2,3) : 249
(4,0,1,3) : 1
(4,0,1,3,2) : 89
(4,0,2) : 36
(4,0,2,1) : 5
(4,0,2,1,3) : 180
(4,0,2,3) : 5
(4,0,2,3,1) : 110
(4,0,3) : 8
(4,0,3,1,2) : 59
(4,0,3,2) : 1
(4,0,3,2,1) : 62
(4,1) : 83
(4,1,0) : 8
(4,1,0,2,3) : 78
(4,1,0,3) : 1
(4,1,0,3,2) : 45
(4,1,2) : 4
(4,1,2,0,3) : 51
(4,1,2,3) : 1
(4,1,2,3,0) : 73
(4,1,3) : 2
(4,1,3,0,2) : 75
(4,1,3,2,0) : 97
(4,2) : 93
(4,2,0) : 19
(4,2,0,1,3) : 98
(4,2,0,3,1) : 31
(4,2,1) : 5
(4,2,1,0) : 2
(4,2,1,0,3) : 67
(4,2,1,3) : 1
(4,2,1,3,0) : 59
(4,2,3) : 6
(4,2,3,0,1) : 25
(4,2,3,1) : 1
(4,2,3,1,0) : 80
(4,3) : 473
(4,3,0) : 20
(4,3,0,1,2) : 140
(4,3,0,2,1) : 75
(4,3,1) : 12
(4,3,1,0) : 1
(4,3,1,0,2) : 199
(4,3,1,2) : 2
(4,3,1,2,0) : 218
(4,3,2) : 5
(4,3,2,0) : 1
(4,3,2,0,1) : 59
(4,3,2,1) : 3
(4,3,2,1,0) : 238
