0, 1, 2, 3, 4, 5
CDP,GRN,NLT,LAB,IND,LIB
-+-+-+-+-
() : 199
(0) : 1085
(0,1) : 7
(0,1,2) : 9
(0,1,2,3,4) : 6
(0,1,2,3,4,5) : 63
(0,1,2,3,5,4) : 1
(0,1,2,4,3,5) : 4
(0,1,2,4,5,3) : 2
(0,1,2,5,4,3) : 1
(0,1,3) : 3
(0,1,3,2,4,5) : 9
(0,1,3,4,2,5) : 2
(0,1,3,4,5,2) : 3
(0,1,3,5,4,2) : 2
(0,1,4,2,3,5) : 3
(0,1,4,3,5,2) : 1
(0,1,4,5,2,3) : 1
(0,1,4,5,3,2) : 1
(0,1,5) : 2
(0,1,5,2,4,3) : 3
(0,1,5,3,2,4) : 1
(0,1,5,4,2,3) : 2
(0,1,5,4,3,2) : 2
(0,2) : 9
(0,2,1) : 1
(0,2,1,3) : 1
(0,2,1,3,4) : 1
(0,2,1,3,4,5) : 5
(0,2,1,3,5,4) : 1
(0,2,1,4) : 1
(0,2,1,4,3,5) : 3
(0,2,1,4,5,3) : 3
(0,2,1,5,4,3) : 2
(0,2,3,1,4,5) : 1
(0,2,3,4,1,5) : 4
(0,2,3,5) : 2
(0,2,3,5,4,1) : 3
(0,2,4,1,3,5) : 5
(0,2,4,1,5,3) : 2
(0,2,4,3,5,1) : 4
(0,2,4,5,3) : 1
(0,2,4,5,3,1) : 7
(0,2,5) : 1
(0,2,5,3,1,4) : 1
(0,2,5,3,4,1) : 1
(0,2,5,4,1,3) : 1
(0,2,5,4,3,1) : 6
(0,3) : 32
(0,3,1) : 2
(0,3,1,2,4,5) : 5
(0,3,1,4) : 1
(0,3,1,4,2) : 1
(0,3,1,4,2,5) : 7
(0,3,1,4,5,2) : 6
(0,3,1,5,2,4) : 2
(0,3,1,5,4,2) : 2
(0,3,2) : 1
(0,3,2,1,4,5) : 4
(0,3,2,1,5,4) : 1
(0,3,2,4,1,5) : 1
(0,3,2,5,4,1) : 1
(0,3,4) : 2
(0,3,4,1,2) : 1
(0,3,4,1,2,5) : 3
(0,3,4,1,5,2) : 2
(0,3,4,2,1,5) : 6
(0,3,4,2,5,1) : 2
(0,3,4,5,1,2) : 5
(0,3,4,5,2) : 1
(0,3,4,5,2,1) : 9
(0,3,5) : 6
(0,3,5,1,2,4) : 4
(0,3,5,1,4,2) : 4
(0,3,5,2,1,4) : 1
(0,3,5,2,4,1) : 1
(0,3,5,4,1,2) : 11
(0,3,5,4,2,1) : 15
(0,4) : 12
(0,4,1,2,3,5) : 2
(0,4,1,3) : 1
(0,4,1,3,2,5) : 2
(0,4,1,5,2,3) : 1
(0,4,2) : 1
(0,4,2,1,3,5) : 4
(0,4,2,1,5,3) : 2
(0,4,2,3,5,1) : 3
(0,4,2,5,1,3) : 2
(0,4,2,5,3,1) : 7
(0,4,3) : 1
(0,4,3,1,2,5) : 1
(0,4,3,1,5,2) : 1
(0,4,3,2,1,5) : 3
(0,4,3,5,1,2) : 1
(0,4,3,5,2,1) : 1
(0,4,5) : 2
(0,4,5,1,2,3) : 1
(0,4,5,1,3,2) : 1
(0,4,5,2,1) : 1
(0,4,5,2,1,3) : 2
(0,4,5,2,3,1) : 4
(0,4,5,3) : 1
(0,4,5,3,1,2) : 4
(0,4,5,3,2,1) : 5
(0,5) : 288
(0,5,1,2,3,4) : 6
(0,5,1,2,4,3) : 4
(0,5,1,3) : 1
(0,5,1,3,2,4) : 1
(0,5,1,4,2,3) : 3
(0,5,1,4,3,2) : 3
(0,5,2) : 2
(0,5,2,1,4,3) : 1
(0,5,2,3,1,4) : 1
(0,5,2,3,4,1) : 8
(0,5,2,4,1,3) : 14
(0,5,2,4,3,1) : 30
(0,5,3) : 3
(0,5,3,1,2,4) : 6
(0,5,3,1,4,2) : 7
(0,5,3,2,1,4) : 1
(0,5,3,2,4,1) : 14
(0,5,3,4,1,2) : 12
(0,5,3,4,2,1) : 44
(0,5,4) : 11
(0,5,4,1,2,3) : 12
(0,5,4,1,3,2) : 10
(0,5,4,2) : 2
(0,5,4,2,1,3) : 21
(0,5,4,2,3,1) : 62
(0,5,4,3) : 1
(0,5,4,3,1,2) : 20
(0,5,4,3,2) : 2
(0,5,4,3,2,1) : 65
(1) : 1711
(1,0) : 9
(1,0,2) : 1
(1,0,2,3,4) : 1
(1,0,2,3,4,5) : 7
(1,0,2,4,3) : 1
(1,0,2,4,3,5) : 8
(1,0,2,4,5,3) : 1
(1,0,2,5,3) : 1
(1,0,3) : 1
(1,0,3,2,4,5) : 6
(1,0,3,2,5,4) : 1
(1,0,3,4,2,5) : 2
(1,0,3,4,5) : 1
(1,0,3,4,5,2) : 3
(1,0,3,5,2,4) : 1
(1,0,4) : 1
(1,0,4,2,3,5) : 3
(1,0,4,2,5,3) : 1
(1,0,4,3,2,5) : 1
(1,0,5,2,3,4) : 1
(1,0,5,3,4,2) : 1
(1,0,5,4,3,2) : 2
(1,2) : 15
(1,2,0) : 1
(1,2,0,3,4,5) : 2
(1,2,0,4,3,5) : 4
(1,2,0,4,5,3) : 1
(1,2,3) : 2
(1,2,3,0,4,5) : 2
(1,2,3,0,5,4) : 1
(1,2,3,4) : 2
(1,2,3,4,0) : 3
(1,2,3,4,0,5) : 9
(1,2,3,4,5,0) : 17
(1,2,3,5) : 1
(1,2,3,5,0,4) : 2
(1,2,3,5,4,0) : 4
(1,2,4) : 3
(1,2,4,0,3,5) : 3
(1,2,4,0,5,3) : 3
(1,2,4,3) : 1
(1,2,4,3,0,5) : 6
(1,2,4,3,5,0) : 10
(1,2,4,5,0) : 1
(1,2,4,5,3,0) : 8
(1,2,5) : 1
(1,2,5,3) : 1
(1,2,5,3,4,0) : 2
(1,2,5,4,3,0) : 3
(1,3) : 420
(1,3,0,2,4,5) : 8
(1,3,0,2,5,4) : 1
(1,3,0,4,2,5) : 10
(1,3,0,4,5,2) : 5
(1,3,0,5,4,2) : 2
(1,3,2) : 4
(1,3,2,0,4,5) : 10
(1,3,2,4) : 3
(1,3,2,4,0) : 1
(1,3,2,4,0,5) : 49
(1,3,2,4,5,0) : 47
(1,3,2,5,0,4) : 2
(1,3,2,5,4,0) : 13
(1,3,4) : 23
(1,3,4,0,2,5) : 53
(1,3,4,0,5) : 3
(1,3,4,0,5,2) : 10
(1,3,4,2) : 3
(1,3,4,2,0) : 1
(1,3,4,2,0,5) : 102
(1,3,4,2,5) : 3
(1,3,4,2,5,0) : 159
(1,3,4,5) : 2
(1,3,4,5,0) : 7
(1,3,4,5,0,2) : 20
(1,3,4,5,2) : 1
(1,3,4,5,2,0) : 97
(1,3,5) : 17
(1,3,5,0,2,4) : 1
(1,3,5,0,4,2) : 2
(1,3,5,2,0,4) : 3
(1,3,5,2,4,0) : 16
(1,3,5,4) : 1
(1,3,5,4,0) : 1
(1,3,5,4,0,2) : 11
(1,3,5,4,2,0) : 78
(1,4) : 34
(1,4,0,2,3,5) : 11
(1,4,0,2,5,3) : 2
(1,4,0,3,2,5) : 2
(1,4,0,3,5,2) : 1
(1,4,0,5,3,2) : 1
(1,4,2,0,3,5) : 15
(1,4,2,0,5) : 1
(1,4,2,0,5,3) : 4
(1,4,2,3) : 1
(1,4,2,3,0,5) : 11
(1,4,2,3,5,0) : 20
(1,4,2,5,0,3) : 1
(1,4,2,5,3,0) : 3
(1,4,3) : 11
(1,4,3,0,2,5) : 5
(1,4,3,0,5) : 1
(1,4,3,0,5,2) : 2
(1,4,3,2) : 2
(1,4,3,2,0,5) : 15
(1,4,3,2,5,0) : 33
(1,4,3,5) : 1
(1,4,3,5,0) : 1
(1,4,3,5,0,2) : 6
(1,4,3,5,2) : 1
(1,4,3,5,2,0) : 27
(1,4,5) : 2
(1,4,5,0,2,3) : 2
(1,4,5,0,3,2) : 1
(1,4,5,2,0,3) : 2
(1,4,5,2,3,0) : 3
(1,4,5,3,0,2) : 2
(1,4,5,3,2,0) : 20
(1,5) : 45
(1,5,0,2,4,3) : 2
(1,5,0,3,4,2) : 2
(1,5,0,4,2,3) : 2
(1,5,0,4,3,2) : 1
(1,5,2) : 2
(1,5,2,3,4,0) : 2
(1,5,2,4,3,0) : 3
(1,5,3) : 11
(1,5,3,0,2,4) : 1
(1,5,3,0,4,2) : 3
(1,5,3,2,4,0) : 4
(1,5,3,4,0) : 1
(1,5,3,4,0,2) : 6
(1,5,3,4,2,0) : 30
(1,5,4) : 1
(1,5,4,0,2,3) : 3
(1,5,4,0,3,2) : 2
(1,5,4,2,0,3) : 3
(1,5,4,2,3,0) : 7
(1,5,4,3,0,2) : 3
(1,5,4,3,2,0) : 10
(2) : 492
(2,0) : 3
(2,0,1) : 1
(2,0,1,3,4,5) : 6
(2,0,1,3,5,4) : 1
(2,0,1,4,3) : 1
(2,0,1,4,3,5) : 3
(2,0,3,1,4) : 1
(2,0,3,5,4,1) : 1
(2,0,4,1,3,5) : 2
(2,0,4,1,5,3) : 1
(2,0,4,3,1,5) : 2
(2,0,4,3,5,1) : 1
(2,0,4,5,1,3) : 1
(2,0,5,1,3,4) : 1
(2,0,5,3,1,4) : 1
(2,0,5,3,4,1) : 1
(2,0,5,4,1,3) : 2
(2,1) : 11
(2,1,0,3,4,5) : 9
(2,1,0,4,3) : 1
(2,1,3) : 2
(2,1,3,0) : 1
(2,1,3,0,4) : 1
(2,1,3,0,4,5) : 1
(2,1,3,0,5,4) : 1
(2,1,3,4,0) : 1
(2,1,3,4,0,5) : 2
(2,1,3,4,5,0) : 9
(2,1,3,5,0,4) : 1
(2,1,3,5,4,0) : 1
(2,1,4) : 2
(2,1,4,0,3,5) : 3
(2,1,4,0,5,3) : 2
(2,1,4,3,0,5) : 7
(2,1,4,3,5,0) : 2
(2,1,4,5,3,0) : 4
(2,1,5,0,3,4) : 1
(2,1,5,3,4) : 1
(2,1,5,4) : 1
(2,3) : 24
(2,3,0) : 1
(2,3,0,1,4,5) : 2
(2,3,0,5,4,1) : 1
(2,3,1,0,4) : 1
(2,3,1,0,4,5) : 2
(2,3,1,4,0,5) : 4
(2,3,1,4,5,0) : 6
(2,3,1,5,4,0) : 3
(2,3,4,0,1,5) : 3
(2,3,4,1,0,5) : 8
(2,3,4,1,5,0) : 2
(2,3,4,5,1,0) : 6
(2,3,5) : 1
(2,3,5,0,1,4) : 1
(2,3,5,4,1,0) : 14
(2,4) : 7
(2,4,0,1,3,5) : 3
(2,4,0,1,5,3) : 2
(2,4,0,3,5,1) : 1
(2,4,1) : 1
(2,4,1,0,3,5) : 5
(2,4,1,0,5,3) : 4
(2,4,1,3,0,5) : 1
(2,4,1,3,5,0) : 2
(2,4,1,5,0) : 1
(2,4,1,5,3,0) : 1
(2,4,3,0,1,5) : 1
(2,4,3,1,0,5) : 5
(2,4,3,5,0,1) : 2
(2,4,3,5,1,0) : 2
(2,4,5,0,1) : 1
(2,4,5,0,3,1) : 2
(2,4,5,1,3,0) : 2
(2,4,5,3,0,1) : 2
(2,4,5,3,1,0) : 2
(2,5) : 21
(2,5,0) : 2
(2,5,0,1,4,3) : 1
(2,5,0,3,4,1) : 2
(2,5,1) : 1
(2,5,1,0,4,3) : 1
(2,5,1,4,0,3) : 1
(2,5,1,4,3,0) : 2
(2,5,3,1,4,0) : 4
(2,5,3,4,1,0) : 4
(2,5,4) : 1
(2,5,4,0) : 1
(2,5,4,0,1,3) : 2
(2,5,4,0,3,1) : 2
(2,5,4,1,0,3) : 4
(2,5,4,1,3,0) : 2
(2,5,4,3,0,1) : 3
(2,5,4,3,1) : 1
(2,5,4,3,1,0) : 11
(3) : 7426
(3,0) : 52
(3,0,1) : 3
(3,0,1,2) : 2
(3,0,1,2,4,5) : 59
(3,0,1,2,5,4) : 2
(3,0,1,4,2) : 1
(3,0,1,4,2,5) : 33
(3,0,1,4,5) : 3
(3,0,1,4,5,2) : 12
(3,0,1,5) : 1
(3,0,1,5,2,4) : 2
(3,0,1,5,4,2) : 9
(3,0,2,1,4,5) : 11
(3,0,2,1,5,4) : 1
(3,0,2,4) : 1
(3,0,2,4,1,5) : 15
(3,0,2,4,5,1) : 4
(3,0,2,5,4,1) : 3
(3,0,4) : 2
(3,0,4,1,2,5) : 21
(3,0,4,1,5,2) : 7
(3,0,4,2,1,5) : 21
(3,0,4,2,5) : 1
(3,0,4,2,5,1) : 5
(3,0,4,5,1,2) : 7
(3,0,4,5,2,1) : 17
(3,0,5) : 3
(3,0,5,1) : 1
(3,0,5,1,2,4) : 4
(3,0,5,1,4,2) : 5
(3,0,5,2,4,1) : 4
(3,0,5,4,1,2) : 9
(3,0,5,4,2,1) : 9
(3,1) : 369
(3,1,0) : 8
(3,1,0,2,4,5) : 64
(3,1,0,2,5,4) : 5
(3,1,0,4) : 1
(3,1,0,4,2,5) : 59
(3,1,0,4,5) : 5
(3,1,0,4,5,2) : 12
(3,1,0,5,2,4) : 4
(3,1,0,5,4,2) : 12
(3,1,2) : 10
(3,1,2,0,4,5) : 61
(3,1,2,0,5,4) : 2
(3,1,2,4) : 6
(3,1,2,4,0,5) : 135
(3,1,2,4,5) : 4
(3,1,2,4,5,0) : 86
(3,1,2,5) : 1
(3,1,2,5,0,4) : 1
(3,1,2,5,4,0) : 16
(3,1,4) : 54
(3,1,4,0) : 13
(3,1,4,0,2) : 8
(3,1,4,0,2,5) : 3233
(3,1,4,0,5) : 14
(3,1,4,0,5,2) : 37
(3,1,4,2) : 9
(3,1,4,2,0) : 1
(3,1,4,2,0,5) : 303
(3,1,4,2,5) : 2
(3,1,4,2,5,0) : 213
(3,1,4,5) : 4
(3,1,4,5,0) : 2
(3,1,4,5,0,2) : 39
(3,1,4,5,2,0) : 156
(3,1,5) : 14
(3,1,5,0,2) : 1
(3,1,5,0,2,4) : 10
(3,1,5,0,4,2) : 9
(3,1,5,2,0,4) : 5
(3,1,5,2,4,0) : 12
(3,1,5,4) : 3
(3,1,5,4,0) : 2
(3,1,5,4,0,2) : 17
(3,1,5,4,2,0) : 90
(3,2) : 42
(3,2,0,1,4,5) : 17
(3,2,0,1,5,4) : 3
(3,2,0,4,1,5) : 6
(3,2,0,4,5,1) : 6
(3,2,0,5,4,1) : 2
(3,2,1) : 8
(3,2,1,0) : 1
(3,2,1,0,4,5) : 49
(3,2,1,0,5,4) : 1
(3,2,1,4) : 2
(3,2,1,4,0) : 4
(3,2,1,4,0,5) : 45
(3,2,1,4,5) : 3
(3,2,1,4,5,0) : 31
(3,2,1,5,4,0) : 11
(3,2,4) : 5
(3,2,4,0,1,5) : 15
(3,2,4,0,5) : 1
(3,2,4,0,5,1) : 5
(3,2,4,1) : 2
(3,2,4,1,0) : 1
(3,2,4,1,0,5) : 53
(3,2,4,1,5) : 1
(3,2,4,1,5,0) : 13
(3,2,4,5,0,1) : 4
(3,2,4,5,1) : 1
(3,2,4,5,1,0) : 20
(3,2,5) : 1
(3,2,5,0,1,4) : 1
(3,2,5,0,4,1) : 2
(3,2,5,1,0,4) : 2
(3,2,5,1,4,0) : 5
(3,2,5,4,0,1) : 5
(3,2,5,4,1) : 2
(3,2,5,4,1,0) : 17
(3,4) : 77
(3,4,0) : 3
(3,4,0,1,2,5) : 19
(3,4,0,1,5) : 1
(3,4,0,1,5,2) : 2
(3,4,0,2,1,5) : 8
(3,4,0,2,5,1) : 6
(3,4,0,5,1,2) : 8
(3,4,0,5,2,1) : 6
(3,4,1) : 30
(3,4,1,0) : 1
(3,4,1,0,2) : 1
(3,4,1,0,2,5) : 64
(3,4,1,0,5) : 4
(3,4,1,0,5,2) : 18
(3,4,1,2) : 2
(3,4,1,2,0,5) : 83
(3,4,1,2,5) : 4
(3,4,1,2,5,0) : 47
(3,4,1,5) : 1
(3,4,1,5,0) : 3
(3,4,1,5,0,2) : 18
(3,4,1,5,2) : 1
(3,4,1,5,2,0) : 62
(3,4,2) : 1
(3,4,2,0,1,5) : 19
(3,4,2,0,5,1) : 11
(3,4,2,1) : 2
(3,4,2,1,0) : 1
(3,4,2,1,0,5) : 94
(3,4,2,1,5) : 1
(3,4,2,1,5,0) : 29
(3,4,2,5,0,1) : 9
(3,4,2,5,1) : 2
(3,4,2,5,1,0) : 22
(3,4,5) : 11
(3,4,5,0,1) : 2
(3,4,5,0,1,2) : 23
(3,4,5,0,2,1) : 9
(3,4,5,1,0,2) : 15
(3,4,5,1,2) : 2
(3,4,5,1,2,0) : 41
(3,4,5,2,0,1) : 10
(3,4,5,2,1) : 1
(3,4,5,2,1,0) : 61
(3,5) : 120
(3,5,0) : 4
(3,5,0,1) : 1
(3,5,0,1,2,4) : 21
(3,5,0,1,4,2) : 4
(3,5,0,2,1,4) : 4
(3,5,0,2,4,1) : 3
(3,5,0,4,1,2) : 8
(3,5,0,4,2,1) : 7
(3,5,1) : 13
(3,5,1,0,2) : 1
(3,5,1,0,2,4) : 12
(3,5,1,0,4,2) : 9
(3,5,1,2,0,4) : 1
(3,5,1,2,4,0) : 31
(3,5,1,4,0) : 1
(3,5,1,4,0,2) : 26
(3,5,1,4,2,0) : 37
(3,5,2) : 1
(3,5,2,0,1,4) : 3
(3,5,2,0,4,1) : 2
(3,5,2,1,0) : 1
(3,5,2,1,0,4) : 3
(3,5,2,1,4,0) : 7
(3,5,2,4,0,1) : 9
(3,5,2,4,1) : 1
(3,5,2,4,1,0) : 13
(3,5,4) : 9
(3,5,4,0,1,2) : 24
(3,5,4,0,2,1) : 6
(3,5,4,1,0,2) : 15
(3,5,4,1,2) : 1
(3,5,4,1,2,0) : 50
(3,5,4,2) : 1
(3,5,4,2,0,1) : 24
(3,5,4,2,1) : 1
(3,5,4,2,1,0) : 90
(4) : 648
(4,0) : 1
(4,0,1,2,3,5) : 5
(4,0,1,3,5,2) : 2
(4,0,1,5,3,2) : 1
(4,0,2) : 1
(4,0,2,1,3,5) : 3
(4,0,2,3) : 1
(4,0,2,3,1,5) : 1
(4,0,2,3,5,1) : 2
(4,0,2,5,3,1) : 3
(4,0,3) : 2
(4,0,3,1,2,5) : 3
(4,0,3,1,5,2) : 2
(4,0,3,2,1,5) : 2
(4,0,3,5,1,2) : 2
(4,0,3,5,2,1) : 1
(4,0,5,1,2,3) : 1
(4,0,5,2,1,3) : 1
(4,0,5,2,3,1) : 2
(4,0,5,3,2,1) : 3
(4,1) : 10
(4,1,0,2,3,5) : 2
(4,1,0,3,5,2) : 1
(4,1,0,5,3,2) : 1
(4,1,2) : 1
(4,1,2,0,3,5) : 5
(4,1,2,0,5,3) : 3
(4,1,2,3,0,5) : 3
(4,1,2,3,5) : 1
(4,1,2,3,5,0) : 6
(4,1,2,5,0,3) : 1
(4,1,2,5,3,0) : 3
(4,1,3) : 3
(4,1,3,0) : 1
(4,1,3,0,2,5) : 1
(4,1,3,0,5,2) : 1
(4,1,3,2,0,5) : 6
(4,1,3,2,5,0) : 13
(4,1,3,5,0) : 1
(4,1,3,5,0,2) : 2
(4,1,3,5,2) : 1
(4,1,3,5,2,0) : 14
(4,1,5,3,0,2) : 2
(4,1,5,3,2,0) : 3
(4,2) : 13
(4,2,0,1,3,5) : 3
(4,2,0,1,5,3) : 1
(4,2,0,3,5,1) : 3
(4,2,0,5,1,3) : 1
(4,2,0,5,3,1) : 2
(4,2,1) : 1
(4,2,1,0,3,5) : 7
(4,2,1,0,5,3) : 2
(4,2,1,3,0,5) : 1
(4,2,1,3,5,0) : 5
(4,2,1,5,3) : 2
(4,2,1,5,3,0) : 4
(4,2,3,0,1,5) : 1
(4,2,3,0,5,1) : 1
(4,2,3,1,0,5) : 2
(4,2,3,1,5,0) : 1
(4,2,3,5,0,1) : 2
(4,2,3,5,1,0) : 7
(4,2,5,1,0,3) : 1
(4,2,5,1,3,0) : 1
(4,2,5,3,0,1) : 2
(4,2,5,3,1,0) : 9
(4,3) : 13
(4,3,0) : 2
(4,3,0,1,2,5) : 2
(4,3,0,1,5,2) : 3
(4,3,0,2,1,5) : 1
(4,3,0,2,5,1) : 2
(4,3,0,5,1,2) : 1
(4,3,1) : 3
(4,3,1,0,2,5) : 9
(4,3,1,0,5,2) : 3
(4,3,1,2) : 1
(4,3,1,2,0,5) : 8
(4,3,1,2,5,0) : 9
(4,3,1,5,0,2) : 2
(4,3,1,5,2,0) : 12
(4,3,2,0,1,5) : 2
(4,3,2,0,5,1) : 1
(4,3,2,1,0,5) : 9
(4,3,2,1,5,0) : 3
(4,3,2,5,0,1) : 1
(4,3,2,5,1,0) : 6
(4,3,5) : 4
(4,3,5,0,2,1) : 2
(4,3,5,1,0,2) : 3
(4,3,5,1,2,0) : 6
(4,3,5,2,0,1) : 4
(4,3,5,2,1,0) : 7
(4,5) : 23
(4,5,0,1,2,3) : 2
(4,5,0,1,3,2) : 1
(4,5,0,2,1,3) : 2
(4,5,0,2,3,1) : 4
(4,5,0,3,1,2) : 2
(4,5,0,3,2,1) : 2
(4,5,1) : 3
(4,5,1,0,2,3) : 7
(4,5,1,2,0,3) : 3
(4,5,1,2,3) : 1
(4,5,1,2,3,0) : 6
(4,5,1,3,0,2) : 2
(4,5,1,3,2,0) : 3
(4,5,2) : 1
(4,5,2,0,1,3) : 2
(4,5,2,0,3,1) : 4
(4,5,2,1,0,3) : 8
(4,5,2,1,3,0) : 4
(4,5,2,3,0,1) : 2
(4,5,2,3,1,0) : 5
(4,5,3) : 8
(4,5,3,0) : 1
(4,5,3,0,1,2) : 5
(4,5,3,0,2,1) : 2
(4,5,3,1) : 1
(4,5,3,1,0,2) : 2
(4,5,3,1,2) : 1
(4,5,3,1,2,0) : 11
(4,5,3,2,0,1) : 4
(4,5,3,2,1) : 2
(4,5,3,2,1,0) : 22
(5) : 21660
(5,0) : 1512
(5,0,1) : 1
(5,0,1,2) : 1
(5,0,1,2,3) : 2
(5,0,1,2,3,4) : 48
(5,0,1,2,4,3) : 26
(5,0,1,3) : 2
(5,0,1,3,2,4) : 3
(5,0,1,3,4) : 1
(5,0,1,3,4,2) : 16
(5,0,1,4,2,3) : 14
(5,0,1,4,3,2) : 16
(5,0,2) : 7
(5,0,2,1,3,4) : 4
(5,0,2,1,4,3) : 10
(5,0,2,3,1) : 1
(5,0,2,3,1,4) : 2
(5,0,2,3,4,1) : 16
(5,0,2,4) : 2
(5,0,2,4,1,3) : 68
(5,0,2,4,3,1) : 81
(5,0,3) : 8
(5,0,3,1) : 1
(5,0,3,1,2,4) : 4
(5,0,3,1,4) : 1
(5,0,3,1,4,2) : 10
(5,0,3,2,1) : 1
(5,0,3,2,1,4) : 3
(5,0,3,2,4) : 1
(5,0,3,2,4,1) : 12
(5,0,3,4) : 2
(5,0,3,4,1,2) : 29
(5,0,3,4,2,1) : 56
(5,0,4) : 14
(5,0,4,1,2,3) : 54
(5,0,4,1,3,2) : 29
(5,0,4,2,1,3) : 125
(5,0,4,2,3) : 2
(5,0,4,2,3,1) : 155
(5,0,4,3) : 1
(5,0,4,3,1,2) : 64
(5,0,4,3,2,1) : 129
(5,1) : 105
(5,1,0) : 2
(5,1,0,2,3,4) : 10
(5,1,0,2,4,3) : 14
(5,1,0,3,4,2) : 3
(5,1,0,4) : 1
(5,1,0,4,2,3) : 8
(5,1,0,4,3,2) : 4
(5,1,2) : 1
(5,1,2,0,3,4) : 6
(5,1,2,0,4,3) : 4
(5,1,2,3) : 1
(5,1,2,3,0,4) : 3
(5,1,2,3,4) : 2
(5,1,2,3,4,0) : 13
(5,1,2,4,0,3) : 13
(5,1,2,4,3) : 1
(5,1,2,4,3,0) : 16
(5,1,3) : 17
(5,1,3,0,4,2) : 8
(5,1,3,2,0,4) : 1
(5,1,3,2,4,0) : 11
(5,1,3,4) : 2
(5,1,3,4,0,2) : 12
(5,1,3,4,2,0) : 63
(5,1,4) : 6
(5,1,4,0,2,3) : 20
(5,1,4,0,3,2) : 3
(5,1,4,2,0,3) : 15
(5,1,4,2,3,0) : 21
(5,1,4,3,0,2) : 10
(5,1,4,3,2) : 1
(5,1,4,3,2,0) : 48
(5,2) : 81
(5,2,0) : 3
(5,2,0,1,3,4) : 7
(5,2,0,1,4,3) : 8
(5,2,0,3,1) : 1
(5,2,0,3,4,1) : 8
(5,2,0,4,1) : 1
(5,2,0,4,1,3) : 35
(5,2,0,4,3,1) : 21
(5,2,1) : 3
(5,2,1,0,3,4) : 12
(5,2,1,0,4,3) : 14
(5,2,1,3,0,4) : 1
(5,2,1,3,4,0) : 14
(5,2,1,4,0,3) : 16
(5,2,1,4,3,0) : 10
(5,2,3) : 4
(5,2,3,0,1,4) : 3
(5,2,3,0,4,1) : 2
(5,2,3,1) : 1
(5,2,3,1,0,4) : 5
(5,2,3,1,4) : 1
(5,2,3,1,4,0) : 4
(5,2,3,4,0,1) : 13
(5,2,3,4,1) : 1
(5,2,3,4,1,0) : 22
(5,2,4) : 12
(5,2,4,0) : 2
(5,2,4,0,1) : 1
(5,2,4,0,1,3) : 45
(5,2,4,0,3,1) : 19
(5,2,4,1) : 1
(5,2,4,1,0) : 1
(5,2,4,1,0,3) : 25
(5,2,4,1,3) : 1
(5,2,4,1,3,0) : 11
(5,2,4,3) : 1
(5,2,4,3,0,1) : 26
(5,2,4,3,1,0) : 42
(5,3) : 203
(5,3,0) : 7
(5,3,0,1,2,4) : 12
(5,3,0,1,4,2) : 11
(5,3,0,2,1,4) : 2
(5,3,0,2,4,1) : 7
(5,3,0,4,1,2) : 13
(5,3,0,4,2,1) : 17
(5,3,1) : 23
(5,3,1,0,2) : 1
(5,3,1,0,2,4) : 19
(5,3,1,0,4,2) : 12
(5,3,1,2) : 1
(5,3,1,2,0,4) : 12
(5,3,1,2,4,0) : 22
(5,3,1,4,0) : 1
(5,3,1,4,0,2) : 28
(5,3,1,4,2) : 2
(5,3,1,4,2,0) : 80
(5,3,2) : 8
(5,3,2,0,1,4) : 8
(5,3,2,0,4,1) : 6
(5,3,2,1) : 1
(5,3,2,1,0,4) : 13
(5,3,2,1,4) : 3
(5,3,2,1,4,0) : 8
(5,3,2,4,0,1) : 15
(5,3,2,4,1) : 3
(5,3,2,4,1,0) : 25
(5,3,4) : 20
(5,3,4,0,1,2) : 31
(5,3,4,0,2,1) : 19
(5,3,4,1) : 3
(5,3,4,1,0) : 1
(5,3,4,1,0,2) : 47
(5,3,4,1,2) : 1
(5,3,4,1,2,0) : 79
(5,3,4,2) : 1
(5,3,4,2,0,1) : 41
(5,3,4,2,1,0) : 127
(5,4) : 110
(5,4,0) : 13
(5,4,0,1) : 2
(5,4,0,1,2,3) : 50
(5,4,0,1,3,2) : 4
(5,4,0,2,1) : 1
(5,4,0,2,1,3) : 67
(5,4,0,2,3,1) : 38
(5,4,0,3,1,2) : 20
(5,4,0,3,2,1) : 35
(5,4,1) : 11
(5,4,1,0,2) : 2
(5,4,1,0,2,3) : 44
(5,4,1,0,3) : 1
(5,4,1,0,3,2) : 10
(5,4,1,2) : 1
(5,4,1,2,0) : 1
(5,4,1,2,0,3) : 37
(5,4,1,2,3) : 4
(5,4,1,2,3,0) : 33
(5,4,1,3) : 1
(5,4,1,3,0,2) : 20
(5,4,1,3,2,0) : 44
(5,4,2) : 8
(5,4,2,0,1,3) : 78
(5,4,2,0,3,1) : 50
(5,4,2,1,0,3) : 84
(5,4,2,1,3) : 1
(5,4,2,1,3,0) : 49
(5,4,2,3,0,1) : 27
(5,4,2,3,1) : 3
(5,4,2,3,1,0) : 62
(5,4,3) : 16
(5,4,3,0) : 1
(5,4,3,0,1,2) : 26
(5,4,3,0,2,1) : 24
(5,4,3,1) : 2
(5,4,3,1,0,2) : 37
(5,4,3,1,2,0) : 66
(5,4,3,2) : 2
(5,4,3,2,0,1) : 43
(5,4,3,2,1) : 2
(5,4,3,2,1,0) : 145
