0, 1, 2, 3, 4
GRN,NLT,CLP,LIB,CDP
-+-+-+-+-
() : 109
(0) : 2565
(0,1) : 34
(0,1,2) : 11
(0,1,2,3) : 6
(0,1,2,3,4) : 197
(0,1,2,4) : 1
(0,1,2,4,3) : 53
(0,1,3) : 1
(0,1,3,2) : 1
(0,1,3,2,4) : 41
(0,1,3,4,2) : 2
(0,1,4,2,3) : 23
(0,1,4,3,2) : 11
(0,2) : 1016
(0,2,1) : 20
(0,2,1,3) : 5
(0,2,1,3,4) : 422
(0,2,1,4) : 3
(0,2,1,4,3) : 310
(0,2,3) : 34
(0,2,3,1) : 3
(0,2,3,1,4) : 394
(0,2,3,4) : 2
(0,2,3,4,1) : 116
(0,2,4) : 4
(0,2,4,1) : 1
(0,2,4,1,3) : 86
(0,2,4,3,1) : 50
(0,3) : 92
(0,3,1) : 1
(0,3,1,2) : 1
(0,3,1,2,4) : 57
(0,3,1,4,2) : 12
(0,3,2) : 19
(0,3,2,1,4) : 153
(0,3,2,4,1) : 54
(0,3,4) : 2
(0,3,4,1,2) : 12
(0,3,4,2,1) : 21
(0,4) : 8
(0,4,1,2,3) : 25
(0,4,1,3,2) : 5
(0,4,2) : 1
(0,4,2,1,3) : 17
(0,4,2,3,1) : 10
(0,4,3) : 1
(0,4,3,1,2) : 6
(0,4,3,2,1) : 17
(1) : 451
(1,0) : 12
(1,0,2,3) : 1
(1,0,2,3,4) : 20
(1,0,2,4,3) : 10
(1,0,3) : 1
(1,0,3,2,4) : 4
(1,0,3,4,2) : 6
(1,0,4,2,3) : 7
(1,0,4,3,2) : 3
(1,2) : 18
(1,2,0,3,4) : 15
(1,2,0,4,3) : 7
(1,2,3) : 1
(1,2,3,0) : 1
(1,2,3,0,4) : 19
(1,2,3,4,0) : 18
(1,2,4,0,3) : 3
(1,2,4,3,0) : 8
(1,3) : 9
(1,3,0,2,4) : 11
(1,3,0,4,2) : 2
(1,3,2) : 3
(1,3,2,0) : 1
(1,3,2,0,4) : 20
(1,3,2,4,0) : 8
(1,3,4,0,2) : 5
(1,3,4,2,0) : 9
(1,4) : 2
(1,4,0,2,3) : 8
(1,4,0,3,2) : 5
(1,4,2,0,3) : 4
(1,4,2,3,0) : 4
(1,4,3) : 1
(1,4,3,2,0) : 9
(2) : 7396
(2,0) : 2244
(2,0,1) : 31
(2,0,1,3) : 4
(2,0,1,3,4) : 561
(2,0,1,4) : 9
(2,0,1,4,3) : 883
(2,0,3) : 27
(2,0,3,1) : 3
(2,0,3,1,4) : 359
(2,0,3,4) : 4
(2,0,3,4,1) : 184
(2,0,4) : 13
(2,0,4,1) : 3
(2,0,4,1,3) : 326
(2,0,4,3) : 2
(2,0,4,3,1) : 106
(2,1) : 58
(2,1,0) : 9
(2,1,0,3) : 1
(2,1,0,3,4) : 137
(2,1,0,4) : 1
(2,1,0,4,3) : 198
(2,1,3,0,4) : 58
(2,1,3,4) : 2
(2,1,3,4,0) : 61
(2,1,4,0) : 1
(2,1,4,0,3) : 92
(2,1,4,3,0) : 43
(2,3) : 124
(2,3,0) : 8
(2,3,0,1) : 4
(2,3,0,1,4) : 229
(2,3,0,4) : 1
(2,3,0,4,1) : 75
(2,3,1) : 4
(2,3,1,0) : 1
(2,3,1,0,4) : 105
(2,3,1,4,0) : 71
(2,3,4) : 2
(2,3,4,0,1) : 47
(2,3,4,1) : 1
(2,3,4,1,0) : 109
(2,4) : 27
(2,4,0) : 2
(2,4,0,1,3) : 93
(2,4,0,3,1) : 21
(2,4,1) : 2
(2,4,1,0) : 1
(2,4,1,0,3) : 61
(2,4,1,3,0) : 30
(2,4,3) : 4
(2,4,3,0) : 1
(2,4,3,0,1) : 21
(2,4,3,1,0) : 53
(3) : 19435
(3,0) : 178
(3,0,1) : 5
(3,0,1,2) : 5
(3,0,1,2,4) : 266
(3,0,1,4) : 5
(3,0,1,4,2) : 109
(3,0,2) : 32
(3,0,2,1) : 1
(3,0,2,1,4) : 274
(3,0,2,4,1) : 110
(3,0,4) : 6
(3,0,4,1) : 1
(3,0,4,1,2) : 59
(3,0,4,2) : 1
(3,0,4,2,1) : 64
(3,1) : 83
(3,1,0) : 3
(3,1,0,2) : 2
(3,1,0,2,4) : 135
(3,1,0,4) : 2
(3,1,0,4,2) : 74
(3,1,2) : 4
(3,1,2,0) : 2
(3,1,2,0,4) : 116
(3,1,2,4,0) : 143
(3,1,4) : 3
(3,1,4,0) : 3
(3,1,4,0,2) : 98
(3,1,4,2,0) : 137
(3,2) : 156
(3,2,0) : 26
(3,2,0,1) : 6
(3,2,0,1,4) : 348
(3,2,0,4) : 2
(3,2,0,4,1) : 123
(3,2,1) : 13
(3,2,1,0) : 6
(3,2,1,0,4) : 295
(3,2,1,4,0) : 182
(3,2,4) : 9
(3,2,4,0) : 1
(3,2,4,0,1) : 63
(3,2,4,1) : 1
(3,2,4,1,0) : 169
(3,4) : 159
(3,4,0) : 5
(3,4,0,1) : 2
(3,4,0,1,2) : 104
(3,4,0,2,1) : 70
(3,4,1) : 6
(3,4,1,0) : 1
(3,4,1,0,2) : 181
(3,4,1,2) : 2
(3,4,1,2,0) : 324
(3,4,2) : 4
(3,4,2,0,1) : 108
(3,4,2,1) : 1
(3,4,2,1,0) : 312
(4) : 551
(4,0) : 6
(4,0,1) : 1
(4,0,1,2,3) : 12
(4,0,1,3,2) : 3
(4,0,2,1,3) : 6
(4,0,2,3,1) : 8
(4,0,3) : 1
(4,0,3,1,2) : 3
(4,0,3,2,1) : 11
(4,1) : 3
(4,1,0,2,3) : 10
(4,1,0,3,2) : 5
(4,1,2,0,3) : 4
(4,1,2,3,0) : 8
(4,1,3,0,2) : 1
(4,1,3,2,0) : 16
(4,2) : 9
(4,2,0) : 2
(4,2,0,1,3) : 11
(4,2,0,3,1) : 7
(4,2,1,0) : 1
(4,2,1,0,3) : 14
(4,2,1,3,0) : 15
(4,2,3) : 1
(4,2,3,0,1) : 18
(4,2,3,1) : 1
(4,2,3,1,0) : 30
(4,3) : 157
(4,3,0) : 2
(4,3,0,1,2) : 12
(4,3,0,2,1) : 12
(4,3,1) : 1
(4,3,1,0,2) : 21
(4,3,1,2,0) : 64
(4,3,2) : 7
(4,3,2,0,1) : 42
(4,3,2,1,0) : 132
