0, 1, 2, 3, 4, 5
LIB,IND,LAB,GRN,CDP,NLT
-+-+-+-+-
() : 96
(0) : 20950
(0,1) : 272
(0,1,2) : 35
(0,1,2,3) : 11
(0,1,2,3,4) : 9
(0,1,2,3,4,5) : 328
(0,1,2,3,5) : 2
(0,1,2,3,5,4) : 95
(0,1,2,4) : 1
(0,1,2,4,3) : 2
(0,1,2,4,3,5) : 33
(0,1,2,4,5,3) : 39
(0,1,2,5) : 1
(0,1,2,5,3,4) : 25
(0,1,2,5,4,3) : 35
(0,1,3) : 29
(0,1,3,2) : 13
(0,1,3,2,4) : 3
(0,1,3,2,4,5) : 124
(0,1,3,2,5) : 1
(0,1,3,2,5,4) : 90
(0,1,3,4) : 1
(0,1,3,4,2,5) : 45
(0,1,3,4,5,2) : 55
(0,1,3,5) : 2
(0,1,3,5,2) : 2
(0,1,3,5,2,4) : 49
(0,1,3,5,4,2) : 47
(0,1,4) : 13
(0,1,4,2) : 1
(0,1,4,2,3,5) : 59
(0,1,4,2,5) : 1
(0,1,4,2,5,3) : 28
(0,1,4,3,2) : 4
(0,1,4,3,2,5) : 38
(0,1,4,3,5,2) : 30
(0,1,4,5) : 2
(0,1,4,5,2) : 1
(0,1,4,5,2,3) : 75
(0,1,4,5,3,2) : 75
(0,1,5) : 3
(0,1,5,2,3,4) : 42
(0,1,5,2,4,3) : 20
(0,1,5,3,2,4) : 34
(0,1,5,3,4,2) : 19
(0,1,5,4) : 2
(0,1,5,4,2,3) : 51
(0,1,5,4,3,2) : 69
(0,2) : 242
(0,2,1) : 25
(0,2,1,3) : 9
(0,2,1,3,4) : 2
(0,2,1,3,4,5) : 173
(0,2,1,3,5) : 1
(0,2,1,3,5,4) : 96
(0,2,1,4) : 3
(0,2,1,4,3) : 3
(0,2,1,4,3,5) : 47
(0,2,1,4,5,3) : 25
(0,2,1,5,3,4) : 26
(0,2,1,5,4,3) : 33
(0,2,3) : 55
(0,2,3,1) : 16
(0,2,3,1,4,5) : 96
(0,2,3,1,5) : 2
(0,2,3,1,5,4) : 101
(0,2,3,4) : 1
(0,2,3,4,1) : 2
(0,2,3,4,1,5) : 39
(0,2,3,4,5) : 1
(0,2,3,4,5,1) : 14
(0,2,3,5,1,4) : 23
(0,2,3,5,4,1) : 9
(0,2,4) : 9
(0,2,4,1) : 1
(0,2,4,1,3,5) : 39
(0,2,4,1,5,3) : 16
(0,2,4,3,1,5) : 19
(0,2,4,3,5,1) : 3
(0,2,4,5) : 1
(0,2,4,5,1) : 1
(0,2,4,5,1,3) : 13
(0,2,4,5,3,1) : 4
(0,2,5) : 15
(0,2,5,1) : 2
(0,2,5,1,3,4) : 19
(0,2,5,1,4,3) : 6
(0,2,5,3,1,4) : 12
(0,2,5,3,4,1) : 8
(0,2,5,4) : 1
(0,2,5,4,1,3) : 8
(0,2,5,4,3,1) : 4
(0,3) : 211
(0,3,1) : 32
(0,3,1,2) : 8
(0,3,1,2,4) : 3
(0,3,1,2,4,5) : 100
(0,3,1,2,5) : 1
(0,3,1,2,5,4) : 76
(0,3,1,4) : 2
(0,3,1,4,2) : 1
(0,3,1,4,2,5) : 26
(0,3,1,4,5) : 1
(0,3,1,4,5,2) : 19
(0,3,1,5,2,4) : 28
(0,3,1,5,4,2) : 22
(0,3,2) : 36
(0,3,2,1) : 7
(0,3,2,1,4) : 2
(0,3,2,1,4,5) : 85
(0,3,2,1,5) : 1
(0,3,2,1,5,4) : 91
(0,3,2,4,1,5) : 15
(0,3,2,4,5,1) : 3
(0,3,2,5) : 2
(0,3,2,5,1) : 1
(0,3,2,5,1,4) : 16
(0,3,2,5,4,1) : 7
(0,3,4) : 6
(0,3,4,1) : 2
(0,3,4,1,2,5) : 11
(0,3,4,1,5,2) : 6
(0,3,4,2) : 1
(0,3,4,2,1,5) : 8
(0,3,4,2,5,1) : 2
(0,3,4,5) : 1
(0,3,4,5,1,2) : 14
(0,3,4,5,2,1) : 6
(0,3,5) : 12
(0,3,5,1) : 1
(0,3,5,1,2,4) : 17
(0,3,5,1,4,2) : 10
(0,3,5,2,1,4) : 9
(0,3,5,2,4,1) : 1
(0,3,5,4,1,2) : 6
(0,3,5,4,2,1) : 6
(0,4) : 380
(0,4,1) : 35
(0,4,1,2) : 7
(0,4,1,2,3) : 1
(0,4,1,2,3,5) : 145
(0,4,1,2,5) : 2
(0,4,1,2,5,3) : 59
(0,4,1,3) : 2
(0,4,1,3,2) : 2
(0,4,1,3,2,5) : 52
(0,4,1,3,5) : 1
(0,4,1,3,5,2) : 29
(0,4,1,5) : 5
(0,4,1,5,2,3) : 153
(0,4,1,5,3,2) : 81
(0,4,2) : 16
(0,4,2,1) : 3
(0,4,2,1,3) : 3
(0,4,2,1,3,5) : 60
(0,4,2,1,5) : 2
(0,4,2,1,5,3) : 53
(0,4,2,3) : 2
(0,4,2,3,1) : 1
(0,4,2,3,1,5) : 19
(0,4,2,3,5) : 1
(0,4,2,3,5,1) : 7
(0,4,2,5,1,3) : 12
(0,4,2,5,3,1) : 3
(0,4,3) : 8
(0,4,3,1) : 1
(0,4,3,1,2,5) : 29
(0,4,3,1,5,2) : 8
(0,4,3,2) : 2
(0,4,3,2,1) : 1
(0,4,3,2,1,5) : 22
(0,4,3,2,5,1) : 3
(0,4,3,5,1,2) : 11
(0,4,3,5,2,1) : 3
(0,4,5) : 8
(0,4,5,1) : 1
(0,4,5,1,2,3) : 99
(0,4,5,1,3,2) : 52
(0,4,5,2,1,3) : 15
(0,4,5,2,3,1) : 4
(0,4,5,3,1,2) : 18
(0,4,5,3,2) : 2
(0,4,5,3,2,1) : 10
(0,5) : 102
(0,5,1) : 10
(0,5,1,2,3) : 1
(0,5,1,2,3,4) : 30
(0,5,1,2,4,3) : 15
(0,5,1,3,2) : 1
(0,5,1,3,2,4) : 21
(0,5,1,3,4,2) : 27
(0,5,1,4) : 1
(0,5,1,4,2,3) : 21
(0,5,1,4,3) : 1
(0,5,1,4,3,2) : 36
(0,5,2) : 7
(0,5,2,1,3,4) : 22
(0,5,2,1,4,3) : 3
(0,5,2,3,1,4) : 6
(0,5,2,3,4,1) : 3
(0,5,2,4) : 1
(0,5,2,4,1,3) : 1
(0,5,3) : 7
(0,5,3,1) : 1
(0,5,3,1,2,4) : 11
(0,5,3,1,4,2) : 5
(0,5,3,2,1,4) : 7
(0,5,3,2,4) : 1
(0,5,3,2,4,1) : 1
(0,5,3,4,1,2) : 7
(0,5,3,4,2,1) : 3
(0,5,4) : 2
(0,5,4,1) : 2
(0,5,4,1,2) : 1
(0,5,4,1,2,3) : 30
(0,5,4,1,3,2) : 38
(0,5,4,2,1,3) : 11
(0,5,4,2,3,1) : 5
(0,5,4,3,1,2) : 23
(0,5,4,3,2,1) : 14
(1) : 1160
(1,0) : 57
(1,0,2) : 8
(1,0,2,3) : 3
(1,0,2,3,4) : 1
(1,0,2,3,4,5) : 83
(1,0,2,3,5,4) : 43
(1,0,2,4,3,5) : 19
(1,0,2,4,5,3) : 7
(1,0,2,5) : 1
(1,0,2,5,3,4) : 11
(1,0,2,5,4,3) : 7
(1,0,3) : 14
(1,0,3,2) : 1
(1,0,3,2,4,5) : 32
(1,0,3,2,5,4) : 32
(1,0,3,4,2,5) : 9
(1,0,3,4,5,2) : 10
(1,0,3,5) : 1
(1,0,3,5,2,4) : 6
(1,0,3,5,4,2) : 8
(1,0,4) : 4
(1,0,4,2,3,5) : 20
(1,0,4,2,5,3) : 6
(1,0,4,3,2,5) : 13
(1,0,4,3,5,2) : 1
(1,0,4,5,2,3) : 7
(1,0,4,5,3,2) : 14
(1,0,5) : 2
(1,0,5,2,3,4) : 9
(1,0,5,2,4,3) : 4
(1,0,5,3,2,4) : 8
(1,0,5,3,4,2) : 2
(1,0,5,4,2,3) : 12
(1,0,5,4,3,2) : 9
(1,2) : 46
(1,2,0) : 12
(1,2,0,3) : 3
(1,2,0,3,4,5) : 43
(1,2,0,3,5) : 1
(1,2,0,3,5,4) : 18
(1,2,0,4,3,5) : 7
(1,2,0,4,5,3) : 4
(1,2,0,5,3,4) : 4
(1,2,0,5,4,3) : 2
(1,2,3) : 56
(1,2,3,0) : 2
(1,2,3,0,4,5) : 50
(1,2,3,0,5) : 1
(1,2,3,0,5,4) : 43
(1,2,3,4,0,5) : 10
(1,2,3,4,5,0) : 68
(1,2,3,5) : 1
(1,2,3,5,0,4) : 41
(1,2,3,5,4,0) : 201
(1,2,4) : 1
(1,2,4,0,3) : 1
(1,2,4,0,3,5) : 8
(1,2,4,3,0,5) : 5
(1,2,4,3,5,0) : 11
(1,2,4,5,0,3) : 1
(1,2,4,5,3,0) : 3
(1,2,5) : 3
(1,2,5,0,3,4) : 5
(1,2,5,0,4,3) : 1
(1,2,5,3,0,4) : 4
(1,2,5,3,4,0) : 6
(1,2,5,4,0,3) : 1
(1,2,5,4,3,0) : 2
(1,3) : 76
(1,3,0) : 11
(1,3,0,2) : 4
(1,3,0,2,4,5) : 26
(1,3,0,2,5,4) : 43
(1,3,0,4,2) : 1
(1,3,0,4,2,5) : 7
(1,3,0,4,5,2) : 5
(1,3,0,5,2,4) : 10
(1,3,0,5,4,2) : 5
(1,3,2) : 63
(1,3,2,0) : 10
(1,3,2,0,4) : 1
(1,3,2,0,4,5) : 78
(1,3,2,0,5) : 1
(1,3,2,0,5,4) : 86
(1,3,2,4,0) : 1
(1,3,2,4,0,5) : 25
(1,3,2,4,5,0) : 49
(1,3,2,5) : 3
(1,3,2,5,0,4) : 73
(1,3,2,5,4,0) : 143
(1,3,4) : 1
(1,3,4,0,2,5) : 9
(1,3,4,0,5,2) : 1
(1,3,4,2) : 1
(1,3,4,2,0,5) : 8
(1,3,4,2,5,0) : 6
(1,3,4,5) : 1
(1,3,4,5,0,2) : 5
(1,3,4,5,2,0) : 11
(1,3,5) : 9
(1,3,5,0) : 1
(1,3,5,0,2,4) : 13
(1,3,5,0,4,2) : 1
(1,3,5,2,0,4) : 17
(1,3,5,2,4,0) : 13
(1,3,5,4) : 1
(1,3,5,4,0,2) : 2
(1,3,5,4,2,0) : 17
(1,4) : 12
(1,4,0) : 3
(1,4,0,2,3,5) : 24
(1,4,0,2,5,3) : 4
(1,4,0,3,2,5) : 3
(1,4,0,3,5,2) : 1
(1,4,0,5,2,3) : 4
(1,4,0,5,3,2) : 1
(1,4,2) : 2
(1,4,2,0,3,5) : 4
(1,4,2,0,5,3) : 1
(1,4,2,3,0,5) : 3
(1,4,2,3,5,0) : 2
(1,4,2,5,0,3) : 1
(1,4,2,5,3,0) : 2
(1,4,3) : 1
(1,4,3,0,2,5) : 4
(1,4,3,0,5,2) : 1
(1,4,3,2,0) : 1
(1,4,3,2,0,5) : 3
(1,4,3,2,5,0) : 1
(1,4,3,5,2,0) : 4
(1,4,5) : 3
(1,4,5,0,2,3) : 5
(1,4,5,0,3,2) : 2
(1,4,5,2,0,3) : 1
(1,4,5,2,3,0) : 2
(1,4,5,3) : 1
(1,4,5,3,0,2) : 2
(1,4,5,3,2,0) : 5
(1,5) : 16
(1,5,0) : 3
(1,5,0,2,3,4) : 5
(1,5,0,2,4,3) : 2
(1,5,0,3,2,4) : 2
(1,5,0,3,4,2) : 1
(1,5,0,4,2,3) : 2
(1,5,2,0,3,4) : 2
(1,5,2,0,4,3) : 1
(1,5,2,3,4,0) : 4
(1,5,3,0,2,4) : 7
(1,5,3,2,0,4) : 13
(1,5,3,2,4,0) : 3
(1,5,3,4,0,2) : 2
(1,5,3,4,2,0) : 2
(1,5,4) : 1
(1,5,4,0,2) : 1
(1,5,4,0,2,3) : 4
(1,5,4,0,3,2) : 2
(1,5,4,2,0,3) : 2
(1,5,4,2,3,0) : 2
(1,5,4,3,0,2) : 4
(1,5,4,3,2,0) : 6
(2) : 4443
(2,0) : 141
(2,0,1) : 18
(2,0,1,3) : 2
(2,0,1,3,4) : 3
(2,0,1,3,4,5) : 134
(2,0,1,3,5) : 1
(2,0,1,3,5,4) : 44
(2,0,1,4) : 1
(2,0,1,4,3) : 1
(2,0,1,4,3,5) : 16
(2,0,1,4,5,3) : 13
(2,0,1,5,3,4) : 15
(2,0,1,5,4,3) : 12
(2,0,3) : 31
(2,0,3,1) : 4
(2,0,3,1,4) : 1
(2,0,3,1,4,5) : 68
(2,0,3,1,5) : 1
(2,0,3,1,5,4) : 58
(2,0,3,4) : 1
(2,0,3,4,1,5) : 16
(2,0,3,4,5) : 1
(2,0,3,4,5,1) : 8
(2,0,3,5) : 1
(2,0,3,5,1,4) : 12
(2,0,3,5,4,1) : 2
(2,0,4) : 3
(2,0,4,1) : 1
(2,0,4,1,3,5) : 13
(2,0,4,1,5) : 1
(2,0,4,1,5,3) : 14
(2,0,4,3,1,5) : 10
(2,0,4,3,5,1) : 3
(2,0,4,5,1) : 1
(2,0,4,5,1,3) : 6
(2,0,4,5,3,1) : 3
(2,0,5) : 2
(2,0,5,1,3,4) : 16
(2,0,5,1,4,3) : 3
(2,0,5,3,1,4) : 8
(2,0,5,3,4,1) : 3
(2,0,5,4,1,3) : 4
(2,0,5,4,3,1) : 4
(2,1) : 78
(2,1,0) : 10
(2,1,0,3) : 1
(2,1,0,3,4,5) : 91
(2,1,0,3,5,4) : 43
(2,1,0,4) : 1
(2,1,0,4,3,5) : 15
(2,1,0,4,5,3) : 15
(2,1,0,5,3,4) : 4
(2,1,0,5,4,3) : 5
(2,1,3) : 51
(2,1,3,0) : 4
(2,1,3,0,4,5) : 67
(2,1,3,0,5) : 1
(2,1,3,0,5,4) : 82
(2,1,3,4) : 4
(2,1,3,4,0) : 1
(2,1,3,4,0,5) : 30
(2,1,3,4,5) : 2
(2,1,3,4,5,0) : 1377
(2,1,3,5) : 2
(2,1,3,5,0,4) : 59
(2,1,3,5,4,0) : 95
(2,1,4) : 3
(2,1,4,0,3,5) : 7
(2,1,4,0,5,3) : 2
(2,1,4,3) : 1
(2,1,4,3,0,5) : 5
(2,1,4,3,5,0) : 14
(2,1,4,5,0,3) : 12
(2,1,4,5,3,0) : 14
(2,1,5) : 1
(2,1,5,0,3) : 1
(2,1,5,0,3,4) : 11
(2,1,5,0,4,3) : 3
(2,1,5,3,0) : 1
(2,1,5,3,0,4) : 12
(2,1,5,3,4,0) : 25
(2,1,5,4,0,3) : 8
(2,1,5,4,3,0) : 10
(2,3) : 346
(2,3,0) : 38
(2,3,0,1) : 10
(2,3,0,1,4,5) : 78
(2,3,0,1,5,4) : 82
(2,3,0,4) : 1
(2,3,0,4,1,5) : 14
(2,3,0,4,5) : 2
(2,3,0,4,5,1) : 6
(2,3,0,5,1) : 1
(2,3,0,5,1,4) : 20
(2,3,0,5,4,1) : 4
(2,3,1) : 106
(2,3,1,0) : 12
(2,3,1,0,4,5) : 156
(2,3,1,0,5,4) : 176
(2,3,1,4) : 2
(2,3,1,4,0) : 1
(2,3,1,4,0,5) : 39
(2,3,1,4,5) : 5
(2,3,1,4,5,0) : 225
(2,3,1,5) : 8
(2,3,1,5,0) : 1
(2,3,1,5,0,4) : 175
(2,3,1,5,4,0) : 216
(2,3,4) : 5
(2,3,4,0,1,5) : 15
(2,3,4,0,5,1) : 2
(2,3,4,1) : 2
(2,3,4,1,0) : 2
(2,3,4,1,0,5) : 27
(2,3,4,1,5) : 1
(2,3,4,1,5,0) : 43
(2,3,4,5) : 3
(2,3,4,5,0) : 1
(2,3,4,5,0,1) : 8
(2,3,4,5,1,0) : 72
(2,3,5) : 12
(2,3,5,0,1) : 1
(2,3,5,0,1,4) : 18
(2,3,5,1,0) : 1
(2,3,5,1,0,4) : 49
(2,3,5,1,4,0) : 52
(2,3,5,4) : 1
(2,3,5,4,0,1) : 3
(2,3,5,4,1,0) : 36
(2,4) : 30
(2,4,0) : 3
(2,4,0,1,3,5) : 12
(2,4,0,1,5) : 1
(2,4,0,1,5,3) : 6
(2,4,0,3,1,5) : 6
(2,4,0,5,1,3) : 1
(2,4,0,5,3,1) : 2
(2,4,1) : 6
(2,4,1,0,3) : 2
(2,4,1,0,3,5) : 11
(2,4,1,0,5,3) : 6
(2,4,1,3,0,5) : 5
(2,4,1,3,5,0) : 9
(2,4,1,5,0,3) : 5
(2,4,1,5,3) : 1
(2,4,1,5,3,0) : 7
(2,4,3) : 2
(2,4,3,0,1,5) : 4
(2,4,3,1) : 1
(2,4,3,1,0) : 1
(2,4,3,1,0,5) : 17
(2,4,3,1,5) : 1
(2,4,3,1,5,0) : 19
(2,4,3,5,0,1) : 2
(2,4,3,5,1) : 1
(2,4,3,5,1,0) : 12
(2,4,5) : 3
(2,4,5,0,1,3) : 2
(2,4,5,1,0,3) : 3
(2,4,5,1,3,0) : 3
(2,4,5,3,0,1) : 1
(2,4,5,3,1,0) : 7
(2,5) : 38
(2,5,0) : 4
(2,5,0,1,3,4) : 4
(2,5,0,1,4,3) : 1
(2,5,0,3) : 1
(2,5,0,3,1,4) : 3
(2,5,0,4) : 1
(2,5,0,4,1,3) : 1
(2,5,1) : 3
(2,5,1,0) : 1
(2,5,1,0,3,4) : 5
(2,5,1,0,4,3) : 6
(2,5,1,3,0) : 1
(2,5,1,3,0,4) : 5
(2,5,1,3,4) : 2
(2,5,1,3,4,0) : 13
(2,5,1,4,0,3) : 2
(2,5,1,4,3,0) : 6
(2,5,3) : 4
(2,5,3,0,1,4) : 4
(2,5,3,0,4,1) : 1
(2,5,3,1) : 1
(2,5,3,1,0,4) : 14
(2,5,3,1,4,0) : 23
(2,5,3,4,0) : 1
(2,5,3,4,0,1) : 1
(2,5,3,4,1,0) : 7
(2,5,4,0,1,3) : 1
(2,5,4,1,0,3) : 1
(2,5,4,1,3,0) : 6
(2,5,4,3,0,1) : 2
(2,5,4,3,1,0) : 13
(3) : 2634
(3,0) : 102
(3,0,1) : 12
(3,0,1,2) : 7
(3,0,1,2,4,5) : 63
(3,0,1,2,5) : 1
(3,0,1,2,5,4) : 33
(3,0,1,4,2,5) : 11
(3,0,1,4,5) : 1
(3,0,1,4,5,2) : 10
(3,0,1,5,2,4) : 10
(3,0,1,5,4,2) : 11
(3,0,2) : 22
(3,0,2,1) : 7
(3,0,2,1,4) : 1
(3,0,2,1,4,5) : 32
(3,0,2,1,5,4) : 58
(3,0,2,4,1,5) : 12
(3,0,2,4,5,1) : 4
(3,0,2,5,1,4) : 12
(3,0,2,5,4,1) : 2
(3,0,4) : 2
(3,0,4,1) : 1
(3,0,4,1,2,5) : 4
(3,0,4,1,5,2) : 2
(3,0,4,2) : 1
(3,0,4,2,1,5) : 2
(3,0,4,2,5,1) : 1
(3,0,4,5,1,2) : 2
(3,0,4,5,2,1) : 2
(3,0,5) : 1
(3,0,5,1,2) : 1
(3,0,5,1,2,4) : 8
(3,0,5,1,4,2) : 1
(3,0,5,2,1,4) : 2
(3,0,5,4,1,2) : 1
(3,1) : 127
(3,1,0) : 9
(3,1,0,2) : 2
(3,1,0,2,4,5) : 49
(3,1,0,2,5) : 1
(3,1,0,2,5,4) : 66
(3,1,0,4,2,5) : 8
(3,1,0,4,5,2) : 4
(3,1,0,5,2,4) : 9
(3,1,0,5,4,2) : 8
(3,1,2) : 72
(3,1,2,0) : 9
(3,1,2,0,4,5) : 101
(3,1,2,0,5) : 2
(3,1,2,0,5,4) : 188
(3,1,2,4,0) : 2
(3,1,2,4,0,5) : 33
(3,1,2,4,5,0) : 45
(3,1,2,5) : 4
(3,1,2,5,0) : 1
(3,1,2,5,0,4) : 941
(3,1,2,5,4) : 2
(3,1,2,5,4,0) : 108
(3,1,4) : 1
(3,1,4,0) : 1
(3,1,4,0,2,5) : 5
(3,1,4,2,0,5) : 8
(3,1,4,2,5,0) : 2
(3,1,4,5) : 1
(3,1,4,5,0,2) : 9
(3,1,4,5,2,0) : 12
(3,1,5) : 12
(3,1,5,0,2) : 2
(3,1,5,0,2,4) : 18
(3,1,5,2) : 1
(3,1,5,2,0) : 1
(3,1,5,2,0,4) : 37
(3,1,5,2,4,0) : 22
(3,1,5,4) : 1
(3,1,5,4,0,2) : 6
(3,1,5,4,2) : 1
(3,1,5,4,2,0) : 21
(3,2) : 340
(3,2,0) : 36
(3,2,0,1) : 5
(3,2,0,1,4) : 1
(3,2,0,1,4,5) : 81
(3,2,0,1,5,4) : 106
(3,2,0,4,1,5) : 6
(3,2,0,4,5,1) : 3
(3,2,0,5,1) : 1
(3,2,0,5,1,4) : 18
(3,2,0,5,4,1) : 2
(3,2,1) : 72
(3,2,1,0) : 9
(3,2,1,0,4) : 1
(3,2,1,0,4,5) : 145
(3,2,1,0,5) : 1
(3,2,1,0,5,4) : 237
(3,2,1,4) : 1
(3,2,1,4,0,5) : 27
(3,2,1,4,5) : 2
(3,2,1,4,5,0) : 75
(3,2,1,5) : 5
(3,2,1,5,0,4) : 272
(3,2,1,5,4) : 2
(3,2,1,5,4,0) : 165
(3,2,4) : 4
(3,2,4,0) : 1
(3,2,4,0,1,5) : 3
(3,2,4,1,0,5) : 12
(3,2,4,1,5,0) : 9
(3,2,4,5,0,1) : 1
(3,2,4,5,1,0) : 12
(3,2,5) : 9
(3,2,5,0,1,4) : 8
(3,2,5,1) : 1
(3,2,5,1,0) : 1
(3,2,5,1,0,4) : 40
(3,2,5,1,4,0) : 23
(3,2,5,4,1,0) : 10
(3,4) : 12
(3,4,0) : 2
(3,4,0,1) : 1
(3,4,0,1,2,5) : 2
(3,4,0,1,5,2) : 1
(3,4,0,2,1) : 1
(3,4,0,2,1,5) : 6
(3,4,0,5,2,1) : 2
(3,4,1) : 5
(3,4,1,0) : 1
(3,4,1,0,2,5) : 4
(3,4,1,0,5,2) : 1
(3,4,1,2,0,5) : 6
(3,4,1,2,5,0) : 6
(3,4,1,5,0,2) : 2
(3,4,1,5,2,0) : 7
(3,4,2) : 5
(3,4,2,0,1,5) : 2
(3,4,2,0,5,1) : 1
(3,4,2,1) : 1
(3,4,2,1,0) : 1
(3,4,2,1,0,5) : 3
(3,4,2,1,5,0) : 5
(3,4,2,5,1,0) : 3
(3,4,5) : 1
(3,4,5,0,1) : 1
(3,4,5,0,1,2) : 2
(3,4,5,1,0,2) : 3
(3,4,5,1,2,0) : 5
(3,4,5,2,1,0) : 3
(3,5) : 29
(3,5,0,1,2,4) : 1
(3,5,0,1,4,2) : 1
(3,5,0,2,1,4) : 3
(3,5,0,2,4,1) : 1
(3,5,1) : 6
(3,5,1,0,2,4) : 9
(3,5,1,2,0) : 1
(3,5,1,2,0,4) : 9
(3,5,1,2,4,0) : 9
(3,5,1,4,0,2) : 4
(3,5,1,4,2,0) : 6
(3,5,2) : 2
(3,5,2,0) : 2
(3,5,2,0,1,4) : 4
(3,5,2,0,4,1) : 2
(3,5,2,1) : 1
(3,5,2,1,0,4) : 19
(3,5,2,1,4,0) : 4
(3,5,2,4,1,0) : 3
(3,5,4,0,2,1) : 3
(3,5,4,1) : 1
(3,5,4,1,0,2) : 2
(3,5,4,1,2) : 1
(3,5,4,1,2,0) : 2
(3,5,4,2,0,1) : 1
(3,5,4,2,1,0) : 5
(4) : 842
(4,0) : 166
(4,0,1) : 14
(4,0,1,2) : 138
(4,0,1,2,3) : 3
(4,0,1,2,3,5) : 77
(4,0,1,2,5,3) : 55
(4,0,1,3) : 1
(4,0,1,3,2) : 1
(4,0,1,3,2,5) : 12
(4,0,1,3,5,2) : 4
(4,0,1,5) : 1
(4,0,1,5,2,3) : 51
(4,0,1,5,3,2) : 11
(4,0,2) : 14
(4,0,2,1) : 4
(4,0,2,1,3,5) : 19
(4,0,2,1,5,3) : 29
(4,0,2,3,1,5) : 15
(4,0,2,3,5,1) : 2
(4,0,2,5,1) : 1
(4,0,2,5,1,3) : 8
(4,0,3) : 6
(4,0,3,1,2,5) : 6
(4,0,3,1,5,2) : 1
(4,0,3,2,1,5) : 4
(4,0,3,2,5,1) : 1
(4,0,5) : 3
(4,0,5,1,2) : 1
(4,0,5,1,2,3) : 34
(4,0,5,1,3,2) : 6
(4,0,5,2,1,3) : 5
(4,0,5,3,1,2) : 4
(4,1) : 16
(4,1,0) : 9
(4,1,0,2) : 3
(4,1,0,2,3,5) : 13
(4,1,0,2,5,3) : 4
(4,1,0,3,2,5) : 4
(4,1,0,3,5,2) : 2
(4,1,0,5) : 1
(4,1,0,5,2,3) : 5
(4,1,0,5,3,2) : 2
(4,1,2) : 1
(4,1,2,0,3,5) : 4
(4,1,2,0,5) : 1
(4,1,2,0,5,3) : 5
(4,1,2,3,0) : 1
(4,1,2,3,0,5) : 3
(4,1,2,3,5,0) : 2
(4,1,2,5,0,3) : 3
(4,1,2,5,3,0) : 1
(4,1,3) : 2
(4,1,3,0,2,5) : 2
(4,1,3,2,0,5) : 2
(4,1,3,5,0,2) : 1
(4,1,3,5,2,0) : 4
(4,1,5) : 2
(4,1,5,0,2,3) : 5
(4,1,5,0,3,2) : 1
(4,1,5,2,0,3) : 6
(4,1,5,2,3,0) : 1
(4,1,5,3,0,2) : 1
(4,1,5,3,2,0) : 1
(4,2) : 22
(4,2,0) : 10
(4,2,0,1) : 2
(4,2,0,1,3,5) : 13
(4,2,0,1,5) : 1
(4,2,0,1,5,3) : 8
(4,2,0,3,1,5) : 8
(4,2,0,3,5,1) : 1
(4,2,0,5) : 1
(4,2,0,5,1,3) : 2
(4,2,0,5,3,1) : 2
(4,2,1) : 1
(4,2,1,0) : 1
(4,2,1,0,3,5) : 6
(4,2,1,0,5) : 1
(4,2,1,0,5,3) : 11
(4,2,1,3) : 3
(4,2,1,3,0,5) : 3
(4,2,1,3,5,0) : 2
(4,2,1,5,3,0) : 4
(4,2,3,0,1,5) : 3
(4,2,3,0,5,1) : 1
(4,2,3,1,0,5) : 4
(4,2,3,1,5,0) : 7
(4,2,3,5,1,0) : 5
(4,2,5,1,0,3) : 1
(4,2,5,1,3,0) : 2
(4,2,5,3,0,1) : 1
(4,2,5,3,1,0) : 1
(4,3) : 14
(4,3,0) : 1
(4,3,0,1,2,5) : 11
(4,3,0,1,5) : 1
(4,3,0,1,5,2) : 2
(4,3,0,2,1,5) : 3
(4,3,0,5,1,2) : 1
(4,3,0,5,2,1) : 1
(4,3,1) : 2
(4,3,1,0,2,5) : 1
(4,3,1,2,0,5) : 2
(4,3,1,2,5,0) : 1
(4,3,1,5,2,0) : 2
(4,3,2) : 2
(4,3,2,0) : 1
(4,3,2,0,1,5) : 5
(4,3,2,0,5,1) : 2
(4,3,2,1) : 1
(4,3,2,1,0,5) : 8
(4,3,2,1,5,0) : 3
(4,3,5) : 1
(4,3,5,0,1,2) : 1
(4,3,5,1,0,2) : 1
(4,3,5,1,2,0) : 3
(4,3,5,2,1,0) : 1
(4,5) : 7
(4,5,0) : 1
(4,5,0,1,2,3) : 2
(4,5,0,1,3,2) : 1
(4,5,1) : 1
(4,5,1,0,2,3) : 4
(4,5,1,0,3,2) : 1
(4,5,1,2,0,3) : 1
(4,5,1,3,0,2) : 3
(4,5,1,3,2,0) : 2
(4,5,2,3,1,0) : 1
(4,5,3,0,1,2) : 1
(4,5,3,0,2,1) : 1
(4,5,3,1,0,2) : 1
(4,5,3,1,2,0) : 2
(4,5,3,2,0,1) : 1
(4,5,3,2,1,0) : 3
(5) : 412
(5,0) : 25
(5,0,1,2,3,4) : 14
(5,0,1,2,4,3) : 2
(5,0,1,3,2,4) : 1
(5,0,1,3,4,2) : 3
(5,0,1,4,2,3) : 3
(5,0,1,4,3,2) : 2
(5,0,2,1,3,4) : 4
(5,0,2,1,4,3) : 4
(5,0,2,3,1,4) : 2
(5,0,2,4,1,3) : 1
(5,0,2,4,3,1) : 1
(5,0,3) : 1
(5,0,3,1,2,4) : 1
(5,0,3,1,4,2) : 1
(5,0,3,2,1,4) : 1
(5,0,4,1) : 1
(5,0,4,1,2,3) : 3
(5,0,4,1,3,2) : 1
(5,0,4,2,3,1) : 1
(5,0,4,3,1,2) : 1
(5,1) : 12
(5,1,0) : 1
(5,1,0,2,3,4) : 7
(5,1,0,2,4,3) : 2
(5,1,0,4,2,3) : 2
(5,1,0,4,3,2) : 2
(5,1,2) : 2
(5,1,2,0,3,4) : 2
(5,1,2,3,0,4) : 1
(5,1,2,3,4) : 1
(5,1,2,3,4,0) : 1
(5,1,2,4,3) : 1
(5,1,3,2,0) : 1
(5,1,3,2,0,4) : 6
(5,1,3,2,4,0) : 1
(5,1,4,0,2,3) : 1
(5,1,4,2,0,3) : 1
(5,1,4,3,0,2) : 1
(5,1,4,3,2,0) : 1
(5,2) : 6
(5,2,0) : 1
(5,2,0,1,3,4) : 5
(5,2,0,3,1,4) : 1
(5,2,0,4,3,1) : 1
(5,2,1,0,3,4) : 5
(5,2,1,3,0,4) : 2
(5,2,1,3,4,0) : 5
(5,2,1,4,3) : 1
(5,2,3) : 2
(5,2,3,0,1,4) : 3
(5,2,3,0,4,1) : 1
(5,2,3,1,0,4) : 3
(5,2,3,1,4,0) : 5
(5,2,3,4) : 1
(5,2,3,4,0,1) : 1
(5,3) : 10
(5,3,0) : 1
(5,3,0,1,2,4) : 3
(5,3,0,2,1,4) : 1
(5,3,0,4) : 1
(5,3,1) : 3
(5,3,1,0) : 2
(5,3,1,0,2,4) : 4
(5,3,1,2) : 1
(5,3,1,2,0,4) : 4
(5,3,1,2,4) : 1
(5,3,1,2,4,0) : 1
(5,3,1,4,2,0) : 4
(5,3,2) : 1
(5,3,2,0,1,4) : 3
(5,3,2,1) : 1
(5,3,2,1,0,4) : 2
(5,3,2,1,4,0) : 1
(5,3,2,4,1,0) : 2
(5,3,4,0,2,1) : 1
(5,3,4,1,2,0) : 1
(5,3,4,2,0,1) : 1
(5,3,4,2,1,0) : 3
(5,4) : 4
(5,4,0,1,2,3) : 1
(5,4,0,1,3,2) : 1
(5,4,0,2,3,1) : 1
(5,4,1,2,0,3) : 1
(5,4,1,2,3,0) : 3
(5,4,1,3,2,0) : 3
(5,4,2,0,1,3) : 1
(5,4,2,0,3,1) : 1
(5,4,2,1,0,3) : 2
(5,4,2,1,3,0) : 1
(5,4,2,3,0,1) : 1
(5,4,2,3,1,0) : 1
(5,4,3) : 1
(5,4,3,1,0,2) : 2
(5,4,3,1,2,0) : 1
(5,4,3,2,0,1) : 1
(5,4,3,2,1) : 1
(5,4,3,2,1,0) : 9
