0, 1, 2, 3, 4, 5
NLT,CDP,LIB,LAB,IND,GRN
-+-+-+-+-
() : 196
(0) : 541
(0,1) : 19
(0,1,2) : 5
(0,1,2,3,4) : 2
(0,1,2,3,4,5) : 43
(0,1,2,4,3,5) : 1
(0,1,2,5,3,4) : 2
(0,1,2,5,4,3) : 2
(0,1,3,2,4,5) : 3
(0,1,3,4,5,2) : 4
(0,1,3,5) : 1
(0,1,3,5,2,4) : 1
(0,1,3,5,4,2) : 2
(0,1,4) : 2
(0,1,4,3,2,5) : 3
(0,1,4,3,5,2) : 1
(0,1,4,5,2,3) : 2
(0,1,4,5,3,2) : 3
(0,1,5,2,3,4) : 1
(0,1,5,2,4,3) : 1
(0,1,5,4,3,2) : 2
(0,2) : 22
(0,2,1,3,4,5) : 12
(0,2,1,4,3) : 1
(0,2,1,4,3,5) : 8
(0,2,1,4,5,3) : 3
(0,2,3,1,4,5) : 5
(0,2,3,1,5,4) : 2
(0,2,3,4) : 1
(0,2,3,4,1,5) : 2
(0,2,3,4,5,1) : 10
(0,2,3,5,4,1) : 1
(0,2,4) : 2
(0,2,4,1,3,5) : 1
(0,2,4,1,5,3) : 4
(0,2,4,3,1,5) : 1
(0,2,4,3,5,1) : 3
(0,2,4,5) : 1
(0,2,4,5,3,1) : 8
(0,2,5) : 2
(0,2,5,1,3,4) : 1
(0,2,5,1,4,3) : 2
(0,2,5,3,1,4) : 1
(0,2,5,3,4,1) : 1
(0,2,5,4,1,3) : 1
(0,2,5,4,3,1) : 1
(0,3) : 14
(0,3,1) : 1
(0,3,1,2,4,5) : 1
(0,3,1,4,5,2) : 1
(0,3,1,5,4,2) : 2
(0,3,2) : 4
(0,3,2,1) : 1
(0,3,2,1,4,5) : 4
(0,3,2,1,5,4) : 1
(0,3,2,4,1,5) : 1
(0,3,2,4,5,1) : 2
(0,3,4,1,2,5) : 3
(0,3,4,1,5,2) : 1
(0,3,4,2,1,5) : 3
(0,3,4,2,5,1) : 3
(0,3,4,5,1,2) : 6
(0,3,4,5,2,1) : 4
(0,3,5) : 3
(0,3,5,2,4,1) : 2
(0,3,5,4,1,2) : 1
(0,3,5,4,2,1) : 2
(0,4) : 7
(0,4,1,5,2,3) : 1
(0,4,2,1,5,3) : 1
(0,4,2,3,5,1) : 3
(0,4,2,5,1,3) : 1
(0,4,3,2,1,5) : 1
(0,4,3,2,5,1) : 1
(0,4,5) : 2
(0,4,5,1,2,3) : 3
(0,4,5,2,3,1) : 4
(0,4,5,3,2,1) : 4
(0,5) : 7
(0,5,1) : 1
(0,5,1,2,4,3) : 1
(0,5,1,4,3,2) : 1
(0,5,2,3,4,1) : 1
(0,5,3) : 1
(0,5,3,2) : 1
(0,5,3,2,1,4) : 1
(0,5,3,2,4,1) : 1
(0,5,3,4,2,1) : 1
(0,5,4,1,3,2) : 2
(0,5,4,2,3,1) : 1
(0,5,4,3,1,2) : 4
(0,5,4,3,2,1) : 5
(1) : 616
(1,0) : 10
(1,0,2) : 1
(1,0,2,3,4) : 1
(1,0,2,3,4,5) : 16
(1,0,2,3,5,4) : 1
(1,0,2,4,3,5) : 5
(1,0,2,5,3,4) : 1
(1,0,2,5,4,3) : 1
(1,0,3,2,4) : 1
(1,0,3,2,4,5) : 5
(1,0,3,2,5,4) : 1
(1,0,3,4,2) : 1
(1,0,3,4,2,5) : 1
(1,0,3,4,5,2) : 6
(1,0,3,5,2,4) : 1
(1,0,4) : 1
(1,0,4,2,3,5) : 2
(1,0,4,2,5,3) : 2
(1,0,4,3,2,5) : 1
(1,0,4,3,5,2) : 1
(1,0,4,5,2,3) : 2
(1,0,4,5,3,2) : 4
(1,0,5,3,4) : 1
(1,0,5,4,3) : 1
(1,2) : 224
(1,2,0) : 1
(1,2,0,3,4,5) : 17
(1,2,0,3,5,4) : 4
(1,2,0,4,3,5) : 15
(1,2,0,4,5,3) : 2
(1,2,0,5,4,3) : 1
(1,2,3) : 4
(1,2,3,0,4,5) : 11
(1,2,3,0,5,4) : 2
(1,2,3,4,0) : 1
(1,2,3,4,0,5) : 14
(1,2,3,4,5,0) : 20
(1,2,3,5,0,4) : 3
(1,2,3,5,4,0) : 6
(1,2,4) : 4
(1,2,4,0,3,5) : 19
(1,2,4,0,5,3) : 11
(1,2,4,3) : 1
(1,2,4,3,0,5) : 20
(1,2,4,3,5,0) : 8
(1,2,4,5,0,3) : 2
(1,2,4,5,3) : 1
(1,2,4,5,3,0) : 4
(1,2,5) : 3
(1,2,5,3,4,0) : 2
(1,2,5,4) : 1
(1,2,5,4,0,3) : 2
(1,2,5,4,3,0) : 9
(1,3) : 19
(1,3,0,2,4,5) : 5
(1,3,0,4,2,5) : 1
(1,3,0,4,5,2) : 4
(1,3,2) : 2
(1,3,2,0,4,5) : 8
(1,3,2,0,5,4) : 1
(1,3,2,4,0,5) : 4
(1,3,2,5) : 2
(1,3,2,5,0,4) : 2
(1,3,2,5,4) : 1
(1,3,2,5,4,0) : 3
(1,3,4,0,2,5) : 2
(1,3,4,0,5,2) : 1
(1,3,4,2,0,5) : 2
(1,3,4,2,5,0) : 3
(1,3,4,5,0,2) : 2
(1,3,4,5,2,0) : 1
(1,3,5) : 2
(1,3,5,0,2,4) : 1
(1,3,5,0,4,2) : 1
(1,3,5,2,0,4) : 1
(1,3,5,2,4,0) : 1
(1,3,5,4,0,2) : 4
(1,3,5,4,2,0) : 4
(1,4) : 7
(1,4,0,2,3,5) : 1
(1,4,0,2,5,3) : 1
(1,4,0,3,2,5) : 1
(1,4,0,5,3,2) : 3
(1,4,2) : 3
(1,4,2,0,3,5) : 2
(1,4,2,0,5,3) : 1
(1,4,2,3,0,5) : 1
(1,4,2,3,5) : 1
(1,4,2,3,5,0) : 5
(1,4,2,5,3,0) : 4
(1,4,3,0,5,2) : 2
(1,4,3,2,0,5) : 2
(1,4,3,2,5,0) : 1
(1,4,3,5,0,2) : 1
(1,4,5) : 3
(1,4,5,2,0,3) : 2
(1,4,5,2,3,0) : 1
(1,4,5,3) : 1
(1,4,5,3,0,2) : 1
(1,4,5,3,2,0) : 6
(1,5) : 8
(1,5,0,2,3,4) : 2
(1,5,0,2,4,3) : 1
(1,5,0,3,4,2) : 1
(1,5,0,4,2,3) : 1
(1,5,0,4,3,2) : 2
(1,5,2,3,0,4) : 3
(1,5,2,3,4,0) : 1
(1,5,3) : 1
(1,5,3,0,4,2) : 1
(1,5,3,2,0,4) : 1
(1,5,3,2,4) : 1
(1,5,3,2,4,0) : 1
(1,5,3,4,0,2) : 2
(1,5,4) : 1
(1,5,4,0,2,3) : 1
(1,5,4,0,3,2) : 3
(1,5,4,2,0,3) : 1
(1,5,4,2,3,0) : 1
(1,5,4,3,0,2) : 2
(1,5,4,3,2,0) : 2
(2) : 22842
(2,0) : 163
(2,0,1) : 11
(2,0,1,3) : 1
(2,0,1,3,4,5) : 58
(2,0,1,3,5,4) : 7
(2,0,1,4,3,5) : 37
(2,0,1,4,5,3) : 37
(2,0,1,5,3,4) : 1
(2,0,1,5,4) : 1
(2,0,1,5,4,3) : 10
(2,0,3) : 4
(2,0,3,1) : 4
(2,0,3,1,4,5) : 14
(2,0,3,1,5,4) : 1
(2,0,3,4) : 1
(2,0,3,4,1) : 1
(2,0,3,4,1,5) : 15
(2,0,3,4,5) : 1
(2,0,3,4,5,1) : 25
(2,0,3,5,1) : 1
(2,0,3,5,4,1) : 14
(2,0,4) : 8
(2,0,4,1) : 1
(2,0,4,1,3,5) : 33
(2,0,4,1,5) : 3
(2,0,4,1,5,3) : 36
(2,0,4,3,1,5) : 26
(2,0,4,3,5,1) : 16
(2,0,4,5) : 2
(2,0,4,5,1,3) : 29
(2,0,4,5,3) : 1
(2,0,4,5,3,1) : 36
(2,0,5) : 9
(2,0,5,1,3,4) : 3
(2,0,5,1,4,3) : 5
(2,0,5,3,1,4) : 1
(2,0,5,3,4) : 1
(2,0,5,3,4,1) : 10
(2,0,5,4) : 1
(2,0,5,4,1,3) : 11
(2,0,5,4,3,1) : 26
(2,1) : 3026
(2,1,0) : 18
(2,1,0,3) : 1
(2,1,0,3,4) : 3
(2,1,0,3,4,5) : 115
(2,1,0,3,5,4) : 14
(2,1,0,4) : 1
(2,1,0,4,3,5) : 84
(2,1,0,4,5) : 1
(2,1,0,4,5,3) : 88
(2,1,0,5,3,4) : 5
(2,1,0,5,4) : 1
(2,1,0,5,4,3) : 20
(2,1,3) : 14
(2,1,3,0) : 2
(2,1,3,0,4,5) : 29
(2,1,3,0,5,4) : 6
(2,1,3,4) : 1
(2,1,3,4,0,5) : 35
(2,1,3,4,5,0) : 55
(2,1,3,5,0,4) : 7
(2,1,3,5,4,0) : 18
(2,1,4) : 27
(2,1,4,0) : 1
(2,1,4,0,3,5) : 99
(2,1,4,0,5,3) : 56
(2,1,4,3) : 3
(2,1,4,3,0,5) : 47
(2,1,4,3,5,0) : 47
(2,1,4,5) : 2
(2,1,4,5,0) : 3
(2,1,4,5,0,3) : 48
(2,1,4,5,3,0) : 69
(2,1,5) : 15
(2,1,5,0,3) : 1
(2,1,5,0,3,4) : 5
(2,1,5,0,4,3) : 8
(2,1,5,3) : 1
(2,1,5,3,0,4) : 3
(2,1,5,3,4,0) : 11
(2,1,5,4,0,3) : 28
(2,1,5,4,3) : 1
(2,1,5,4,3,0) : 22
(2,3) : 241
(2,3,0) : 4
(2,3,0,1,4,5) : 16
(2,3,0,1,5,4) : 4
(2,3,0,4,1) : 2
(2,3,0,4,1,5) : 11
(2,3,0,4,5) : 1
(2,3,0,4,5,1) : 23
(2,3,0,5,1) : 1
(2,3,0,5,1,4) : 7
(2,3,0,5,4) : 1
(2,3,0,5,4,1) : 16
(2,3,1) : 8
(2,3,1,0,4) : 1
(2,3,1,0,4,5) : 39
(2,3,1,0,5,4) : 6
(2,3,1,4,0,5) : 13
(2,3,1,4,5) : 1
(2,3,1,4,5,0) : 19
(2,3,1,5) : 1
(2,3,1,5,0) : 1
(2,3,1,5,4) : 1
(2,3,1,5,4,0) : 6
(2,3,4) : 25
(2,3,4,0,1,5) : 22
(2,3,4,0,5,1) : 24
(2,3,4,1) : 2
(2,3,4,1,0,5) : 21
(2,3,4,1,5) : 1
(2,3,4,1,5,0) : 16
(2,3,4,5) : 5
(2,3,4,5,0) : 4
(2,3,4,5,0,1) : 105
(2,3,4,5,1) : 4
(2,3,4,5,1,0) : 74
(2,3,5) : 42
(2,3,5,0) : 2
(2,3,5,0,1,4) : 9
(2,3,5,0,4) : 1
(2,3,5,0,4,1) : 26
(2,3,5,1) : 1
(2,3,5,1,0,4) : 9
(2,3,5,1,4,0) : 9
(2,3,5,4) : 4
(2,3,5,4,0,1) : 91
(2,3,5,4,1,0) : 54
(2,4) : 224
(2,4,0) : 14
(2,4,0,1) : 1
(2,4,0,1,3,5) : 51
(2,4,0,1,5) : 1
(2,4,0,1,5,3) : 42
(2,4,0,3,1) : 1
(2,4,0,3,1,5) : 27
(2,4,0,3,5,1) : 24
(2,4,0,5) : 2
(2,4,0,5,1) : 2
(2,4,0,5,1,3) : 23
(2,4,0,5,3) : 1
(2,4,0,5,3,1) : 32
(2,4,1) : 8
(2,4,1,0) : 1
(2,4,1,0,3) : 1
(2,4,1,0,3,5) : 31
(2,4,1,0,5,3) : 36
(2,4,1,3,0,5) : 10
(2,4,1,3,5) : 1
(2,4,1,3,5,0) : 19
(2,4,1,5) : 1
(2,4,1,5,0,3) : 8
(2,4,1,5,3,0) : 9
(2,4,3) : 14
(2,4,3,0,1) : 1
(2,4,3,0,1,5) : 23
(2,4,3,0,5,1) : 25
(2,4,3,1,0) : 1
(2,4,3,1,0,5) : 25
(2,4,3,1,5,0) : 11
(2,4,3,5) : 1
(2,4,3,5,0,1) : 54
(2,4,3,5,1,0) : 39
(2,4,5) : 46
(2,4,5,0) : 2
(2,4,5,0,1) : 4
(2,4,5,0,1,3) : 55
(2,4,5,0,3) : 2
(2,4,5,0,3,1) : 36
(2,4,5,1,0) : 4
(2,4,5,1,0,3) : 37
(2,4,5,1,3) : 1
(2,4,5,1,3,0) : 17
(2,4,5,3) : 3
(2,4,5,3,0) : 1
(2,4,5,3,0,1) : 113
(2,4,5,3,1,0) : 74
(2,5) : 280
(2,5,0) : 10
(2,5,0,1,3,4) : 4
(2,5,0,1,4,3) : 9
(2,5,0,3,1,4) : 5
(2,5,0,3,4,1) : 17
(2,5,0,4) : 1
(2,5,0,4,1,3) : 3
(2,5,0,4,3) : 1
(2,5,0,4,3,1) : 20
(2,5,1) : 7
(2,5,1,0,3,4) : 3
(2,5,1,0,4) : 1
(2,5,1,0,4,3) : 6
(2,5,1,3,0,4) : 1
(2,5,1,3,4,0) : 7
(2,5,1,4,0,3) : 5
(2,5,1,4,3) : 1
(2,5,1,4,3,0) : 7
(2,5,3) : 22
(2,5,3,0) : 1
(2,5,3,0,1,4) : 8
(2,5,3,0,4) : 1
(2,5,3,0,4,1) : 11
(2,5,3,1,0,4) : 3
(2,5,3,1,4,0) : 12
(2,5,3,4) : 4
(2,5,3,4,0,1) : 82
(2,5,3,4,1) : 2
(2,5,3,4,1,0) : 33
(2,5,4) : 31
(2,5,4,0) : 2
(2,5,4,0,1) : 1
(2,5,4,0,1,3) : 52
(2,5,4,0,3,1) : 47
(2,5,4,1) : 1
(2,5,4,1,0) : 2
(2,5,4,1,0,3) : 30
(2,5,4,1,3,0) : 14
(2,5,4,3) : 6
(2,5,4,3,0) : 1
(2,5,4,3,0,1) : 114
(2,5,4,3,1,0) : 62
(3) : 4232
(3,0) : 41
(3,0,1) : 4
(3,0,1,2,4,5) : 12
(3,0,1,2,5,4) : 1
(3,0,1,4,2,5) : 3
(3,0,1,4,5) : 1
(3,0,1,4,5,2) : 10
(3,0,1,5,4,2) : 4
(3,0,2) : 2
(3,0,2,1,4,5) : 4
(3,0,2,1,5,4) : 2
(3,0,2,4,1,5) : 4
(3,0,2,4,5,1) : 3
(3,0,2,5,4) : 2
(3,0,2,5,4,1) : 1
(3,0,4) : 5
(3,0,4,1) : 2
(3,0,4,1,2,5) : 6
(3,0,4,1,5) : 1
(3,0,4,1,5,2) : 7
(3,0,4,2,1,5) : 1
(3,0,4,2,5,1) : 1
(3,0,4,5,1,2) : 23
(3,0,4,5,2,1) : 11
(3,0,5) : 2
(3,0,5,1) : 1
(3,0,5,1,2) : 1
(3,0,5,1,4,2) : 6
(3,0,5,4,1,2) : 11
(3,0,5,4,2,1) : 7
(3,1) : 23
(3,1,0,2) : 2
(3,1,0,2,4) : 1
(3,1,0,2,4,5) : 8
(3,1,0,4,2,5) : 1
(3,1,0,4,5,2) : 8
(3,1,0,5,2,4) : 1
(3,1,0,5,4,2) : 5
(3,1,2) : 4
(3,1,2,0,4,5) : 2
(3,1,2,0,5,4) : 3
(3,1,2,4,0,5) : 2
(3,1,2,4,5,0) : 2
(3,1,2,5) : 1
(3,1,2,5,4,0) : 3
(3,1,4,0,2,5) : 2
(3,1,4,0,5,2) : 3
(3,1,4,2,0,5) : 2
(3,1,4,2,5,0) : 5
(3,1,4,5,0,2) : 10
(3,1,4,5,2,0) : 5
(3,1,5) : 8
(3,1,5,0,2,4) : 1
(3,1,5,0,4,2) : 1
(3,1,5,2,4,0) : 2
(3,1,5,4,0,2) : 10
(3,1,5,4,2,0) : 3
(3,2) : 96
(3,2,0) : 2
(3,2,0,1) : 1
(3,2,0,1,4,5) : 17
(3,2,0,1,5,4) : 3
(3,2,0,4,1,5) : 5
(3,2,0,4,5,1) : 8
(3,2,0,5) : 1
(3,2,0,5,1,4) : 1
(3,2,0,5,4,1) : 7
(3,2,1) : 3
(3,2,1,0) : 1
(3,2,1,0,4,5) : 14
(3,2,1,0,5) : 1
(3,2,1,0,5,4) : 1
(3,2,1,4,0,5) : 4
(3,2,1,4,5) : 1
(3,2,1,4,5,0) : 10
(3,2,1,5,0) : 1
(3,2,1,5,0,4) : 1
(3,2,1,5,4,0) : 9
(3,2,4) : 2
(3,2,4,0,1,5) : 10
(3,2,4,0,5,1) : 13
(3,2,4,1) : 2
(3,2,4,1,0,5) : 3
(3,2,4,1,5,0) : 7
(3,2,4,5) : 5
(3,2,4,5,0,1) : 29
(3,2,4,5,1) : 4
(3,2,4,5,1,0) : 29
(3,2,5) : 14
(3,2,5,0) : 1
(3,2,5,0,1,4) : 9
(3,2,5,0,4,1) : 8
(3,2,5,1,0,4) : 5
(3,2,5,1,4,0) : 3
(3,2,5,4) : 4
(3,2,5,4,0,1) : 41
(3,2,5,4,1,0) : 29
(3,4) : 76
(3,4,0,1,2,5) : 10
(3,4,0,1,5) : 1
(3,4,0,1,5,2) : 9
(3,4,0,2,1,5) : 4
(3,4,0,2,5,1) : 3
(3,4,0,5,1,2) : 6
(3,4,0,5,2) : 1
(3,4,0,5,2,1) : 11
(3,4,1) : 1
(3,4,1,0,2) : 1
(3,4,1,0,2,5) : 2
(3,4,1,0,5,2) : 8
(3,4,1,2) : 2
(3,4,1,2,0,5) : 2
(3,4,1,2,5,0) : 1
(3,4,1,5,0,2) : 7
(3,4,1,5,2,0) : 2
(3,4,2) : 7
(3,4,2,0) : 1
(3,4,2,0,1,5) : 6
(3,4,2,0,5,1) : 4
(3,4,2,1,0,5) : 4
(3,4,2,1,5) : 2
(3,4,2,1,5,0) : 1
(3,4,2,5,0) : 1
(3,4,2,5,0,1) : 18
(3,4,2,5,1,0) : 12
(3,4,5) : 49
(3,4,5,0) : 5
(3,4,5,0,1,2) : 112
(3,4,5,0,2,1) : 47
(3,4,5,1) : 2
(3,4,5,1,0) : 1
(3,4,5,1,0,2) : 30
(3,4,5,1,2) : 1
(3,4,5,1,2,0) : 12
(3,4,5,2) : 7
(3,4,5,2,0,1) : 55
(3,4,5,2,1) : 1
(3,4,5,2,1,0) : 45
(3,5) : 695
(3,5,0) : 6
(3,5,0,1,2) : 1
(3,5,0,1,2,4) : 9
(3,5,0,1,4,2) : 24
(3,5,0,2,1) : 2
(3,5,0,2,1,4) : 6
(3,5,0,2,4,1) : 12
(3,5,0,4) : 5
(3,5,0,4,1,2) : 49
(3,5,0,4,2) : 2
(3,5,0,4,2,1) : 26
(3,5,1) : 1
(3,5,1,0,2) : 2
(3,5,1,0,2,4) : 5
(3,5,1,0,4,2) : 8
(3,5,1,2,0,4) : 1
(3,5,1,2,4,0) : 2
(3,5,1,4) : 3
(3,5,1,4,0,2) : 16
(3,5,1,4,2,0) : 2
(3,5,2) : 21
(3,5,2,0) : 1
(3,5,2,0,1,4) : 3
(3,5,2,0,4,1) : 4
(3,5,2,1,0,4) : 2
(3,5,2,1,4,0) : 7
(3,5,2,4) : 3
(3,5,2,4,0) : 1
(3,5,2,4,0,1) : 60
(3,5,2,4,1) : 1
(3,5,2,4,1,0) : 21
(3,5,4) : 113
(3,5,4,0) : 7
(3,5,4,0,1) : 1
(3,5,4,0,1,2) : 239
(3,5,4,0,2,1) : 156
(3,5,4,1,0) : 2
(3,5,4,1,0,2) : 106
(3,5,4,1,2) : 1
(3,5,4,1,2,0) : 16
(3,5,4,2) : 7
(3,5,4,2,0,1) : 150
(3,5,4,2,1) : 1
(3,5,4,2,1,0) : 83
(4) : 1094
(4,0) : 4
(4,0,1) : 2
(4,0,1,2,3,5) : 8
(4,0,1,2,5,3) : 2
(4,0,1,3,2,5) : 2
(4,0,1,5,2,3) : 1
(4,0,1,5,3,2) : 2
(4,0,2) : 1
(4,0,2,1,3,5) : 2
(4,0,2,1,5,3) : 3
(4,0,2,3,1,5) : 5
(4,0,2,5,3,1) : 5
(4,0,3,1,2,5) : 1
(4,0,3,2,1,5) : 3
(4,0,3,2,5,1) : 4
(4,0,5,1,2,3) : 1
(4,0,5,1,3,2) : 2
(4,0,5,2,3,1) : 1
(4,0,5,3,1,2) : 8
(4,0,5,3,2) : 1
(4,0,5,3,2,1) : 6
(4,1) : 6
(4,1,0,2,3,5) : 1
(4,1,0,5,2,3) : 2
(4,1,0,5,3,2) : 3
(4,1,2) : 1
(4,1,2,0,3,5) : 1
(4,1,2,3) : 1
(4,1,2,3,0,5) : 1
(4,1,2,3,5,0) : 8
(4,1,3) : 1
(4,1,3,2,0,5) : 3
(4,1,3,2,5,0) : 1
(4,1,5) : 1
(4,1,5,0,2,3) : 3
(4,1,5,0,3,2) : 1
(4,1,5,2,0,3) : 1
(4,1,5,2,3,0) : 1
(4,1,5,3,0,2) : 1
(4,1,5,3,2,0) : 1
(4,2) : 50
(4,2,0) : 1
(4,2,0,1,3,5) : 3
(4,2,0,3,1,5) : 2
(4,2,0,3,5,1) : 2
(4,2,0,5,3,1) : 4
(4,2,1) : 3
(4,2,1,0,3,5) : 1
(4,2,1,0,5,3) : 2
(4,2,1,3,0,5) : 1
(4,2,1,3,5,0) : 1
(4,2,1,5,3,0) : 1
(4,2,3) : 1
(4,2,3,0) : 1
(4,2,3,0,5,1) : 1
(4,2,3,1,0,5) : 3
(4,2,3,1,5) : 1
(4,2,3,1,5,0) : 1
(4,2,3,5) : 1
(4,2,3,5,0,1) : 12
(4,2,3,5,1,0) : 8
(4,2,5) : 10
(4,2,5,0,1,3) : 2
(4,2,5,0,3,1) : 5
(4,2,5,1,0,3) : 1
(4,2,5,1,3) : 2
(4,2,5,1,3,0) : 2
(4,2,5,3) : 1
(4,2,5,3,0,1) : 12
(4,2,5,3,1) : 1
(4,2,5,3,1,0) : 7
(4,3) : 23
(4,3,0) : 1
(4,3,0,1,2,5) : 1
(4,3,0,1,5,2) : 1
(4,3,0,2,1,5) : 1
(4,3,0,2,5,1) : 1
(4,3,0,5,1,2) : 3
(4,3,0,5,2,1) : 9
(4,3,1) : 1
(4,3,1,0,2,5) : 2
(4,3,1,0,5,2) : 2
(4,3,1,2,0,5) : 1
(4,3,1,2,5) : 1
(4,3,2) : 5
(4,3,2,0,1,5) : 4
(4,3,2,0,5) : 1
(4,3,2,0,5,1) : 4
(4,3,2,1,0,5) : 3
(4,3,2,1,5,0) : 1
(4,3,2,5) : 1
(4,3,2,5,0) : 1
(4,3,2,5,0,1) : 11
(4,3,2,5,1,0) : 5
(4,3,5) : 17
(4,3,5,0) : 1
(4,3,5,0,1,2) : 20
(4,3,5,0,2,1) : 18
(4,3,5,1) : 1
(4,3,5,1,0,2) : 16
(4,3,5,1,2,0) : 2
(4,3,5,2) : 3
(4,3,5,2,0,1) : 27
(4,3,5,2,1) : 1
(4,3,5,2,1,0) : 10
(4,5) : 73
(4,5,0) : 2
(4,5,0,1) : 1
(4,5,0,1,2,3) : 7
(4,5,0,1,3,2) : 5
(4,5,0,2,3,1) : 6
(4,5,0,3,1,2) : 6
(4,5,0,3,2,1) : 15
(4,5,1) : 1
(4,5,1,0,2,3) : 6
(4,5,1,0,3,2) : 5
(4,5,1,2,0) : 1
(4,5,1,2,0,3) : 2
(4,5,1,3,0,2) : 2
(4,5,1,3,2,0) : 9
(4,5,2) : 14
(4,5,2,0,1,3) : 1
(4,5,2,0,3,1) : 7
(4,5,2,1,0,3) : 3
(4,5,2,1,3,0) : 4
(4,5,2,3) : 4
(4,5,2,3,0,1) : 25
(4,5,2,3,1,0) : 13
(4,5,3) : 49
(4,5,3,0) : 1
(4,5,3,0,1,2) : 47
(4,5,3,0,2,1) : 44
(4,5,3,1,0,2) : 15
(4,5,3,1,2) : 1
(4,5,3,1,2,0) : 9
(4,5,3,2) : 6
(4,5,3,2,0,1) : 80
(4,5,3,2,1) : 1
(4,5,3,2,1,0) : 54
(5) : 2666
(5,0) : 13
(5,0,1,2,3,4) : 2
(5,0,1,3,4,2) : 1
(5,0,1,4,2,3) : 2
(5,0,1,4,3,2) : 1
(5,0,2) : 1
(5,0,2,1,4,3) : 2
(5,0,2,3,4,1) : 5
(5,0,2,4,3,1) : 5
(5,0,3) : 3
(5,0,3,1,4,2) : 1
(5,0,3,2,1,4) : 1
(5,0,3,2,4,1) : 1
(5,0,3,4) : 1
(5,0,3,4,1,2) : 3
(5,0,3,4,2,1) : 4
(5,0,4) : 2
(5,0,4,1,2,3) : 2
(5,0,4,1,3,2) : 2
(5,0,4,2,1,3) : 2
(5,0,4,2,3,1) : 11
(5,0,4,3,1,2) : 4
(5,0,4,3,2,1) : 14
(5,1) : 4
(5,1,0) : 1
(5,1,0,3,2,4) : 1
(5,1,0,3,4,2) : 1
(5,1,0,4,2,3) : 1
(5,1,2) : 4
(5,1,2,3,0,4) : 1
(5,1,2,3,4) : 1
(5,1,2,3,4,0) : 1
(5,1,2,4) : 1
(5,1,2,4,3,0) : 1
(5,1,3) : 3
(5,1,3,0,2,4) : 1
(5,1,3,2,4,0) : 3
(5,1,3,4,0,2) : 5
(5,1,4) : 2
(5,1,4,0,2,3) : 1
(5,1,4,0,3,2) : 3
(5,1,4,2,3,0) : 1
(5,1,4,3,0,2) : 2
(5,1,4,3,2,0) : 1
(5,2) : 126
(5,2,0) : 6
(5,2,0,1,3,4) : 5
(5,2,0,3,4,1) : 6
(5,2,0,4,1) : 1
(5,2,0,4,1,3) : 2
(5,2,0,4,3) : 1
(5,2,0,4,3,1) : 6
(5,2,1) : 1
(5,2,1,0) : 1
(5,2,1,0,4,3) : 1
(5,2,1,3,4,0) : 7
(5,2,1,4) : 1
(5,2,1,4,3,0) : 4
(5,2,3) : 12
(5,2,3,0,1,4) : 2
(5,2,3,0,4,1) : 9
(5,2,3,1,0,4) : 2
(5,2,3,1,4,0) : 6
(5,2,3,4) : 5
(5,2,3,4,0) : 2
(5,2,3,4,0,1) : 43
(5,2,3,4,1,0) : 20
(5,2,4) : 10
(5,2,4,0) : 1
(5,2,4,0,1,3) : 7
(5,2,4,0,3,1) : 15
(5,2,4,1,0,3) : 5
(5,2,4,1,3,0) : 4
(5,2,4,3) : 1
(5,2,4,3,0) : 1
(5,2,4,3,0,1) : 36
(5,2,4,3,1) : 1
(5,2,4,3,1,0) : 15
(5,3) : 248
(5,3,0) : 10
(5,3,0,1,2) : 1
(5,3,0,1,2,4) : 5
(5,3,0,1,4,2) : 6
(5,3,0,2,1,4) : 2
(5,3,0,2,4,1) : 6
(5,3,0,4) : 1
(5,3,0,4,1,2) : 19
(5,3,0,4,2,1) : 31
(5,3,1) : 3
(5,3,1,0,2,4) : 2
(5,3,1,0,4,2) : 1
(5,3,1,2,4) : 1
(5,3,1,4,0,2) : 2
(5,3,1,4,2,0) : 1
(5,3,2) : 37
(5,3,2,0,1,4) : 6
(5,3,2,0,4,1) : 11
(5,3,2,1,0,4) : 8
(5,3,2,1,4) : 1
(5,3,2,1,4,0) : 6
(5,3,2,4) : 3
(5,3,2,4,0,1) : 94
(5,3,2,4,1) : 1
(5,3,2,4,1,0) : 35
(5,3,4) : 94
(5,3,4,0) : 3
(5,3,4,0,1,2) : 103
(5,3,4,0,2) : 1
(5,3,4,0,2,1) : 133
(5,3,4,1) : 1
(5,3,4,1,0) : 1
(5,3,4,1,0,2) : 26
(5,3,4,1,2) : 1
(5,3,4,1,2,0) : 9
(5,3,4,2) : 10
(5,3,4,2,0) : 1
(5,3,4,2,0,1) : 128
(5,3,4,2,1) : 2
(5,3,4,2,1,0) : 58
(5,4) : 120
(5,4,0) : 7
(5,4,0,1,2) : 1
(5,4,0,1,2,3) : 6
(5,4,0,1,3,2) : 16
(5,4,0,2,1,3) : 1
(5,4,0,2,3,1) : 12
(5,4,0,3,1,2) : 13
(5,4,0,3,2,1) : 41
(5,4,1,0,2,3) : 4
(5,4,1,0,3,2) : 7
(5,4,1,2,3,0) : 4
(5,4,1,3,0,2) : 7
(5,4,1,3,2) : 1
(5,4,2) : 19
(5,4,2,0,1,3) : 4
(5,4,2,0,3,1) : 8
(5,4,2,1,0,3) : 4
(5,4,2,3) : 3
(5,4,2,3,0,1) : 63
(5,4,2,3,1,0) : 23
(5,4,3) : 556
(5,4,3,0) : 5
(5,4,3,0,1,2) : 104
(5,4,3,0,2,1) : 116
(5,4,3,1,0,2) : 30
(5,4,3,1,2) : 1
(5,4,3,1,2,0) : 9
(5,4,3,2) : 18
(5,4,3,2,0,1) : 157
(5,4,3,2,1) : 2
(5,4,3,2,1,0) : 100
