0, 1, 2, 3, 4, 5
IND,CLP,LIB,GRN,NLT,CDP
-+-+-+-+-
() : 107
(0) : 6017
(0,1) : 368
(0,1,2) : 26
(0,1,2,3) : 10
(0,1,2,3,4) : 10
(0,1,2,3,4,5) : 449
(0,1,2,3,5) : 1
(0,1,2,3,5,4) : 72
(0,1,2,4) : 2
(0,1,2,4,3,5) : 87
(0,1,2,4,5) : 2
(0,1,2,4,5,3) : 67
(0,1,2,5,3,4) : 16
(0,1,2,5,4,3) : 47
(0,1,3) : 33
(0,1,3,2) : 6
(0,1,3,2,4) : 3
(0,1,3,2,4,5) : 196
(0,1,3,2,5) : 1
(0,1,3,2,5,4) : 55
(0,1,3,4) : 2
(0,1,3,4,2) : 5
(0,1,3,4,2,5) : 135
(0,1,3,4,5) : 2
(0,1,3,4,5,2) : 305
(0,1,3,5) : 1
(0,1,3,5,2,4) : 16
(0,1,3,5,4,2) : 89
(0,1,4) : 5
(0,1,4,2) : 1
(0,1,4,2,3,5) : 41
(0,1,4,2,5,3) : 19
(0,1,4,3) : 1
(0,1,4,3,2) : 1
(0,1,4,3,2,5) : 50
(0,1,4,3,5,2) : 86
(0,1,4,5,2) : 1
(0,1,4,5,2,3) : 43
(0,1,4,5,3,2) : 96
(0,1,5) : 5
(0,1,5,2,3,4) : 13
(0,1,5,2,4,3) : 17
(0,1,5,3,2,4) : 15
(0,1,5,3,4,2) : 32
(0,1,5,4,2) : 1
(0,1,5,4,2,3) : 31
(0,1,5,4,3,2) : 60
(0,2) : 214
(0,2,1) : 32
(0,2,1,3) : 4
(0,2,1,3,4) : 1
(0,2,1,3,4,5) : 200
(0,2,1,3,5) : 1
(0,2,1,3,5,4) : 58
(0,2,1,4) : 1
(0,2,1,4,3) : 1
(0,2,1,4,3,5) : 72
(0,2,1,4,5,3) : 62
(0,2,1,5,3,4) : 18
(0,2,1,5,4,3) : 45
(0,2,3) : 5
(0,2,3,1) : 4
(0,2,3,1,4,5) : 94
(0,2,3,1,5,4) : 25
(0,2,3,4,1,5) : 26
(0,2,3,4,5,1) : 47
(0,2,3,5,1) : 1
(0,2,3,5,1,4) : 12
(0,2,3,5,4,1) : 25
(0,2,4) : 8
(0,2,4,1) : 1
(0,2,4,1,3,5) : 24
(0,2,4,1,5) : 2
(0,2,4,1,5,3) : 36
(0,2,4,3) : 2
(0,2,4,3,1) : 1
(0,2,4,3,1,5) : 25
(0,2,4,3,5,1) : 16
(0,2,4,5) : 1
(0,2,4,5,1) : 1
(0,2,4,5,1,3) : 56
(0,2,4,5,3,1) : 61
(0,2,5) : 6
(0,2,5,1) : 1
(0,2,5,1,3,4) : 32
(0,2,5,1,4) : 1
(0,2,5,1,4,3) : 21
(0,2,5,3,1,4) : 9
(0,2,5,3,4,1) : 12
(0,2,5,4,1) : 2
(0,2,5,4,1,3) : 67
(0,2,5,4,3,1) : 53
(0,3) : 64
(0,3,1) : 12
(0,3,1,2) : 5
(0,3,1,2,4,5) : 114
(0,3,1,2,5,4) : 30
(0,3,1,4,2,5) : 61
(0,3,1,4,5) : 1
(0,3,1,4,5,2) : 50
(0,3,1,5,2) : 1
(0,3,1,5,2,4) : 2
(0,3,1,5,4,2) : 17
(0,3,2) : 3
(0,3,2,1) : 1
(0,3,2,1,4,5) : 61
(0,3,2,1,5,4) : 16
(0,3,2,4,1,5) : 7
(0,3,2,4,5,1) : 11
(0,3,2,5,1,4) : 3
(0,3,2,5,4,1) : 2
(0,3,4) : 4
(0,3,4,1) : 1
(0,3,4,1,2) : 1
(0,3,4,1,2,5) : 28
(0,3,4,1,5,2) : 16
(0,3,4,2,1,5) : 17
(0,3,4,2,5,1) : 4
(0,3,4,5,1,2) : 37
(0,3,4,5,2,1) : 25
(0,3,5) : 2
(0,3,5,1,2,4) : 6
(0,3,5,1,4,2) : 3
(0,3,5,2,1,4) : 5
(0,3,5,2,4,1) : 3
(0,3,5,4) : 1
(0,3,5,4,1,2) : 19
(0,3,5,4,2,1) : 6
(0,4) : 27
(0,4,1) : 4
(0,4,1,2,3,5) : 25
(0,4,1,2,5) : 1
(0,4,1,2,5,3) : 12
(0,4,1,3,2,5) : 10
(0,4,1,3,5,2) : 14
(0,4,1,5,2,3) : 10
(0,4,1,5,3,2) : 10
(0,4,2) : 1
(0,4,2,1,3,5) : 15
(0,4,2,1,5) : 1
(0,4,2,1,5,3) : 17
(0,4,2,3,1,5) : 8
(0,4,2,3,5,1) : 4
(0,4,2,5) : 1
(0,4,2,5,1,3) : 5
(0,4,2,5,3,1) : 6
(0,4,3,1) : 1
(0,4,3,1,2,5) : 18
(0,4,3,1,5,2) : 7
(0,4,3,2,1,5) : 13
(0,4,3,2,5,1) : 3
(0,4,3,5,1,2) : 16
(0,4,3,5,2,1) : 7
(0,4,5) : 2
(0,4,5,1,2) : 1
(0,4,5,1,2,3) : 25
(0,4,5,1,3,2) : 4
(0,4,5,2) : 1
(0,4,5,2,1,3) : 14
(0,4,5,2,3,1) : 6
(0,4,5,3) : 1
(0,4,5,3,1,2) : 20
(0,4,5,3,2,1) : 21
(0,5) : 20
(0,5,1) : 1
(0,5,1,2) : 1
(0,5,1,2,3,4) : 12
(0,5,1,2,4,3) : 9
(0,5,1,3,2,4) : 7
(0,5,1,3,4,2) : 1
(0,5,1,4,2,3) : 12
(0,5,1,4,3,2) : 5
(0,5,2) : 3
(0,5,2,1) : 1
(0,5,2,1,3,4) : 9
(0,5,2,1,4,3) : 19
(0,5,2,3,1,4) : 2
(0,5,2,3,4,1) : 4
(0,5,2,4,1,3) : 10
(0,5,2,4,3) : 1
(0,5,2,4,3,1) : 6
(0,5,3,1,2,4) : 4
(0,5,3,1,4,2) : 2
(0,5,3,2,1,4) : 4
(0,5,3,2,4,1) : 3
(0,5,3,4,1,2) : 7
(0,5,3,4,2,1) : 6
(0,5,4) : 1
(0,5,4,1) : 1
(0,5,4,1,2,3) : 16
(0,5,4,1,3,2) : 4
(0,5,4,2,1,3) : 11
(0,5,4,2,3,1) : 7
(0,5,4,3,1,2) : 21
(0,5,4,3,2,1) : 17
(1) : 11315
(1,0) : 451
(1,0,2) : 27
(1,0,2,3) : 4
(1,0,2,3,4) : 5
(1,0,2,3,4,5) : 322
(1,0,2,3,5,4) : 55
(1,0,2,4,3) : 2
(1,0,2,4,3,5) : 41
(1,0,2,4,5) : 2
(1,0,2,4,5,3) : 56
(1,0,2,5,3,4) : 11
(1,0,2,5,4,3) : 24
(1,0,3) : 58
(1,0,3,2) : 15
(1,0,3,2,4) : 2
(1,0,3,2,4,5) : 205
(1,0,3,2,5) : 1
(1,0,3,2,5,4) : 45
(1,0,3,4) : 3
(1,0,3,4,2) : 2
(1,0,3,4,2,5) : 163
(1,0,3,4,5) : 4
(1,0,3,4,5,2) : 508
(1,0,3,5) : 3
(1,0,3,5,2) : 1
(1,0,3,5,2,4) : 18
(1,0,3,5,4) : 1
(1,0,3,5,4,2) : 137
(1,0,4) : 9
(1,0,4,2,3) : 1
(1,0,4,2,3,5) : 34
(1,0,4,2,5,3) : 21
(1,0,4,3) : 1
(1,0,4,3,2) : 1
(1,0,4,3,2,5) : 72
(1,0,4,3,5) : 4
(1,0,4,3,5,2) : 122
(1,0,4,5) : 1
(1,0,4,5,2) : 3
(1,0,4,5,2,3) : 74
(1,0,4,5,3,2) : 152
(1,0,5) : 6
(1,0,5,2,3) : 1
(1,0,5,2,3,4) : 15
(1,0,5,2,4,3) : 10
(1,0,5,3,2,4) : 12
(1,0,5,3,4,2) : 29
(1,0,5,4,2,3) : 18
(1,0,5,4,3) : 2
(1,0,5,4,3,2) : 81
(1,2) : 71
(1,2,0) : 17
(1,2,0,3) : 3
(1,2,0,3,4) : 1
(1,2,0,3,4,5) : 90
(1,2,0,3,5,4) : 15
(1,2,0,4) : 2
(1,2,0,4,3) : 1
(1,2,0,4,3,5) : 26
(1,2,0,4,5,3) : 25
(1,2,0,5,3,4) : 7
(1,2,0,5,4,3) : 18
(1,2,3) : 7
(1,2,3,0) : 1
(1,2,3,0,4) : 2
(1,2,3,0,4,5) : 39
(1,2,3,0,5,4) : 11
(1,2,3,4) : 1
(1,2,3,4,0) : 2
(1,2,3,4,0,5) : 16
(1,2,3,4,5) : 1
(1,2,3,4,5,0) : 38
(1,2,3,5,0,4) : 2
(1,2,3,5,4,0) : 6
(1,2,4,0,3,5) : 9
(1,2,4,0,5) : 1
(1,2,4,0,5,3) : 4
(1,2,4,3,0,5) : 3
(1,2,4,3,5) : 1
(1,2,4,3,5,0) : 2
(1,2,4,5,0,3) : 3
(1,2,4,5,3,0) : 4
(1,2,5,0,3,4) : 3
(1,2,5,0,4,3) : 1
(1,2,5,3,0,4) : 1
(1,2,5,4,0,3) : 3
(1,2,5,4,3,0) : 6
(1,3) : 2660
(1,3,0) : 104
(1,3,0,2) : 7
(1,3,0,2,4) : 1
(1,3,0,2,4,5) : 225
(1,3,0,2,5) : 1
(1,3,0,2,5,4) : 45
(1,3,0,4) : 1
(1,3,0,4,2) : 1
(1,3,0,4,2,5) : 155
(1,3,0,4,5) : 10
(1,3,0,4,5,2) : 390
(1,3,0,5) : 2
(1,3,0,5,2) : 1
(1,3,0,5,2,4) : 19
(1,3,0,5,4) : 2
(1,3,0,5,4,2) : 160
(1,3,2) : 9
(1,3,2,0,4,5) : 68
(1,3,2,0,5,4) : 14
(1,3,2,4,0,5) : 17
(1,3,2,4,5) : 1
(1,3,2,4,5,0) : 22
(1,3,2,5) : 1
(1,3,2,5,0,4) : 5
(1,3,2,5,4,0) : 3
(1,3,4) : 21
(1,3,4,0) : 3
(1,3,4,0,2) : 2
(1,3,4,0,2,5) : 79
(1,3,4,0,5) : 4
(1,3,4,0,5,2) : 154
(1,3,4,2) : 1
(1,3,4,2,0,5) : 15
(1,3,4,2,5) : 1
(1,3,4,2,5,0) : 6
(1,3,4,5) : 6
(1,3,4,5,0) : 17
(1,3,4,5,0,2) : 419
(1,3,4,5,2) : 4
(1,3,4,5,2,0) : 88
(1,3,5) : 14
(1,3,5,0) : 1
(1,3,5,0,2) : 2
(1,3,5,0,2,4) : 18
(1,3,5,0,4) : 2
(1,3,5,0,4,2) : 55
(1,3,5,2,0,4) : 4
(1,3,5,2,4,0) : 9
(1,3,5,4) : 2
(1,3,5,4,0) : 4
(1,3,5,4,0,2) : 104
(1,3,5,4,2,0) : 43
(1,4) : 67
(1,4,0) : 6
(1,4,0,2,3,5) : 24
(1,4,0,2,5,3) : 10
(1,4,0,3) : 2
(1,4,0,3,2) : 1
(1,4,0,3,2,5) : 31
(1,4,0,3,5,2) : 41
(1,4,0,5,2,3) : 14
(1,4,0,5,3,2) : 28
(1,4,2) : 1
(1,4,2,0,3,5) : 8
(1,4,2,0,5,3) : 5
(1,4,2,3,0,5) : 7
(1,4,2,3,5) : 1
(1,4,2,3,5,0) : 3
(1,4,2,5,0,3) : 3
(1,4,2,5,3,0) : 3
(1,4,3) : 8
(1,4,3,0) : 2
(1,4,3,0,2) : 1
(1,4,3,0,2,5) : 17
(1,4,3,0,5) : 2
(1,4,3,0,5,2) : 38
(1,4,3,2,0) : 1
(1,4,3,2,0,5) : 13
(1,4,3,2,5,0) : 5
(1,4,3,5) : 1
(1,4,3,5,0,2) : 14
(1,4,3,5,2) : 1
(1,4,3,5,2,0) : 10
(1,4,5) : 2
(1,4,5,0,2,3) : 10
(1,4,5,0,3,2) : 22
(1,4,5,2,0,3) : 4
(1,4,5,2,3,0) : 6
(1,4,5,3,0,2) : 33
(1,4,5,3,2,0) : 21
(1,5) : 30
(1,5,0) : 6
(1,5,0,2) : 1
(1,5,0,2,3,4) : 6
(1,5,0,2,4,3) : 6
(1,5,0,3,2) : 1
(1,5,0,3,2,4) : 3
(1,5,0,3,4,2) : 19
(1,5,0,4,2,3) : 7
(1,5,0,4,3,2) : 22
(1,5,2,0,4,3) : 6
(1,5,2,3,0,4) : 2
(1,5,2,3,4,0) : 2
(1,5,2,4,0,3) : 1
(1,5,3) : 2
(1,5,3,0) : 1
(1,5,3,0,2,4) : 7
(1,5,3,0,4) : 1
(1,5,3,0,4,2) : 19
(1,5,3,2,0,4) : 3
(1,5,3,2,4,0) : 2
(1,5,3,4,0,2) : 11
(1,5,3,4,2,0) : 6
(1,5,4) : 2
(1,5,4,0,2,3) : 9
(1,5,4,0,3,2) : 18
(1,5,4,2,0,3) : 2
(1,5,4,3,0,2) : 18
(1,5,4,3,2,0) : 23
(2) : 9091
(2,0) : 294
(2,0,1) : 22
(2,0,1,3) : 4
(2,0,1,3,4) : 1
(2,0,1,3,4,5) : 196
(2,0,1,3,5,4) : 52
(2,0,1,4,3,5) : 49
(2,0,1,4,5,3) : 63
(2,0,1,5,3,4) : 20
(2,0,1,5,4,3) : 47
(2,0,3) : 20
(2,0,3,1) : 3
(2,0,3,1,4) : 1
(2,0,3,1,4,5) : 96
(2,0,3,1,5,4) : 18
(2,0,3,4) : 1
(2,0,3,4,1) : 1
(2,0,3,4,1,5) : 29
(2,0,3,4,5,1) : 51
(2,0,3,5,1,4) : 11
(2,0,3,5,4,1) : 24
(2,0,4) : 9
(2,0,4,1,3) : 1
(2,0,4,1,3,5) : 48
(2,0,4,1,5,3) : 25
(2,0,4,3,1,5) : 27
(2,0,4,3,5,1) : 23
(2,0,4,5,1) : 7
(2,0,4,5,1,3) : 95
(2,0,4,5,3,1) : 87
(2,0,5) : 11
(2,0,5,1) : 2
(2,0,5,1,3,4) : 38
(2,0,5,1,4,3) : 22
(2,0,5,3,1,4) : 14
(2,0,5,3,4,1) : 20
(2,0,5,4) : 1
(2,0,5,4,1) : 4
(2,0,5,4,1,3) : 91
(2,0,5,4,3) : 1
(2,0,5,4,3,1) : 114
(2,1) : 59
(2,1,0) : 20
(2,1,0,3) : 7
(2,1,0,3,4) : 3
(2,1,0,3,4,5) : 103
(2,1,0,3,5,4) : 24
(2,1,0,4,3,5) : 24
(2,1,0,4,5,3) : 24
(2,1,0,5,3,4) : 8
(2,1,0,5,4,3) : 27
(2,1,3) : 5
(2,1,3,0) : 2
(2,1,3,0,4) : 1
(2,1,3,0,4,5) : 25
(2,1,3,0,5,4) : 6
(2,1,3,4,0,5) : 7
(2,1,3,4,5,0) : 24
(2,1,3,5,0,4) : 2
(2,1,3,5,4,0) : 2
(2,1,4) : 1
(2,1,4,0,3) : 1
(2,1,4,0,3,5) : 4
(2,1,4,0,5) : 1
(2,1,4,0,5,3) : 2
(2,1,4,3,0,5) : 4
(2,1,4,3,5,0) : 4
(2,1,4,5,0,3) : 3
(2,1,4,5,3,0) : 4
(2,1,5,0,3,4) : 1
(2,1,5,0,4,3) : 4
(2,1,5,3,0,4) : 2
(2,1,5,4,0,3) : 1
(2,1,5,4,3,0) : 1
(2,3) : 27
(2,3,0) : 6
(2,3,0,1) : 2
(2,3,0,1,4,5) : 36
(2,3,0,1,5,4) : 10
(2,3,0,4,1,5) : 4
(2,3,0,4,5,1) : 9
(2,3,0,5,1,4) : 4
(2,3,0,5,4,1) : 6
(2,3,1) : 4
(2,3,1,0) : 3
(2,3,1,0,4,5) : 24
(2,3,1,0,5,4) : 12
(2,3,1,4,0,5) : 4
(2,3,1,4,5,0) : 3
(2,3,1,5,0,4) : 1
(2,3,4) : 3
(2,3,4,0,1,5) : 7
(2,3,4,0,5) : 1
(2,3,4,0,5,1) : 3
(2,3,4,1,0,5) : 7
(2,3,4,1,5) : 1
(2,3,4,1,5,0) : 1
(2,3,4,5,0,1) : 18
(2,3,4,5,1,0) : 11
(2,3,5) : 2
(2,3,5,0,1,4) : 1
(2,3,5,1,0,4) : 5
(2,3,5,4,0,1) : 2
(2,3,5,4,1) : 2
(2,3,5,4,1,0) : 4
(2,4) : 22
(2,4,0) : 9
(2,4,0,1) : 2
(2,4,0,1,3,5) : 15
(2,4,0,1,5) : 2
(2,4,0,1,5,3) : 11
(2,4,0,3,1,5) : 5
(2,4,0,3,5,1) : 3
(2,4,0,5,1) : 1
(2,4,0,5,1,3) : 15
(2,4,0,5,3,1) : 13
(2,4,1,0,3,5) : 5
(2,4,1,0,5) : 1
(2,4,1,0,5,3) : 1
(2,4,1,3,0,5) : 1
(2,4,1,3,5,0) : 2
(2,4,1,5,0,3) : 2
(2,4,3,0,1,5) : 3
(2,4,3,0,5,1) : 2
(2,4,3,1,0,5) : 2
(2,4,3,1,5) : 1
(2,4,3,1,5,0) : 2
(2,4,3,5,0,1) : 4
(2,4,3,5,1,0) : 3
(2,4,5) : 2
(2,4,5,0,1) : 3
(2,4,5,0,1,3) : 8
(2,4,5,0,3,1) : 11
(2,4,5,1,0) : 1
(2,4,5,1,0,3) : 7
(2,4,5,1,3,0) : 1
(2,4,5,3,0,1) : 9
(2,4,5,3,1) : 1
(2,4,5,3,1,0) : 9
(2,5) : 48
(2,5,0) : 11
(2,5,0,1,3,4) : 32
(2,5,0,1,4) : 1
(2,5,0,1,4,3) : 39
(2,5,0,3,1,4) : 8
(2,5,0,3,4,1) : 3
(2,5,0,4) : 1
(2,5,0,4,1,3) : 64
(2,5,0,4,3,1) : 27
(2,5,1) : 1
(2,5,1,0,3,4) : 1
(2,5,1,0,4,3) : 8
(2,5,1,3,0,4) : 2
(2,5,1,3,4,0) : 2
(2,5,1,4,0,3) : 4
(2,5,1,4,3) : 1
(2,5,1,4,3,0) : 4
(2,5,3) : 2
(2,5,3,0,1,4) : 2
(2,5,3,0,4,1) : 1
(2,5,3,1,0,4) : 1
(2,5,3,1,4,0) : 2
(2,5,3,4,0,1) : 3
(2,5,3,4,1,0) : 6
(2,5,4) : 2
(2,5,4,0,1,3) : 24
(2,5,4,0,3,1) : 13
(2,5,4,1,0) : 1
(2,5,4,1,0,3) : 4
(2,5,4,1,3) : 1
(2,5,4,1,3,0) : 5
(2,5,4,3,0,1) : 6
(2,5,4,3,1,0) : 5
(3) : 1413
(3,0) : 46
(3,0,1) : 27
(3,0,1,2) : 3
(3,0,1,2,4) : 1
(3,0,1,2,4,5) : 92
(3,0,1,2,5) : 2
(3,0,1,2,5,4) : 13
(3,0,1,4) : 2
(3,0,1,4,2) : 1
(3,0,1,4,2,5) : 44
(3,0,1,4,5,2) : 42
(3,0,1,5,2,4) : 6
(3,0,1,5,4,2) : 12
(3,0,2) : 7
(3,0,2,1) : 2
(3,0,2,1,4,5) : 17
(3,0,2,1,5,4) : 6
(3,0,2,4,5) : 1
(3,0,2,4,5,1) : 1
(3,0,2,5,4,1) : 1
(3,0,4,1,2,5) : 21
(3,0,4,1,5) : 1
(3,0,4,1,5,2) : 8
(3,0,4,2,1,5) : 5
(3,0,4,2,5,1) : 1
(3,0,4,5) : 1
(3,0,4,5,1,2) : 9
(3,0,4,5,2,1) : 7
(3,0,5,1) : 1
(3,0,5,1,2,4) : 1
(3,0,5,1,4,2) : 1
(3,0,5,4,1,2) : 5
(3,0,5,4,2,1) : 1
(3,1) : 336
(3,1,0) : 47
(3,1,0,2) : 3
(3,1,0,2,4,5) : 110
(3,1,0,2,5,4) : 18
(3,1,0,4,2,5) : 102
(3,1,0,4,5) : 1
(3,1,0,4,5,2) : 108
(3,1,0,5,2) : 3
(3,1,0,5,2,4) : 11
(3,1,0,5,4,2) : 32
(3,1,2) : 7
(3,1,2,0) : 2
(3,1,2,0,4,5) : 33
(3,1,2,0,5,4) : 7
(3,1,2,4,0,5) : 2
(3,1,2,4,5,0) : 8
(3,1,2,5,0,4) : 1
(3,1,2,5,4,0) : 2
(3,1,4) : 5
(3,1,4,0,2,5) : 30
(3,1,4,0,5,2) : 33
(3,1,4,2,0,5) : 8
(3,1,4,2,5,0) : 3
(3,1,4,5) : 1
(3,1,4,5,0) : 1
(3,1,4,5,0,2) : 20
(3,1,4,5,2,0) : 9
(3,1,5) : 3
(3,1,5,0,2,4) : 7
(3,1,5,0,4,2) : 5
(3,1,5,4,0,2) : 20
(3,1,5,4,2,0) : 4
(3,2) : 15
(3,2,0) : 1
(3,2,0,1) : 2
(3,2,0,1,4,5) : 23
(3,2,0,1,5,4) : 1
(3,2,0,4,1,5) : 3
(3,2,0,4,5,1) : 1
(3,2,0,5,1,4) : 2
(3,2,0,5,4,1) : 3
(3,2,1) : 2
(3,2,1,0,4) : 1
(3,2,1,0,4,5) : 34
(3,2,1,0,5,4) : 5
(3,2,1,4,5) : 1
(3,2,1,4,5,0) : 4
(3,2,1,5) : 1
(3,2,1,5,0,4) : 1
(3,2,1,5,4) : 1
(3,2,4,0,1,5) : 3
(3,2,4,0,5,1) : 2
(3,2,4,1,0,5) : 3
(3,2,4,1,5,0) : 2
(3,2,4,5,0,1) : 1
(3,2,4,5,1,0) : 2
(3,2,5,0,1,4) : 1
(3,2,5,1,0,4) : 1
(3,2,5,4,1,0) : 3
(3,4) : 14
(3,4,0) : 3
(3,4,0,1,2,5) : 14
(3,4,0,1,5,2) : 5
(3,4,0,2,1,5) : 4
(3,4,0,5,1,2) : 5
(3,4,0,5,2,1) : 1
(3,4,1) : 1
(3,4,1,0,2) : 1
(3,4,1,0,2,5) : 10
(3,4,1,0,5,2) : 3
(3,4,1,2,0,5) : 1
(3,4,1,2,5,0) : 2
(3,4,1,5,0,2) : 1
(3,4,1,5,2,0) : 1
(3,4,2) : 1
(3,4,2,0,1) : 1
(3,4,2,0,5,1) : 1
(3,4,2,1,0,5) : 2
(3,4,2,1,5,0) : 1
(3,4,2,5,0,1) : 1
(3,4,2,5,1,0) : 1
(3,4,5,0,1,2) : 6
(3,4,5,0,2,1) : 1
(3,4,5,1,0,2) : 4
(3,4,5,1,2,0) : 3
(3,4,5,2,0) : 1
(3,4,5,2,1,0) : 4
(3,5) : 7
(3,5,0,1,2,4) : 3
(3,5,0,1,4,2) : 4
(3,5,0,2,1,4) : 1
(3,5,0,2,4,1) : 1
(3,5,0,4) : 1
(3,5,0,4,2,1) : 1
(3,5,1,0,2,4) : 1
(3,5,1,0,4,2) : 1
(3,5,1,2,0) : 1
(3,5,1,4,0,2) : 2
(3,5,2,0,1,4) : 3
(3,5,2,1,0,4) : 1
(3,5,4) : 1
(3,5,4,0,1) : 1
(3,5,4,0,1,2) : 3
(3,5,4,0,2,1) : 2
(3,5,4,1,0,2) : 4
(3,5,4,2,1,0) : 6
(4) : 375
(4,0) : 9
(4,0,1,2,3,5) : 7
(4,0,1,2,5) : 1
(4,0,1,2,5,3) : 5
(4,0,1,3,2,5) : 1
(4,0,1,3,5,2) : 2
(4,0,1,5,2,3) : 1
(4,0,1,5,3,2) : 3
(4,0,2) : 1
(4,0,2,1,3,5) : 3
(4,0,2,1,5,3) : 1
(4,0,2,3,1,5) : 1
(4,0,2,3,5,1) : 1
(4,0,2,5,1,3) : 3
(4,0,3,5,1,2) : 1
(4,0,5) : 1
(4,0,5,1,2,3) : 2
(4,0,5,2,3,1) : 1
(4,0,5,3,1,2) : 1
(4,0,5,3,2,1) : 3
(4,1) : 13
(4,1,0,2,3) : 1
(4,1,0,2,3,5) : 9
(4,1,0,2,5) : 1
(4,1,0,2,5,3) : 4
(4,1,0,3,2,5) : 1
(4,1,0,3,5,2) : 2
(4,1,0,5,2,3) : 2
(4,1,0,5,3,2) : 2
(4,1,2,0,3,5) : 3
(4,1,3,0,2,5) : 3
(4,1,3,0,5,2) : 2
(4,1,3,2,0,5) : 1
(4,1,3,5,2,0) : 1
(4,1,5) : 1
(4,1,5,0,2,3) : 1
(4,1,5,0,3) : 1
(4,1,5,2,3) : 1
(4,1,5,3,0,2) : 2
(4,2) : 7
(4,2,0,1,3,5) : 8
(4,2,0,1,5,3) : 2
(4,2,0,3,1,5) : 1
(4,2,0,5,1,3) : 2
(4,2,0,5,3,1) : 1
(4,2,1,0,3,5) : 1
(4,2,1,0,5,3) : 3
(4,2,1,3,5,0) : 1
(4,2,3,5,0,1) : 1
(4,2,5,0,1,3) : 1
(4,2,5,1,0,3) : 1
(4,3) : 5
(4,3,0,1) : 1
(4,3,0,1,2,5) : 5
(4,3,0,2,1,5) : 1
(4,3,0,5,2,1) : 1
(4,3,1) : 1
(4,3,1,0,2,5) : 3
(4,3,1,0,5,2) : 3
(4,3,1,2,0,5) : 1
(4,3,1,5,0) : 1
(4,3,1,5,0,2) : 2
(4,3,2,1,0,5) : 2
(4,3,2,1,5,0) : 1
(4,3,2,5,1,0) : 2
(4,3,5,0,1,2) : 1
(4,3,5,2,1,0) : 1
(4,5) : 2
(4,5,0,1,2,3) : 3
(4,5,0,1,3,2) : 3
(4,5,0,3,1,2) : 3
(4,5,1,0,3,2) : 3
(4,5,1,2,3,0) : 2
(4,5,1,3,2,0) : 1
(4,5,2,0,3,1) : 2
(4,5,2,1,0,3) : 1
(4,5,2,3,0,1) : 1
(4,5,3) : 1
(4,5,3,0) : 1
(4,5,3,0,1,2) : 9
(4,5,3,0,2,1) : 1
(4,5,3,1,0,2) : 2
(4,5,3,2,0,1) : 1
(4,5,3,2,1,0) : 7
(5) : 404
(5,0) : 17
(5,0,1) : 5
(5,0,1,2) : 1
(5,0,1,2,3,4) : 9
(5,0,1,2,4,3) : 17
(5,0,1,3,4,2) : 5
(5,0,1,4,2,3) : 4
(5,0,1,4,3,2) : 3
(5,0,2) : 6
(5,0,2,1) : 1
(5,0,2,1,3,4) : 9
(5,0,2,1,4,3) : 22
(5,0,2,4,1) : 1
(5,0,2,4,1,3) : 12
(5,0,2,4,3,1) : 1
(5,0,3,1,2,4) : 2
(5,0,3,2,4,1) : 2
(5,0,4,1,2,3) : 5
(5,0,4,1,3,2) : 2
(5,0,4,2,1,3) : 3
(5,0,4,2,3,1) : 2
(5,0,4,3,1,2) : 1
(5,0,4,3,2,1) : 3
(5,1) : 10
(5,1,0) : 1
(5,1,0,2) : 1
(5,1,0,2,3,4) : 7
(5,1,0,2,4,3) : 7
(5,1,0,3,2,4) : 4
(5,1,0,3,4,2) : 4
(5,1,0,4,2,3) : 6
(5,1,0,4,3,2) : 4
(5,1,2) : 1
(5,1,2,0,4,3) : 4
(5,1,2,3,0,4) : 1
(5,1,2,4,0,3) : 2
(5,1,3,0,2,4) : 4
(5,1,3,0,4,2) : 3
(5,1,3,2,0,4) : 1
(5,1,3,2,4,0) : 1
(5,1,3,4,0,2) : 2
(5,1,3,4,2,0) : 1
(5,1,4,0,2,3) : 2
(5,1,4,0,3,2) : 1
(5,1,4,3,0,2) : 1
(5,1,4,3,2,0) : 2
(5,2) : 34
(5,2,0) : 13
(5,2,0,1) : 26
(5,2,0,1,3,4) : 20
(5,2,0,1,4,3) : 47
(5,2,0,3,1,4) : 3
(5,2,0,3,4,1) : 1
(5,2,0,4,1,3) : 50
(5,2,0,4,3,1) : 7
(5,2,1,0,3,4) : 6
(5,2,1,0,4,3) : 4
(5,2,1,3,0,4) : 1
(5,2,1,4,3,0) : 1
(5,2,3,0,1,4) : 1
(5,2,3,1,0,4) : 2
(5,2,3,1,4,0) : 1
(5,2,3,4,0,1) : 1
(5,2,3,4,1,0) : 1
(5,2,4,0,1,3) : 7
(5,2,4,0,3,1) : 3
(5,2,4,1,0,3) : 1
(5,2,4,3,0,1) : 1
(5,2,4,3,1,0) : 3
(5,3) : 2
(5,3,0,1,2,4) : 2
(5,3,0,2,4,1) : 1
(5,3,1,0,2,4) : 2
(5,3,1,0,4,2) : 1
(5,3,1,4,0,2) : 1
(5,3,2) : 1
(5,3,2,0,4,1) : 1
(5,3,2,1,0,4) : 1
(5,3,2,4,0,1) : 1
(5,3,4,1,0,2) : 1
(5,3,4,2) : 1
(5,3,4,2,1,0) : 1
(5,4,0,1,2) : 1
(5,4,0,1,2,3) : 5
(5,4,0,2,1,3) : 4
(5,4,0,3,1,2) : 3
(5,4,0,3,2,1) : 3
(5,4,1,0,2,3) : 4
(5,4,1,0,3,2) : 1
(5,4,1,2,0,3) : 1
(5,4,1,2,3,0) : 2
(5,4,1,3,0,2) : 2
(5,4,2) : 1
(5,4,2,0,1,3) : 1
(5,4,2,0,3,1) : 2
(5,4,2,1,0,3) : 1
(5,4,2,3,1,0) : 1
(5,4,3,0,1,2) : 4
(5,4,3,1,0,2) : 4
(5,4,3,1,2,0) : 4
(5,4,3,2,0,1) : 1
(5,4,3,2,1,0) : 10
