0, 1, 2, 3, 4, 5
CLP,NLT,CDP,IND,GRN,LIB
-+-+-+-+-
() : 165
(0) : 6600
(0,1) : 44
(0,1,2) : 6
(0,1,2,3) : 2
(0,1,2,3,4) : 14
(0,1,2,3,4,5) : 311
(0,1,2,3,5,4) : 16
(0,1,2,4,3) : 1
(0,1,2,4,3,5) : 18
(0,1,2,4,5,3) : 3
(0,1,2,5,3,4) : 2
(0,1,3) : 2
(0,1,3,2,4,5) : 60
(0,1,3,2,5) : 1
(0,1,3,2,5,4) : 15
(0,1,3,4) : 3
(0,1,3,4,2,5) : 60
(0,1,3,4,5) : 3
(0,1,3,4,5,2) : 39
(0,1,3,5,2,4) : 17
(0,1,3,5,4,2) : 22
(0,1,4) : 3
(0,1,4,2,3,5) : 22
(0,1,4,2,5,3) : 2
(0,1,4,3) : 1
(0,1,4,3,2,5) : 41
(0,1,4,3,5,2) : 10
(0,1,4,5) : 1
(0,1,4,5,3,2) : 6
(0,1,5) : 1
(0,1,5,2,3,4) : 5
(0,1,5,3,2,4) : 5
(0,1,5,3,4,2) : 11
(0,1,5,4,3) : 1
(0,1,5,4,3,2) : 10
(0,2) : 21
(0,2,1) : 1
(0,2,1,3) : 1
(0,2,1,3,4) : 2
(0,2,1,3,4,5) : 45
(0,2,1,3,5,4) : 7
(0,2,1,4,3,5) : 11
(0,2,1,4,5) : 1
(0,2,1,4,5,3) : 3
(0,2,1,5,4) : 1
(0,2,1,5,4,3) : 5
(0,2,3) : 5
(0,2,3,1,4,5) : 33
(0,2,3,1,5,4) : 8
(0,2,3,4) : 1
(0,2,3,4,1) : 1
(0,2,3,4,1,5) : 30
(0,2,3,4,5,1) : 15
(0,2,3,5,1,4) : 8
(0,2,3,5,4,1) : 8
(0,2,4) : 5
(0,2,4,1) : 1
(0,2,4,1,3,5) : 6
(0,2,4,1,5) : 1
(0,2,4,1,5,3) : 2
(0,2,4,3) : 1
(0,2,4,3,1,5) : 16
(0,2,4,3,5,1) : 5
(0,2,4,5) : 2
(0,2,4,5,1,3) : 7
(0,2,4,5,3) : 1
(0,2,4,5,3,1) : 7
(0,2,5) : 1
(0,2,5,1,3,4) : 5
(0,2,5,3,1,4) : 2
(0,2,5,3,4,1) : 7
(0,2,5,4,1) : 1
(0,2,5,4,1,3) : 1
(0,2,5,4,3,1) : 9
(0,3) : 111
(0,3,1) : 4
(0,3,1,2,4,5) : 126
(0,3,1,2,5,4) : 25
(0,3,1,4,2,5) : 65
(0,3,1,4,5) : 2
(0,3,1,4,5,2) : 26
(0,3,1,5) : 1
(0,3,1,5,2,4) : 14
(0,3,1,5,4) : 1
(0,3,1,5,4,2) : 17
(0,3,2) : 8
(0,3,2,1) : 4
(0,3,2,1,4) : 2
(0,3,2,1,4,5) : 66
(0,3,2,1,5,4) : 18
(0,3,2,4) : 2
(0,3,2,4,1) : 1
(0,3,2,4,1,5) : 39
(0,3,2,4,5) : 4
(0,3,2,4,5,1) : 28
(0,3,2,5) : 2
(0,3,2,5,1,4) : 7
(0,3,2,5,4,1) : 8
(0,3,4) : 33
(0,3,4,1) : 1
(0,3,4,1,2,5) : 199
(0,3,4,1,5) : 3
(0,3,4,1,5,2) : 68
(0,3,4,2,1,5) : 159
(0,3,4,2,5,1) : 39
(0,3,4,5) : 9
(0,3,4,5,1) : 1
(0,3,4,5,1,2) : 116
(0,3,4,5,2) : 2
(0,3,4,5,2,1) : 71
(0,3,5) : 11
(0,3,5,1) : 1
(0,3,5,1,2) : 1
(0,3,5,1,2,4) : 39
(0,3,5,1,4) : 2
(0,3,5,1,4,2) : 19
(0,3,5,2,1) : 1
(0,3,5,2,1,4) : 20
(0,3,5,2,4) : 1
(0,3,5,2,4,1) : 17
(0,3,5,4) : 1
(0,3,5,4,1,2) : 54
(0,3,5,4,2) : 1
(0,3,5,4,2,1) : 76
(0,4) : 181
(0,4,1) : 1
(0,4,1,2,3,5) : 54
(0,4,1,2,5,3) : 8
(0,4,1,3,2,5) : 55
(0,4,1,3,5) : 1
(0,4,1,3,5,2) : 40
(0,4,1,5) : 1
(0,4,1,5,2,3) : 7
(0,4,1,5,3,2) : 4
(0,4,2) : 5
(0,4,2,1) : 1
(0,4,2,1,3,5) : 28
(0,4,2,1,5) : 2
(0,4,2,1,5,3) : 1
(0,4,2,3,1,5) : 22
(0,4,2,3,5,1) : 10
(0,4,2,5,1,3) : 1
(0,4,2,5,3) : 1
(0,4,2,5,3,1) : 4
(0,4,3) : 46
(0,4,3,1) : 2
(0,4,3,1,2,5) : 254
(0,4,3,1,5) : 2
(0,4,3,1,5,2) : 141
(0,4,3,2) : 2
(0,4,3,2,1) : 7
(0,4,3,2,1,5) : 1737
(0,4,3,2,5,1) : 33
(0,4,3,5) : 2
(0,4,3,5,1) : 3
(0,4,3,5,1,2) : 119
(0,4,3,5,2,1) : 65
(0,4,5) : 17
(0,4,5,1,2) : 1
(0,4,5,1,2,3) : 18
(0,4,5,1,3,2) : 20
(0,4,5,2) : 1
(0,4,5,2,1,3) : 8
(0,4,5,2,3,1) : 7
(0,4,5,3,1) : 1
(0,4,5,3,1,2) : 64
(0,4,5,3,2,1) : 42
(0,5) : 156
(0,5,1) : 3
(0,5,1,2,3) : 1
(0,5,1,2,3,4) : 43
(0,5,1,2,4,3) : 9
(0,5,1,3,2,4) : 19
(0,5,1,3,4,2) : 30
(0,5,1,4) : 1
(0,5,1,4,2,3) : 3
(0,5,1,4,3,2) : 12
(0,5,2) : 4
(0,5,2,1,3) : 1
(0,5,2,1,3,4) : 12
(0,5,2,1,4,3) : 5
(0,5,2,3) : 1
(0,5,2,3,1,4) : 13
(0,5,2,3,4,1) : 12
(0,5,2,4,1,3) : 3
(0,5,2,4,3,1) : 15
(0,5,3) : 13
(0,5,3,1,2) : 1
(0,5,3,1,2,4) : 53
(0,5,3,1,4) : 1
(0,5,3,1,4,2) : 33
(0,5,3,2,1,4) : 37
(0,5,3,2,4,1) : 23
(0,5,3,4) : 1
(0,5,3,4,1) : 1
(0,5,3,4,1,2) : 68
(0,5,3,4,2) : 2
(0,5,3,4,2,1) : 77
(0,5,4) : 7
(0,5,4,1,2,3) : 20
(0,5,4,1,3,2) : 18
(0,5,4,2,1,3) : 9
(0,5,4,2,3,1) : 17
(0,5,4,3) : 3
(0,5,4,3,1,2) : 75
(0,5,4,3,2,1) : 90
(1) : 332
(1,0) : 3
(1,0,2) : 1
(1,0,2,3) : 1
(1,0,2,3,4,5) : 14
(1,0,2,3,5,4) : 3
(1,0,2,4,3,5) : 4
(1,0,2,4,5,3) : 1
(1,0,2,5,3,4) : 1
(1,0,3) : 2
(1,0,3,2,4,5) : 4
(1,0,3,2,5,4) : 3
(1,0,3,4,2,5) : 5
(1,0,3,4,5,2) : 4
(1,0,3,5,2,4) : 2
(1,0,3,5,4,2) : 3
(1,0,4) : 2
(1,0,4,2,3,5) : 1
(1,0,4,2,5,3) : 1
(1,0,4,3,2,5) : 3
(1,0,4,3,5,2) : 4
(1,0,5,3,2,4) : 3
(1,0,5,3,4,2) : 2
(1,0,5,4,3,2) : 2
(1,2) : 2
(1,2,0) : 1
(1,2,0,3,4,5) : 4
(1,2,0,3,5,4) : 1
(1,2,0,4,3,5) : 1
(1,2,3,0) : 1
(1,2,3,0,4,5) : 2
(1,2,3,0,5,4) : 2
(1,2,3,4,0,5) : 1
(1,2,3,4,5,0) : 2
(1,2,3,5,4,0) : 1
(1,2,4,0,5,3) : 1
(1,2,5,4,3,0) : 1
(1,3) : 3
(1,3,0,2,4,5) : 4
(1,3,0,2,5,4) : 1
(1,3,0,4,2,5) : 1
(1,3,0,4,5,2) : 1
(1,3,0,5,2,4) : 1
(1,3,2) : 1
(1,3,2,0,4,5) : 3
(1,3,2,0,5,4) : 2
(1,3,2,4,0,5) : 1
(1,3,2,5,0,4) : 2
(1,3,2,5,4) : 1
(1,3,4,0,2,5) : 3
(1,3,4,0,5,2) : 3
(1,3,4,2,0,5) : 3
(1,3,4,2,5) : 1
(1,3,4,2,5,0) : 1
(1,3,4,5,0,2) : 3
(1,3,4,5,2,0) : 2
(1,3,5,0,2,4) : 2
(1,3,5,0,4,2) : 3
(1,3,5,2,0,4) : 1
(1,3,5,4,0,2) : 1
(1,3,5,4,2,0) : 5
(1,4) : 3
(1,4,0,2,3,5) : 1
(1,4,0,3,5,2) : 3
(1,4,0,5,3,2) : 1
(1,4,2,3,5,0) : 1
(1,4,3) : 1
(1,4,3,0,5,2) : 1
(1,4,3,2,0,5) : 3
(1,4,3,2,5,0) : 1
(1,4,3,5,2,0) : 1
(1,4,5) : 1
(1,4,5,0,3,2) : 2
(1,4,5,3,2,0) : 1
(1,5) : 7
(1,5,0,3,2,4) : 1
(1,5,0,3,4,2) : 1
(1,5,2,0,4,3) : 1
(1,5,2,3,0,4) : 1
(1,5,3) : 1
(1,5,3,0,2,4) : 3
(1,5,3,0,4,2) : 2
(1,5,3,2,0,4) : 1
(1,5,3,2,4,0) : 1
(1,5,3,4,0,2) : 1
(1,5,3,4,2,0) : 1
(1,5,4,0,2,3) : 2
(1,5,4,0,3,2) : 1
(2) : 477
(2,0) : 9
(2,0,1,3,4,5) : 8
(2,0,1,3,5,4) : 3
(2,0,1,4,5,3) : 1
(2,0,1,5) : 1
(2,0,1,5,3,4) : 1
(2,0,1,5,4,3) : 3
(2,0,3) : 2
(2,0,3,1) : 1
(2,0,3,1,5,4) : 2
(2,0,3,4) : 1
(2,0,3,4,1,5) : 8
(2,0,3,4,5,1) : 4
(2,0,3,5,1,4) : 2
(2,0,3,5,4,1) : 8
(2,0,4) : 1
(2,0,4,1,3,5) : 1
(2,0,4,3,1,5) : 4
(2,0,4,3,5,1) : 1
(2,0,4,5,1,3) : 1
(2,0,4,5,3,1) : 2
(2,0,5) : 2
(2,0,5,1) : 1
(2,0,5,1,3,4) : 3
(2,0,5,3,1,4) : 6
(2,0,5,3,4,1) : 5
(2,0,5,4) : 1
(2,0,5,4,3,1) : 3
(2,1,0,3,4,5) : 8
(2,1,0,3,5,4) : 3
(2,1,3,0,4,5) : 6
(2,1,3,4,0) : 1
(2,1,3,4,0,5) : 1
(2,1,3,4,5) : 1
(2,1,3,4,5,0) : 1
(2,1,3,5,0,4) : 3
(2,1,4,0,5,3) : 1
(2,1,4,3,0,5) : 2
(2,1,4,3,5,0) : 1
(2,1,4,5,0,3) : 1
(2,1,5,0) : 1
(2,1,5,3,0,4) : 2
(2,1,5,3,4,0) : 1
(2,1,5,4,3,0) : 1
(2,3) : 12
(2,3,0) : 4
(2,3,0,1,4,5) : 2
(2,3,0,1,5,4) : 3
(2,3,0,4,1) : 1
(2,3,0,4,1,5) : 2
(2,3,0,4,5,1) : 2
(2,3,0,5,1,4) : 5
(2,3,0,5,4,1) : 5
(2,3,1) : 3
(2,3,1,0,4,5) : 4
(2,3,1,0,5,4) : 2
(2,3,1,4,0,5) : 1
(2,3,1,4,5,0) : 2
(2,3,1,5,0,4) : 11
(2,3,1,5,4,0) : 2
(2,3,4) : 1
(2,3,4,0,1,5) : 2
(2,3,4,1,0,5) : 2
(2,3,4,1,5,0) : 1
(2,3,4,5,0) : 2
(2,3,4,5,0,1) : 3
(2,3,4,5,1,0) : 6
(2,3,5) : 87
(2,3,5,0,1,4) : 21
(2,3,5,0,4,1) : 7
(2,3,5,1) : 1
(2,3,5,1,0) : 1
(2,3,5,1,0,4) : 19
(2,3,5,1,4,0) : 3
(2,3,5,4) : 1
(2,3,5,4,0,1) : 2
(2,3,5,4,1,0) : 5
(2,4) : 2
(2,4,0,1) : 1
(2,4,0,5,3,1) : 1
(2,4,3,0,5,1) : 1
(2,4,3,5,0,1) : 1
(2,4,3,5,1,0) : 1
(2,4,5,0,1,3) : 1
(2,4,5,0,3,1) : 1
(2,4,5,1,0,3) : 2
(2,4,5,3,1,0) : 2
(2,5) : 55
(2,5,0) : 3
(2,5,0,1,3,4) : 13
(2,5,0,3,1,4) : 22
(2,5,0,3,4,1) : 11
(2,5,0,4,3,1) : 5
(2,5,1,0,3,4) : 4
(2,5,1,3,0,4) : 6
(2,5,1,3,4,0) : 1
(2,5,3) : 24
(2,5,3,0,1,4) : 33
(2,5,3,0,4,1) : 15
(2,5,3,1) : 1
(2,5,3,1,0,4) : 52
(2,5,3,1,4,0) : 5
(2,5,3,4,0) : 1
(2,5,3,4,0,1) : 4
(2,5,3,4,1,0) : 10
(2,5,4,0,1,3) : 1
(2,5,4,0,3,1) : 3
(2,5,4,3,0,1) : 3
(2,5,4,3,1,0) : 5
(3) : 2187
(3,0) : 49
(3,0,1) : 2
(3,0,1,2,4) : 1
(3,0,1,2,4,5) : 54
(3,0,1,2,5,4) : 17
(3,0,1,4) : 1
(3,0,1,4,2,5) : 31
(3,0,1,4,5) : 2
(3,0,1,4,5,2) : 17
(3,0,1,5,2,4) : 12
(3,0,1,5,4,2) : 14
(3,0,2) : 3
(3,0,2,1,4,5) : 23
(3,0,2,1,5) : 1
(3,0,2,1,5,4) : 13
(3,0,2,4,1,5) : 23
(3,0,2,4,5) : 1
(3,0,2,4,5,1) : 17
(3,0,2,5,1,4) : 8
(3,0,2,5,4,1) : 8
(3,0,4) : 14
(3,0,4,1,2,5) : 49
(3,0,4,1,5,2) : 28
(3,0,4,2,1,5) : 29
(3,0,4,2,5,1) : 10
(3,0,4,5) : 3
(3,0,4,5,1,2) : 32
(3,0,4,5,2) : 1
(3,0,4,5,2,1) : 35
(3,0,5) : 11
(3,0,5,1,2) : 2
(3,0,5,1,2,4) : 28
(3,0,5,1,4,2) : 23
(3,0,5,2,1) : 2
(3,0,5,2,1,4) : 19
(3,0,5,2,4,1) : 12
(3,0,5,4) : 1
(3,0,5,4,1,2) : 29
(3,0,5,4,2) : 1
(3,0,5,4,2,1) : 45
(3,1) : 8
(3,1,0,2) : 1
(3,1,0,2,4) : 1
(3,1,0,2,4,5) : 16
(3,1,0,2,5,4) : 6
(3,1,0,4,2,5) : 6
(3,1,0,4,5) : 1
(3,1,0,4,5,2) : 6
(3,1,0,5,2,4) : 5
(3,1,0,5,4,2) : 8
(3,1,2) : 2
(3,1,2,0,4,5) : 13
(3,1,2,0,5,4) : 9
(3,1,2,4,0,5) : 6
(3,1,2,4,5,0) : 3
(3,1,2,5,0,4) : 1
(3,1,2,5,4,0) : 3
(3,1,4) : 1
(3,1,4,0) : 1
(3,1,4,0,2,5) : 4
(3,1,4,0,5) : 2
(3,1,4,0,5,2) : 3
(3,1,4,2,0,5) : 8
(3,1,4,5,0,2) : 1
(3,1,4,5,2,0) : 1
(3,1,5) : 2
(3,1,5,0,2,4) : 7
(3,1,5,0,4) : 1
(3,1,5,0,4,2) : 4
(3,1,5,2,4,0) : 2
(3,1,5,4,0,2) : 2
(3,1,5,4,2,0) : 3
(3,2) : 22
(3,2,0) : 4
(3,2,0,1) : 1
(3,2,0,1,4,5) : 23
(3,2,0,1,5,4) : 346
(3,2,0,4,1,5) : 5
(3,2,0,4,5) : 1
(3,2,0,4,5,1) : 6
(3,2,0,5,1,4) : 11
(3,2,0,5,4) : 1
(3,2,0,5,4,1) : 6
(3,2,1) : 2
(3,2,1,0) : 1
(3,2,1,0,4,5) : 17
(3,2,1,0,5,4) : 17
(3,2,1,4,0,5) : 6
(3,2,1,4,5,0) : 4
(3,2,1,5,0,4) : 8
(3,2,1,5,4,0) : 5
(3,2,4) : 1
(3,2,4,0,1,5) : 5
(3,2,4,0,5) : 1
(3,2,4,0,5,1) : 2
(3,2,4,1,0,5) : 7
(3,2,4,1,5,0) : 2
(3,2,4,5,0,1) : 5
(3,2,4,5,1,0) : 6
(3,2,5) : 13
(3,2,5,0,1,4) : 35
(3,2,5,0,4) : 1
(3,2,5,0,4,1) : 8
(3,2,5,1,0) : 1
(3,2,5,1,0,4) : 33
(3,2,5,1,4,0) : 5
(3,2,5,4,0,1) : 3
(3,2,5,4,1,0) : 3
(3,4) : 16
(3,4,0) : 5
(3,4,0,1,2,5) : 30
(3,4,0,1,5) : 2
(3,4,0,1,5,2) : 18
(3,4,0,2,1) : 1
(3,4,0,2,1,5) : 15
(3,4,0,2,5) : 1
(3,4,0,2,5,1) : 2
(3,4,0,5) : 1
(3,4,0,5,1) : 1
(3,4,0,5,1,2) : 24
(3,4,0,5,2) : 1
(3,4,0,5,2,1) : 11
(3,4,1,0,2,5) : 14
(3,4,1,0,5) : 1
(3,4,1,0,5,2) : 14
(3,4,1,2,0,5) : 8
(3,4,1,2,5,0) : 2
(3,4,1,5,0,2) : 4
(3,4,1,5,2,0) : 2
(3,4,2,0,1,5) : 6
(3,4,2,0,5,1) : 1
(3,4,2,1,0) : 1
(3,4,2,1,0,5) : 10
(3,4,2,1,5,0) : 6
(3,4,2,5,0,1) : 1
(3,4,5) : 1
(3,4,5,0,1,2) : 25
(3,4,5,0,2,1) : 13
(3,4,5,1,0) : 1
(3,4,5,1,0,2) : 8
(3,4,5,1,2,0) : 1
(3,4,5,2,0,1) : 5
(3,4,5,2,1,0) : 13
(3,5) : 118
(3,5,0) : 15
(3,5,0,1,2) : 2
(3,5,0,1,2,4) : 74
(3,5,0,1,4,2) : 28
(3,5,0,2) : 1
(3,5,0,2,1,4) : 28
(3,5,0,2,4,1) : 23
(3,5,0,4) : 1
(3,5,0,4,1,2) : 28
(3,5,0,4,2,1) : 33
(3,5,1) : 3
(3,5,1,0,2,4) : 23
(3,5,1,0,4) : 1
(3,5,1,0,4,2) : 9
(3,5,1,2,0,4) : 15
(3,5,1,2,4,0) : 8
(3,5,1,4,0) : 1
(3,5,1,4,0,2) : 6
(3,5,1,4,2,0) : 5
(3,5,2) : 3
(3,5,2,0) : 2
(3,5,2,0,1,4) : 28
(3,5,2,0,4) : 2
(3,5,2,0,4,1) : 22
(3,5,2,1,0) : 1
(3,5,2,1,0,4) : 38
(3,5,2,1,4,0) : 15
(3,5,2,4,0,1) : 10
(3,5,2,4,1,0) : 8
(3,5,4) : 4
(3,5,4,0,1) : 1
(3,5,4,0,1,2) : 21
(3,5,4,0,2,1) : 13
(3,5,4,1,0,2) : 10
(3,5,4,1,2,0) : 8
(3,5,4,2) : 1
(3,5,4,2,0,1) : 8
(3,5,4,2,1,0) : 28
(4) : 1038
(4,0) : 100
(4,0,1) : 1
(4,0,1,2,3,5) : 16
(4,0,1,2,5,3) : 4
(4,0,1,3,2,5) : 19
(4,0,1,3,5,2) : 25
(4,0,1,5,2) : 1
(4,0,1,5,2,3) : 3
(4,0,1,5,3,2) : 6
(4,0,2,1,3,5) : 5
(4,0,2,1,5,3) : 1
(4,0,2,3,1,5) : 5
(4,0,2,3,5,1) : 5
(4,0,2,5,1,3) : 1
(4,0,2,5,3,1) : 2
(4,0,3) : 17
(4,0,3,1,2,5) : 74
(4,0,3,1,5) : 1
(4,0,3,1,5,2) : 88
(4,0,3,2,1) : 1
(4,0,3,2,1,5) : 29
(4,0,3,2,5) : 1
(4,0,3,2,5,1) : 139
(4,0,3,5) : 1
(4,0,3,5,1,2) : 93
(4,0,3,5,2,1) : 30
(4,0,5) : 5
(4,0,5,1,2,3) : 8
(4,0,5,1,3,2) : 12
(4,0,5,2,1,3) : 2
(4,0,5,2,3,1) : 5
(4,0,5,3) : 2
(4,0,5,3,1,2) : 39
(4,0,5,3,2,1) : 22
(4,1) : 10
(4,1,0) : 1
(4,1,0,2,3,5) : 4
(4,1,0,2,5,3) : 1
(4,1,0,3,2,5) : 6
(4,1,0,3,5,2) : 3
(4,1,0,5,2,3) : 3
(4,1,0,5,3,2) : 5
(4,1,2,0,3,5) : 2
(4,1,2,0,5,3) : 1
(4,1,2,3,0,5) : 3
(4,1,2,3,5,0) : 3
(4,1,3,0,2,5) : 4
(4,1,3,0,5) : 1
(4,1,3,0,5,2) : 8
(4,1,3,2,0,5) : 1
(4,1,3,5,0,2) : 1
(4,1,3,5,2,0) : 1
(4,1,5,0,3,2) : 2
(4,1,5,2,3,0) : 1
(4,2) : 5
(4,2,0,1,3,5) : 5
(4,2,0,3,1,5) : 1
(4,2,1) : 1
(4,2,1,0,3,5) : 1
(4,2,1,3,0,5) : 1
(4,2,3,0) : 1
(4,2,3,0,1,5) : 1
(4,2,3,0,5,1) : 2
(4,2,3,1,0,5) : 1
(4,2,3,5,1,0) : 1
(4,2,5,0,1) : 1
(4,2,5,0,3) : 1
(4,2,5,0,3,1) : 1
(4,2,5,3,0,1) : 2
(4,3) : 20
(4,3,0) : 10
(4,3,0,1,2,5) : 33
(4,3,0,1,5,2) : 39
(4,3,0,2,1,5) : 5
(4,3,0,2,5,1) : 7
(4,3,0,5) : 1
(4,3,0,5,1) : 2
(4,3,0,5,1,2) : 37
(4,3,0,5,2,1) : 13
(4,3,1,0,2,5) : 11
(4,3,1,0,5,2) : 17
(4,3,1,2) : 1
(4,3,1,2,0,5) : 12
(4,3,1,5,0,2) : 6
(4,3,1,5,2) : 1
(4,3,1,5,2,0) : 1
(4,3,2) : 1
(4,3,2,0,1,5) : 2
(4,3,2,0,5,1) : 1
(4,3,2,1,0,5) : 9
(4,3,2,1,5,0) : 2
(4,3,2,5,0,1) : 1
(4,3,5) : 1
(4,3,5,0) : 2
(4,3,5,0,1,2) : 14
(4,3,5,0,2,1) : 6
(4,3,5,1,0,2) : 9
(4,3,5,1,2,0) : 2
(4,3,5,2,0,1) : 1
(4,3,5,2,1) : 1
(4,3,5,2,1,0) : 5
(4,5) : 24
(4,5,0) : 6
(4,5,0,1,2,3) : 3
(4,5,0,1,3,2) : 12
(4,5,0,2,1,3) : 2
(4,5,0,2,3,1) : 2
(4,5,0,3,1) : 1
(4,5,0,3,1,2) : 21
(4,5,0,3,2) : 1
(4,5,0,3,2,1) : 8
(4,5,1,0,3,2) : 5
(4,5,1,3,0,2) : 2
(4,5,1,3,2,0) : 2
(4,5,2,0,3,1) : 3
(4,5,2,1,0,3) : 2
(4,5,2,3,0,1) : 2
(4,5,2,3,1,0) : 1
(4,5,3) : 2
(4,5,3,0,1,2) : 20
(4,5,3,0,2,1) : 8
(4,5,3,1,0,2) : 6
(4,5,3,1,2,0) : 9
(4,5,3,2,0,1) : 2
(4,5,3,2,1) : 1
(4,5,3,2,1,0) : 15
(5) : 18638
(5,0) : 230
(5,0,1) : 10
(5,0,1,2,3) : 4
(5,0,1,2,3,4) : 160
(5,0,1,2,4,3) : 19
(5,0,1,3,2) : 1
(5,0,1,3,2,4) : 71
(5,0,1,3,4) : 1
(5,0,1,3,4,2) : 44
(5,0,1,4,2,3) : 7
(5,0,1,4,3) : 2
(5,0,1,4,3,2) : 27
(5,0,2) : 9
(5,0,2,1,3,4) : 26
(5,0,2,1,4,3) : 13
(5,0,2,3) : 1
(5,0,2,3,1) : 1
(5,0,2,3,1,4) : 47
(5,0,2,3,4) : 1
(5,0,2,3,4,1) : 31
(5,0,2,4,1,3) : 11
(5,0,2,4,3,1) : 11
(5,0,3) : 37
(5,0,3,1) : 1
(5,0,3,1,2) : 1
(5,0,3,1,2,4) : 83
(5,0,3,1,4) : 2
(5,0,3,1,4,2) : 72
(5,0,3,2) : 3
(5,0,3,2,1,4) : 66
(5,0,3,2,4,1) : 33
(5,0,3,4) : 5
(5,0,3,4,1) : 3
(5,0,3,4,1,2) : 107
(5,0,3,4,2) : 1
(5,0,3,4,2,1) : 94
(5,0,4) : 12
(5,0,4,1,2,3) : 13
(5,0,4,1,3,2) : 29
(5,0,4,2,1,3) : 8
(5,0,4,2,3,1) : 13
(5,0,4,3,1,2) : 64
(5,0,4,3,2) : 2
(5,0,4,3,2,1) : 54
(5,1) : 59
(5,1,0) : 3
(5,1,0,2,3,4) : 26
(5,1,0,2,4,3) : 6
(5,1,0,3,2) : 1
(5,1,0,3,2,4) : 22
(5,1,0,3,4) : 1
(5,1,0,3,4,2) : 14
(5,1,0,4,2,3) : 4
(5,1,0,4,3) : 1
(5,1,0,4,3,2) : 7
(5,1,2) : 2
(5,1,2,0,3,4) : 11
(5,1,2,0,4,3) : 3
(5,1,2,3,0,4) : 23
(5,1,2,3,4) : 1
(5,1,2,3,4,0) : 23
(5,1,2,4,0,3) : 2
(5,1,2,4,3,0) : 4
(5,1,3) : 2
(5,1,3,0,2,4) : 32
(5,1,3,0,4) : 4
(5,1,3,0,4,2) : 15
(5,1,3,2,0,4) : 41
(5,1,3,2,4) : 1
(5,1,3,2,4,0) : 28
(5,1,3,4,0) : 4
(5,1,3,4,0,2) : 14
(5,1,3,4,2,0) : 22
(5,1,4) : 1
(5,1,4,0,2,3) : 2
(5,1,4,0,3,2) : 5
(5,1,4,2,0,3) : 4
(5,1,4,2,3,0) : 3
(5,1,4,3) : 1
(5,1,4,3,0,2) : 5
(5,1,4,3,2) : 1
(5,1,4,3,2,0) : 8
(5,2) : 814
(5,2,0) : 8
(5,2,0,1,3,4) : 43
(5,2,0,1,4,3) : 12
(5,2,0,3,1,4) : 40
(5,2,0,3,4) : 1
(5,2,0,3,4,1) : 30
(5,2,0,4,1,3) : 8
(5,2,0,4,3,1) : 12
(5,2,1) : 3
(5,2,1,0) : 1
(5,2,1,0,3,4) : 29
(5,2,1,0,4,3) : 7
(5,2,1,3) : 1
(5,2,1,3,0) : 1
(5,2,1,3,0,4) : 46
(5,2,1,3,4,0) : 42
(5,2,1,4,0) : 1
(5,2,1,4,0,3) : 1
(5,2,1,4,3,0) : 14
(5,2,3) : 36
(5,2,3,0) : 3
(5,2,3,0,1) : 1
(5,2,3,0,1,4) : 78
(5,2,3,0,4) : 2
(5,2,3,0,4,1) : 65
(5,2,3,1) : 1
(5,2,3,1,0) : 5
(5,2,3,1,0,4) : 153
(5,2,3,1,4,0) : 87
(5,2,3,4) : 3
(5,2,3,4,0) : 3
(5,2,3,4,0,1) : 47
(5,2,3,4,1,0) : 70
(5,2,4) : 3
(5,2,4,0,1,3) : 3
(5,2,4,0,3,1) : 2
(5,2,4,1,0,3) : 3
(5,2,4,1,3,0) : 6
(5,2,4,3,0,1) : 6
(5,2,4,3,1,0) : 21
(5,3) : 339
(5,3,0) : 30
(5,3,0,1,2) : 3
(5,3,0,1,2,4) : 160
(5,3,0,1,4,2) : 58
(5,3,0,2) : 1
(5,3,0,2,1,4) : 55
(5,3,0,2,4,1) : 51
(5,3,0,4) : 2
(5,3,0,4,1,2) : 85
(5,3,0,4,2,1) : 67
(5,3,1) : 12
(5,3,1,0) : 3
(5,3,1,0,2,4) : 93
(5,3,1,0,4) : 10
(5,3,1,0,4,2) : 52
(5,3,1,2) : 1
(5,3,1,2,0,4) : 100
(5,3,1,2,4,0) : 80
(5,3,1,4,0) : 4
(5,3,1,4,0,2) : 29
(5,3,1,4,2,0) : 37
(5,3,2) : 20
(5,3,2,0) : 2
(5,3,2,0,1,4) : 83
(5,3,2,0,4,1) : 49
(5,3,2,1,0) : 2
(5,3,2,1,0,4) : 194
(5,3,2,1,4) : 1
(5,3,2,1,4,0) : 83
(5,3,2,4,0,1) : 33
(5,3,2,4,1,0) : 44
(5,3,4) : 9
(5,3,4,0) : 2
(5,3,4,0,1,2) : 86
(5,3,4,0,2,1) : 32
(5,3,4,1,0) : 3
(5,3,4,1,0,2) : 44
(5,3,4,1,2) : 1
(5,3,4,1,2,0) : 40
(5,3,4,2,0) : 2
(5,3,4,2,0,1) : 42
(5,3,4,2,1) : 1
(5,3,4,2,1,0) : 120
(5,4) : 83
(5,4,0) : 8
(5,4,0,1,2) : 1
(5,4,0,1,2,3) : 32
(5,4,0,1,3,2) : 16
(5,4,0,2,1,3) : 5
(5,4,0,2,3,1) : 6
(5,4,0,3) : 1
(5,4,0,3,1) : 2
(5,4,0,3,1,2) : 36
(5,4,0,3,2,1) : 32
(5,4,1) : 3
(5,4,1,0,2,3) : 15
(5,4,1,0,3) : 2
(5,4,1,0,3,2) : 5
(5,4,1,2,0,3) : 1
(5,4,1,2,3,0) : 6
(5,4,1,3,0,2) : 6
(5,4,1,3,2,0) : 6
(5,4,2) : 1
(5,4,2,0,1) : 1
(5,4,2,0,1,3) : 9
(5,4,2,0,3,1) : 1
(5,4,2,1,0,3) : 12
(5,4,2,1,3) : 1
(5,4,2,1,3,0) : 6
(5,4,2,3,0,1) : 7
(5,4,2,3,1,0) : 17
(5,4,3) : 13
(5,4,3,0) : 3
(5,4,3,0,1,2) : 61
(5,4,3,0,2,1) : 32
(5,4,3,1,0,2) : 40
(5,4,3,1,2,0) : 21
(5,4,3,2) : 1
(5,4,3,2,0,1) : 17
(5,4,3,2,1) : 3
(5,4,3,2,1,0) : 198
