0, 1, 2, 3, 4, 5
GRN,NLT,NP,CLP,CDP,AJP
-+-+-+-+-
() : 162
(0) : 3226
(0,1) : 21
(0,1,2) : 3
(0,1,2,3) : 1
(0,1,2,3,4) : 3
(0,1,2,3,4,5) : 56
(0,1,2,3,5,4) : 6
(0,1,2,4,5,3) : 1
(0,1,2,5,3,4) : 3
(0,1,2,5,4,3) : 1
(0,1,3) : 1
(0,1,3,2) : 2
(0,1,3,2,4) : 1
(0,1,3,2,4,5) : 10
(0,1,3,2,5,4) : 8
(0,1,3,4,2,5) : 2
(0,1,3,4,5,2) : 26
(0,1,3,5) : 2
(0,1,3,5,2,4) : 15
(0,1,3,5,4,2) : 52
(0,1,4,2,3,5) : 1
(0,1,4,2,5,3) : 1
(0,1,4,3,2,5) : 4
(0,1,4,3,5,2) : 2
(0,1,4,5,2) : 3
(0,1,4,5,2,3) : 2
(0,1,4,5,3,2) : 15
(0,1,5) : 3
(0,1,5,2,3) : 1
(0,1,5,2,3,4) : 6
(0,1,5,2,4,3) : 3
(0,1,5,3) : 1
(0,1,5,3,2,4) : 21
(0,1,5,3,4,2) : 51
(0,1,5,4,2,3) : 9
(0,1,5,4,3,2) : 53
(0,2) : 62
(0,2,1) : 3
(0,2,1,3,4) : 1
(0,2,1,3,4,5) : 27
(0,2,1,3,5,4) : 19
(0,2,1,4,3,5) : 4
(0,2,1,4,5) : 1
(0,2,1,4,5,3) : 8
(0,2,1,5,3,4) : 7
(0,2,1,5,4,3) : 5
(0,2,3) : 13
(0,2,3,1,4,5) : 34
(0,2,3,1,5,4) : 29
(0,2,3,4,1) : 1
(0,2,3,4,1,5) : 16
(0,2,3,4,5,1) : 15
(0,2,3,5,1,4) : 28
(0,2,3,5,4,1) : 6
(0,2,4) : 2
(0,2,4,1,3) : 1
(0,2,4,1,3,5) : 5
(0,2,4,1,5,3) : 4
(0,2,4,3,1,5) : 11
(0,2,4,3,5,1) : 5
(0,2,4,5) : 1
(0,2,4,5,1,3) : 4
(0,2,4,5,3,1) : 5
(0,2,5) : 6
(0,2,5,1,3,4) : 12
(0,2,5,1,4,3) : 6
(0,2,5,3,1,4) : 9
(0,2,5,3,4,1) : 11
(0,2,5,4,1) : 1
(0,2,5,4,1,3) : 4
(0,2,5,4,3,1) : 6
(0,3) : 355
(0,3,1) : 13
(0,3,1,2,4,5) : 29
(0,3,1,2,5,4) : 34
(0,3,1,4,2) : 1
(0,3,1,4,2,5) : 4
(0,3,1,4,5) : 2
(0,3,1,4,5,2) : 80
(0,3,1,5) : 4
(0,3,1,5,2) : 2
(0,3,1,5,2,4) : 78
(0,3,1,5,4) : 2
(0,3,1,5,4,2) : 319
(0,3,2) : 31
(0,3,2,1,4) : 1
(0,3,2,1,4,5) : 54
(0,3,2,1,5,4) : 73
(0,3,2,4,1,5) : 23
(0,3,2,4,5,1) : 33
(0,3,2,5) : 3
(0,3,2,5,1,4) : 73
(0,3,2,5,4,1) : 23
(0,3,4) : 3
(0,3,4,1,2,5) : 7
(0,3,4,1,5,2) : 83
(0,3,4,2) : 1
(0,3,4,2,1,5) : 11
(0,3,4,2,5,1) : 10
(0,3,4,5) : 2
(0,3,4,5,1,2) : 148
(0,3,4,5,2) : 1
(0,3,4,5,2,1) : 18
(0,3,5) : 87
(0,3,5,1) : 15
(0,3,5,1,2) : 3
(0,3,5,1,2,4) : 395
(0,3,5,1,4) : 8
(0,3,5,1,4,2) : 4614
(0,3,5,2) : 2
(0,3,5,2,1,4) : 110
(0,3,5,2,4) : 2
(0,3,5,2,4,1) : 25
(0,3,5,4) : 2
(0,3,5,4,1,2) : 361
(0,3,5,4,2) : 2
(0,3,5,4,2,1) : 35
(0,4) : 5
(0,4,1,2,3,5) : 4
(0,4,1,2,5,3) : 3
(0,4,1,3,5,2) : 6
(0,4,1,5,2,3) : 4
(0,4,1,5,3,2) : 6
(0,4,2) : 1
(0,4,2,1,3,5) : 1
(0,4,2,1,5,3) : 2
(0,4,2,3,1,5) : 6
(0,4,2,3,5,1) : 4
(0,4,2,5,1,3) : 1
(0,4,3) : 1
(0,4,3,1,2,5) : 2
(0,4,3,1,5,2) : 18
(0,4,3,2,1) : 1
(0,4,3,2,1,5) : 5
(0,4,3,2,5,1) : 2
(0,4,3,5,1,2) : 14
(0,4,3,5,2,1) : 3
(0,4,5) : 2
(0,4,5,1,2,3) : 7
(0,4,5,1,3,2) : 16
(0,4,5,2,3,1) : 3
(0,4,5,3,1,2) : 13
(0,4,5,3,2,1) : 1
(0,5) : 83
(0,5,1) : 6
(0,5,1,2,3) : 1
(0,5,1,2,3,4) : 26
(0,5,1,2,4,3) : 9
(0,5,1,3,2) : 1
(0,5,1,3,2,4) : 62
(0,5,1,3,4,2) : 153
(0,5,1,4,2,3) : 13
(0,5,1,4,3,2) : 77
(0,5,2) : 1
(0,5,2,1,3,4) : 8
(0,5,2,1,4,3) : 2
(0,5,2,3) : 1
(0,5,2,3,1,4) : 14
(0,5,2,3,4,1) : 2
(0,5,2,4,1,3) : 1
(0,5,2,4,3,1) : 1
(0,5,3) : 21
(0,5,3,1) : 1
(0,5,3,1,2) : 1
(0,5,3,1,2,4) : 107
(0,5,3,1,4) : 1
(0,5,3,1,4,2) : 344
(0,5,3,2) : 1
(0,5,3,2,1,4) : 33
(0,5,3,2,4) : 1
(0,5,3,2,4,1) : 7
(0,5,3,4) : 1
(0,5,3,4,1,2) : 70
(0,5,3,4,2,1) : 3
(0,5,4) : 1
(0,5,4,1) : 1
(0,5,4,1,2,3) : 5
(0,5,4,1,3,2) : 35
(0,5,4,2,3,1) : 2
(0,5,4,3) : 1
(0,5,4,3,1) : 1
(0,5,4,3,1,2) : 30
(0,5,4,3,2,1) : 6
(1) : 316
(1,0) : 6
(1,0,2,3,4,5) : 4
(1,0,2,3,5,4) : 1
(1,0,2,5,3,4) : 1
(1,0,3) : 1
(1,0,3,2,4,5) : 3
(1,0,3,2,5,4) : 1
(1,0,3,4,5,2) : 5
(1,0,3,5,2,4) : 3
(1,0,3,5,4,2) : 5
(1,0,4,2,3,5) : 1
(1,0,4,5,2,3) : 1
(1,0,4,5,3,2) : 1
(1,0,5,2,3,4) : 1
(1,0,5,3) : 1
(1,0,5,3,2,4) : 3
(1,0,5,3,4,2) : 3
(1,0,5,4,2,3) : 1
(1,0,5,4,3,2) : 7
(1,2) : 11
(1,2,0) : 1
(1,2,0,3,4,5) : 4
(1,2,0,3,5,4) : 4
(1,2,0,4,5,3) : 1
(1,2,3) : 4
(1,2,3,0,4,5) : 5
(1,2,3,4,0,5) : 1
(1,2,3,4,5) : 1
(1,2,3,4,5,0) : 8
(1,2,3,5,4,0) : 2
(1,2,4) : 1
(1,2,4,0,5,3) : 1
(1,2,4,3,0,5) : 1
(1,2,4,3,5,0) : 1
(1,2,4,5,0,3) : 1
(1,2,4,5,3,0) : 4
(1,2,5,0,3,4) : 1
(1,2,5,3,0,4) : 1
(1,2,5,3,4,0) : 2
(1,2,5,4,0,3) : 2
(1,2,5,4,3,0) : 2
(1,3) : 3
(1,3,0,2,4,5) : 2
(1,3,0,4,5,2) : 1
(1,3,0,5,4,2) : 1
(1,3,2,0,4,5) : 1
(1,3,2,0,5,4) : 4
(1,3,2,4,5,0) : 1
(1,3,2,5,4,0) : 3
(1,3,4,0,5,2) : 1
(1,3,4,2,5,0) : 2
(1,3,4,5,0,2) : 2
(1,3,4,5,2,0) : 1
(1,3,5) : 1
(1,3,5,0,2,4) : 2
(1,3,5,0,4,2) : 2
(1,3,5,2,0,4) : 3
(1,3,5,4,0,2) : 2
(1,3,5,4,2,0) : 1
(1,4,0,2,3,5) : 1
(1,4,2) : 1
(1,4,2,0,3,5) : 2
(1,4,2,3,0,5) : 1
(1,4,2,3,5,0) : 1
(1,4,3,0,2,5) : 1
(1,4,3,0,5,2) : 1
(1,4,3,2,5,0) : 1
(1,4,3,5,0,2) : 5
(1,4,3,5,2,0) : 1
(1,4,5,0,2,3) : 2
(1,4,5,0,3,2) : 3
(1,4,5,2,3,0) : 2
(1,4,5,3,0,2) : 2
(1,4,5,3,2,0) : 3
(1,5) : 2
(1,5,0) : 1
(1,5,0,2,3,4) : 6
(1,5,0,3,2,4) : 1
(1,5,0,3,4,2) : 2
(1,5,0,4,2,3) : 1
(1,5,0,4,3,2) : 1
(1,5,2,0,3,4) : 2
(1,5,2,3,0,4) : 1
(1,5,3) : 1
(1,5,3,0) : 1
(1,5,3,2,0,4) : 1
(1,5,3,2,4,0) : 1
(1,5,3,4,0) : 1
(1,5,3,4,0,2) : 1
(1,5,4,0,2,3) : 4
(1,5,4,0,3,2) : 6
(1,5,4,2,0,3) : 1
(1,5,4,2,3,0) : 2
(1,5,4,3,0,2) : 3
(1,5,4,3,2,0) : 1
(2) : 16560
(2,0) : 88
(2,0,1) : 3
(2,0,1,3,4) : 3
(2,0,1,3,4,5) : 70
(2,0,1,3,5,4) : 28
(2,0,1,4,3,5) : 17
(2,0,1,4,5) : 1
(2,0,1,4,5,3) : 20
(2,0,1,5,3) : 1
(2,0,1,5,3,4) : 7
(2,0,1,5,4,3) : 21
(2,0,3) : 20
(2,0,3,1) : 1
(2,0,3,1,4,5) : 41
(2,0,3,1,5) : 1
(2,0,3,1,5,4) : 34
(2,0,3,4,1,5) : 41
(2,0,3,4,5,1) : 29
(2,0,3,5) : 1
(2,0,3,5,1,4) : 28
(2,0,3,5,4,1) : 15
(2,0,4) : 4
(2,0,4,1,3,5) : 6
(2,0,4,1,5) : 1
(2,0,4,1,5,3) : 7
(2,0,4,3,1) : 1
(2,0,4,3,1,5) : 19
(2,0,4,3,5,1) : 6
(2,0,4,5,1) : 1
(2,0,4,5,1,3) : 13
(2,0,4,5,3,1) : 12
(2,0,5) : 4
(2,0,5,1) : 1
(2,0,5,1,3,4) : 18
(2,0,5,1,4,3) : 13
(2,0,5,3) : 1
(2,0,5,3,1,4) : 12
(2,0,5,3,4,1) : 6
(2,0,5,4,1) : 1
(2,0,5,4,1,3) : 6
(2,0,5,4,3) : 1
(2,0,5,4,3,1) : 13
(2,1) : 43
(2,1,0) : 2
(2,1,0,3) : 1
(2,1,0,3,4) : 2
(2,1,0,3,4,5) : 60
(2,1,0,3,5,4) : 14
(2,1,0,4,3,5) : 3
(2,1,0,4,5) : 1
(2,1,0,4,5,3) : 14
(2,1,0,5,3,4) : 4
(2,1,0,5,4,3) : 12
(2,1,3) : 2
(2,1,3,0,4,5) : 13
(2,1,3,0,5,4) : 10
(2,1,3,4) : 1
(2,1,3,4,0) : 1
(2,1,3,4,0,5) : 18
(2,1,3,4,5,0) : 32
(2,1,3,5) : 1
(2,1,3,5,0,4) : 6
(2,1,3,5,4,0) : 13
(2,1,4) : 1
(2,1,4,0,3,5) : 7
(2,1,4,0,5) : 1
(2,1,4,0,5,3) : 7
(2,1,4,3) : 1
(2,1,4,3,0,5) : 14
(2,1,4,3,5,0) : 22
(2,1,4,5,0,3) : 28
(2,1,4,5,3,0) : 48
(2,1,5) : 1
(2,1,5,0,3,4) : 9
(2,1,5,0,4,3) : 3
(2,1,5,3,0,4) : 7
(2,1,5,3,4,0) : 10
(2,1,5,4,0) : 1
(2,1,5,4,0,3) : 38
(2,1,5,4,3,0) : 41
(2,3) : 180
(2,3,0) : 28
(2,3,0,1) : 1
(2,3,0,1,4) : 2
(2,3,0,1,4,5) : 99
(2,3,0,1,5,4) : 64
(2,3,0,4) : 3
(2,3,0,4,1,5) : 24
(2,3,0,4,5) : 1
(2,3,0,4,5,1) : 28
(2,3,0,5) : 1
(2,3,0,5,1,4) : 26
(2,3,0,5,4) : 1
(2,3,0,5,4,1) : 16
(2,3,1) : 3
(2,3,1,0) : 3
(2,3,1,0,4) : 2
(2,3,1,0,4,5) : 59
(2,3,1,0,5,4) : 27
(2,3,1,4,0,5) : 16
(2,3,1,4,5) : 1
(2,3,1,4,5,0) : 45
(2,3,1,5,0,4) : 15
(2,3,1,5,4,0) : 36
(2,3,4) : 5
(2,3,4,0) : 1
(2,3,4,0,1) : 1
(2,3,4,0,1,5) : 46
(2,3,4,0,5,1) : 11
(2,3,4,1,0) : 2
(2,3,4,1,0,5) : 29
(2,3,4,1,5,0) : 36
(2,3,4,5) : 2
(2,3,4,5,0) : 1
(2,3,4,5,0,1) : 30
(2,3,4,5,1,0) : 73
(2,3,5) : 2
(2,3,5,0,1) : 1
(2,3,5,0,1,4) : 17
(2,3,5,0,4,1) : 3
(2,3,5,1,0) : 1
(2,3,5,1,0,4) : 12
(2,3,5,1,4,0) : 22
(2,3,5,4) : 1
(2,3,5,4,0,1) : 3
(2,3,5,4,1,0) : 21
(2,4) : 178
(2,4,0) : 8
(2,4,0,1,3,5) : 20
(2,4,0,1,5) : 2
(2,4,0,1,5,3) : 19
(2,4,0,3) : 2
(2,4,0,3,1,5) : 23
(2,4,0,3,5,1) : 10
(2,4,0,5,1,3) : 7
(2,4,0,5,3,1) : 6
(2,4,1) : 9
(2,4,1,0,3,5) : 26
(2,4,1,0,5,3) : 18
(2,4,1,3,0) : 1
(2,4,1,3,0,5) : 38
(2,4,1,3,5) : 1
(2,4,1,3,5,0) : 47
(2,4,1,5) : 1
(2,4,1,5,0) : 2
(2,4,1,5,0,3) : 75
(2,4,1,5,3,0) : 100
(2,4,3) : 11
(2,4,3,0,1,5) : 37
(2,4,3,0,5) : 1
(2,4,3,0,5,1) : 13
(2,4,3,1,0,5) : 47
(2,4,3,1,5,0) : 44
(2,4,3,5,0,1) : 5
(2,4,3,5,1,0) : 37
(2,4,5) : 8
(2,4,5,0,1,3) : 19
(2,4,5,0,3) : 1
(2,4,5,0,3,1) : 5
(2,4,5,1,0) : 6
(2,4,5,1,0,3) : 72
(2,4,5,1,3,0) : 79
(2,4,5,3,0,1) : 7
(2,4,5,3,1,0) : 38
(2,5) : 29
(2,5,0) : 2
(2,5,0,1,3) : 1
(2,5,0,1,3,4) : 13
(2,5,0,1,4,3) : 6
(2,5,0,3,1,4) : 7
(2,5,0,3,4,1) : 4
(2,5,0,4,1,3) : 1
(2,5,1) : 3
(2,5,1,0,3) : 1
(2,5,1,0,3,4) : 11
(2,5,1,0,4,3) : 9
(2,5,1,3,0,4) : 5
(2,5,1,3,4) : 1
(2,5,1,3,4,0) : 16
(2,5,1,4,0,3) : 21
(2,5,1,4,3,0) : 19
(2,5,3,0,1,4) : 7
(2,5,3,0,4,1) : 1
(2,5,3,1,0,4) : 7
(2,5,3,1,4) : 2
(2,5,3,1,4,0) : 7
(2,5,3,4,0,1) : 2
(2,5,3,4,1,0) : 11
(2,5,4) : 2
(2,5,4,0,1,3) : 6
(2,5,4,0,3,1) : 2
(2,5,4,1,0,3) : 33
(2,5,4,1,3,0) : 21
(2,5,4,3) : 1
(2,5,4,3,0,1) : 6
(2,5,4,3,1,0) : 26
(3) : 4631
(3,0) : 293
(3,0,1) : 9
(3,0,1,2) : 5
(3,0,1,2,4) : 2
(3,0,1,2,4,5) : 77
(3,0,1,2,5,4) : 54
(3,0,1,4,2) : 3
(3,0,1,4,2,5) : 24
(3,0,1,4,5) : 3
(3,0,1,4,5,2) : 174
(3,0,1,5) : 2
(3,0,1,5,2,4) : 77
(3,0,1,5,4) : 2
(3,0,1,5,4,2) : 264
(3,0,2) : 25
(3,0,2,1,4,5) : 75
(3,0,2,1,5,4) : 60
(3,0,2,4,1,5) : 31
(3,0,2,4,5) : 1
(3,0,2,4,5,1) : 49
(3,0,2,5,1) : 1
(3,0,2,5,1,4) : 58
(3,0,2,5,4,1) : 31
(3,0,4) : 9
(3,0,4,1,2) : 1
(3,0,4,1,2,5) : 25
(3,0,4,1,5,2) : 71
(3,0,4,2,1,5) : 23
(3,0,4,2,5) : 1
(3,0,4,2,5,1) : 12
(3,0,4,5) : 1
(3,0,4,5,1) : 2
(3,0,4,5,1,2) : 162
(3,0,4,5,2,1) : 19
(3,0,5) : 47
(3,0,5,1) : 8
(3,0,5,1,2) : 7
(3,0,5,1,2,4) : 181
(3,0,5,1,4) : 3
(3,0,5,1,4,2) : 680
(3,0,5,2,1) : 4
(3,0,5,2,1,4) : 73
(3,0,5,2,4,1) : 16
(3,0,5,4) : 3
(3,0,5,4,1) : 5
(3,0,5,4,1,2) : 3106
(3,0,5,4,2) : 2
(3,0,5,4,2,1) : 48
(3,1) : 19
(3,1,0,2,4,5) : 14
(3,1,0,2,5,4) : 11
(3,1,0,4,2,5) : 5
(3,1,0,4,5) : 1
(3,1,0,4,5,2) : 31
(3,1,0,5) : 1
(3,1,0,5,2,4) : 7
(3,1,0,5,4,2) : 26
(3,1,2) : 2
(3,1,2,0,4,5) : 12
(3,1,2,0,5,4) : 6
(3,1,2,4,0,5) : 5
(3,1,2,4,5,0) : 6
(3,1,2,5,0,4) : 6
(3,1,2,5,4,0) : 7
(3,1,4,0,2,5) : 3
(3,1,4,0,5) : 1
(3,1,4,0,5,2) : 4
(3,1,4,2,0,5) : 3
(3,1,4,2,5,0) : 3
(3,1,4,5,0,2) : 10
(3,1,4,5,2,0) : 6
(3,1,5) : 2
(3,1,5,0,2,4) : 7
(3,1,5,0,4,2) : 18
(3,1,5,2,0,4) : 3
(3,1,5,2,4,0) : 1
(3,1,5,4,0,2) : 18
(3,1,5,4,2,0) : 8
(3,2) : 119
(3,2,0) : 17
(3,2,0,1) : 1
(3,2,0,1,4,5) : 72
(3,2,0,1,5,4) : 50
(3,2,0,4) : 1
(3,2,0,4,1,5) : 25
(3,2,0,4,5,1) : 23
(3,2,0,5,1,4) : 35
(3,2,0,5,4,1) : 13
(3,2,1) : 1
(3,2,1,0) : 2
(3,2,1,0,4,5) : 61
(3,2,1,0,5,4) : 17
(3,2,1,4,0,5) : 10
(3,2,1,4,5,0) : 26
(3,2,1,5,0,4) : 4
(3,2,1,5,4,0) : 25
(3,2,4) : 5
(3,2,4,0,1) : 1
(3,2,4,0,1,5) : 31
(3,2,4,0,5,1) : 7
(3,2,4,1,0,5) : 17
(3,2,4,1,5,0) : 20
(3,2,4,5,0) : 2
(3,2,4,5,0,1) : 10
(3,2,4,5,1,0) : 34
(3,2,5) : 1
(3,2,5,0) : 1
(3,2,5,0,1,4) : 12
(3,2,5,0,4,1) : 2
(3,2,5,1,0) : 2
(3,2,5,1,0,4) : 15
(3,2,5,1,4,0) : 10
(3,2,5,4,0,1) : 4
(3,2,5,4,1,0) : 16
(3,4) : 15
(3,4,0) : 5
(3,4,0,1,2) : 1
(3,4,0,1,2,5) : 14
(3,4,0,1,5,2) : 44
(3,4,0,2) : 1
(3,4,0,2,1,5) : 10
(3,4,0,2,5,1) : 7
(3,4,0,5) : 1
(3,4,0,5,1,2) : 29
(3,4,0,5,2,1) : 4
(3,4,1) : 2
(3,4,1,0,2) : 1
(3,4,1,0,2,5) : 3
(3,4,1,0,5,2) : 16
(3,4,1,2,0) : 1
(3,4,1,2,0,5) : 3
(3,4,1,2,5,0) : 4
(3,4,1,5,0,2) : 21
(3,4,1,5,2,0) : 6
(3,4,2) : 7
(3,4,2,0,1,5) : 19
(3,4,2,0,5,1) : 6
(3,4,2,1,0,5) : 12
(3,4,2,1,5,0) : 12
(3,4,2,5,0,1) : 3
(3,4,2,5,1,0) : 7
(3,4,5) : 2
(3,4,5,0) : 1
(3,4,5,0,1,2) : 31
(3,4,5,0,2,1) : 1
(3,4,5,1) : 1
(3,4,5,1,0) : 1
(3,4,5,1,0,2) : 36
(3,4,5,1,2,0) : 9
(3,4,5,2,0,1) : 5
(3,4,5,2,1,0) : 25
(3,5) : 23
(3,5,0) : 8
(3,5,0,1,2,4) : 17
(3,5,0,1,4) : 1
(3,5,0,1,4,2) : 55
(3,5,0,2) : 1
(3,5,0,2,1,4) : 10
(3,5,0,2,4,1) : 2
(3,5,0,4,1) : 1
(3,5,0,4,1,2) : 20
(3,5,0,4,2,1) : 2
(3,5,1) : 1
(3,5,1,0,2) : 1
(3,5,1,0,2,4) : 15
(3,5,1,0,4,2) : 25
(3,5,1,2,0) : 1
(3,5,1,2,0,4) : 6
(3,5,1,2,4,0) : 6
(3,5,1,4,0,2) : 7
(3,5,1,4,2) : 1
(3,5,1,4,2,0) : 8
(3,5,2,0,1,4) : 8
(3,5,2,1,0,4) : 6
(3,5,2,1,4,0) : 2
(3,5,2,4,1,0) : 7
(3,5,4,0,1,2) : 14
(3,5,4,0,2,1) : 1
(3,5,4,1,0,2) : 18
(3,5,4,1,2,0) : 9
(3,5,4,2,0,1) : 1
(3,5,4,2,1) : 1
(3,5,4,2,1,0) : 14
(4) : 594
(4,0) : 10
(4,0,1,2,3,5) : 4
(4,0,1,2,5,3) : 1
(4,0,1,3,2,5) : 2
(4,0,1,3,5,2) : 5
(4,0,1,5,2,3) : 1
(4,0,1,5,3,2) : 2
(4,0,2) : 1
(4,0,2,1,3,5) : 2
(4,0,2,1,5,3) : 1
(4,0,2,3,1,5) : 5
(4,0,2,3,5,1) : 1
(4,0,2,5,1,3) : 2
(4,0,2,5,3,1) : 1
(4,0,3) : 1
(4,0,3,1,2,5) : 1
(4,0,3,1,5,2) : 6
(4,0,3,2) : 1
(4,0,3,2,1,5) : 4
(4,0,3,2,5,1) : 1
(4,0,3,5,1,2) : 5
(4,0,3,5,2,1) : 1
(4,0,5,1,2) : 1
(4,0,5,1,3,2) : 3
(4,0,5,3,1,2) : 3
(4,0,5,3,2,1) : 2
(4,1) : 9
(4,1,0,3,5,2) : 2
(4,1,0,5,2,3) : 2
(4,1,0,5,3,2) : 1
(4,1,2) : 1
(4,1,2,0,3,5) : 2
(4,1,2,0,5,3) : 1
(4,1,2,3,0,5) : 3
(4,1,2,3,5,0) : 2
(4,1,2,5,3,0) : 4
(4,1,3,2,0,5) : 1
(4,1,3,2,5,0) : 5
(4,1,3,5,0,2) : 1
(4,1,3,5,2,0) : 3
(4,1,5,0,2,3) : 2
(4,1,5,0,3,2) : 6
(4,1,5,2,3,0) : 2
(4,1,5,3,0,2) : 1
(4,2) : 178
(4,2,0) : 3
(4,2,0,1,3,5) : 5
(4,2,0,1,5) : 1
(4,2,0,1,5,3) : 4
(4,2,0,3,1,5) : 7
(4,2,0,3,5,1) : 3
(4,2,1) : 2
(4,2,1,0,3,5) : 5
(4,2,1,0,5,3) : 3
(4,2,1,3,0) : 1
(4,2,1,3,0,5) : 7
(4,2,1,3,5) : 1
(4,2,1,3,5,0) : 15
(4,2,1,5,0,3) : 9
(4,2,1,5,3,0) : 45
(4,2,3) : 7
(4,2,3,0,1,5) : 17
(4,2,3,0,5) : 1
(4,2,3,0,5,1) : 9
(4,2,3,1,0,5) : 20
(4,2,3,1,5,0) : 32
(4,2,3,5,0,1) : 4
(4,2,3,5,1,0) : 21
(4,2,5) : 4
(4,2,5,0,1,3) : 1
(4,2,5,0,3,1) : 1
(4,2,5,1,0,3) : 7
(4,2,5,1,3,0) : 26
(4,2,5,3,0,1) : 2
(4,2,5,3,1,0) : 9
(4,3) : 21
(4,3,0) : 3
(4,3,0,1,2,5) : 4
(4,3,0,1,5,2) : 7
(4,3,0,2,1,5) : 7
(4,3,0,2,5,1) : 3
(4,3,0,5,1,2) : 4
(4,3,0,5,2,1) : 1
(4,3,1,0,2,5) : 2
(4,3,1,0,5,2) : 7
(4,3,1,2,5,0) : 8
(4,3,1,5,0,2) : 1
(4,3,1,5,2,0) : 7
(4,3,2) : 6
(4,3,2,0,1,5) : 12
(4,3,2,0,5,1) : 2
(4,3,2,1,0,5) : 12
(4,3,2,1,5,0) : 8
(4,3,2,5,0,1) : 4
(4,3,2,5,1,0) : 5
(4,3,5,0,1,2) : 5
(4,3,5,1,0,2) : 3
(4,3,5,1,2,0) : 2
(4,3,5,2,0,1) : 2
(4,3,5,2,1,0) : 3
(4,5) : 4
(4,5,0,1,2,3) : 1
(4,5,0,1,3,2) : 1
(4,5,0,2,1,3) : 1
(4,5,1,0,2,3) : 2
(4,5,1,0,3,2) : 2
(4,5,1,2,0,3) : 2
(4,5,1,2,3,0) : 4
(4,5,1,3,0,2) : 3
(4,5,1,3,2,0) : 1
(4,5,2,0,1,3) : 1
(4,5,2,1,0,3) : 1
(4,5,2,1,3,0) : 4
(4,5,3) : 1
(4,5,3,0,1,2) : 6
(4,5,3,1,0,2) : 1
(4,5,3,1,2,0) : 1
(4,5,3,2,0,1) : 1
(4,5,3,2,1,0) : 4
(5) : 422
(5,0) : 22
(5,0,1) : 2
(5,0,1,2,3,4) : 15
(5,0,1,2,4,3) : 2
(5,0,1,3) : 1
(5,0,1,3,2,4) : 5
(5,0,1,3,4,2) : 9
(5,0,1,4,2,3) : 1
(5,0,1,4,3,2) : 6
(5,0,2,1,3,4) : 1
(5,0,2,1,4,3) : 1
(5,0,2,3,1,4) : 5
(5,0,2,4,1) : 1
(5,0,3) : 4
(5,0,3,1,2,4) : 20
(5,0,3,1,4,2) : 28
(5,0,3,2,1,4) : 9
(5,0,3,2,4,1) : 1
(5,0,3,4,1,2) : 10
(5,0,4) : 1
(5,0,4,1,3,2) : 2
(5,0,4,2,1,3) : 1
(5,0,4,3,1,2) : 1
(5,1) : 3
(5,1,0,2,3,4) : 3
(5,1,0,3,2) : 1
(5,1,0,3,2,4) : 7
(5,1,0,3,4,2) : 3
(5,1,0,4,2,3) : 2
(5,1,0,4,3,2) : 3
(5,1,2) : 1
(5,1,2,0,3,4) : 1
(5,1,2,0,4,3) : 1
(5,1,2,3,0,4) : 4
(5,1,2,3,4,0) : 1
(5,1,2,4,3,0) : 2
(5,1,3) : 1
(5,1,3,0,2,4) : 1
(5,1,3,0,4) : 1
(5,1,3,2,0,4) : 1
(5,1,4,0,3,2) : 3
(5,1,4,2,0,3) : 2
(5,1,4,2,3) : 1
(5,1,4,2,3,0) : 2
(5,1,4,3,0,2) : 1
(5,1,4,3,2,0) : 1
(5,2) : 4
(5,2,0,1,3,4) : 1
(5,2,0,1,4,3) : 1
(5,2,0,4,1,3) : 1
(5,2,0,4,3) : 1
(5,2,1) : 1
(5,2,1,0,4,3) : 1
(5,2,1,4,0,3) : 2
(5,2,3,0,1,4) : 1
(5,2,3,4,1,0) : 1
(5,2,4,0) : 1
(5,2,4,0,3,1) : 1
(5,2,4,1,0,3) : 1
(5,2,4,3,0,1) : 2
(5,2,4,3,1,0) : 2
(5,3) : 5
(5,3,0) : 3
(5,3,0,1) : 1
(5,3,0,1,2,4) : 4
(5,3,0,1,4,2) : 10
(5,3,0,2,1,4) : 3
(5,3,0,2,4,1) : 3
(5,3,0,4,1,2) : 2
(5,3,1,0,2,4) : 3
(5,3,1,0,4,2) : 4
(5,3,1,2,0) : 1
(5,3,1,2,4,0) : 1
(5,3,1,4,2,0) : 1
(5,3,2,0,1,4) : 3
(5,3,2,0,4,1) : 1
(5,3,2,1,0,4) : 1
(5,3,2,1,4,0) : 1
(5,3,4,1,0,2) : 2
(5,3,4,1,2,0) : 3
(5,3,4,2,1,0) : 2
(5,4) : 3
(5,4,0,1,2,3) : 1
(5,4,0,2,3,1) : 1
(5,4,1) : 1
(5,4,1,2,3,0) : 2
(5,4,1,3,0,2) : 1
(5,4,2,0,1,3) : 1
(5,4,2,1,0,3) : 3
(5,4,2,1,3,0) : 1
(5,4,3,1,0,2) : 1
(5,4,3,1,2,0) : 1
(5,4,3,2,1,0) : 10
