0, 1, 2, 3, 4, 5
CDP,IND,NLT,NP,GRN,CLP
-+-+-+-+-
() : 277
(0) : 535
(0,1) : 11
(0,1,2) : 3
(0,1,2,3) : 1
(0,1,2,3,4) : 6
(0,1,2,3,4,5) : 63
(0,1,2,3,5,4) : 8
(0,1,2,4,3,5) : 2
(0,1,2,4,5,3) : 7
(0,1,2,5,3,4) : 5
(0,1,2,5,4,3) : 1
(0,1,3) : 6
(0,1,3,2,4,5) : 5
(0,1,3,2,5,4) : 14
(0,1,3,4,5) : 1
(0,1,3,4,5,2) : 2
(0,1,3,5) : 1
(0,1,3,5,2,4) : 8
(0,1,3,5,4) : 1
(0,1,3,5,4,2) : 7
(0,1,4) : 1
(0,1,4,2,5,3) : 2
(0,1,4,3,2,5) : 2
(0,1,4,3,5,2) : 1
(0,1,4,5,2,3) : 1
(0,1,4,5,3,2) : 2
(0,1,5) : 3
(0,1,5,2,3,4) : 1
(0,1,5,2,4,3) : 3
(0,1,5,3,2,4) : 6
(0,1,5,3,4,2) : 2
(0,1,5,4,2,3) : 1
(0,1,5,4,3,2) : 2
(0,2) : 5
(0,2,1) : 2
(0,2,1,3,4,5) : 5
(0,2,1,3,5,4) : 9
(0,2,1,4,3,5) : 2
(0,2,1,4,5,3) : 2
(0,2,1,5,4,3) : 1
(0,2,3,1,5,4) : 1
(0,2,3,4,1,5) : 1
(0,2,3,4,5,1) : 2
(0,2,3,5,4,1) : 1
(0,2,4) : 1
(0,2,4,1,3,5) : 1
(0,2,4,1,5,3) : 1
(0,2,4,3,5,1) : 1
(0,2,4,5,1) : 1
(0,2,4,5,1,3) : 2
(0,2,4,5,3,1) : 1
(0,2,5,1,3,4) : 1
(0,2,5,4,3,1) : 1
(0,3) : 80
(0,3,1) : 6
(0,3,1,2) : 1
(0,3,1,2,4,5) : 17
(0,3,1,2,5) : 1
(0,3,1,2,5,4) : 67
(0,3,1,4,2,5) : 2
(0,3,1,4,5,2) : 4
(0,3,1,5,2,4) : 36
(0,3,1,5,4,2) : 17
(0,3,2,1,4,5) : 2
(0,3,2,1,5,4) : 17
(0,3,2,4,1,5) : 1
(0,3,2,5,4,1) : 1
(0,3,4,1,5,2) : 3
(0,3,4,2,1) : 1
(0,3,4,5,1,2) : 1
(0,3,4,5,2,1) : 3
(0,3,5) : 1
(0,3,5,1,2,4) : 16
(0,3,5,1,4,2) : 4
(0,3,5,2,1,4) : 3
(0,3,5,4) : 2
(0,3,5,4,1,2) : 1
(0,3,5,4,2,1) : 3
(0,4) : 1
(0,4,1,2,3,5) : 4
(0,4,1,3,2,5) : 2
(0,4,1,3,5,2) : 1
(0,4,2,1,3,5) : 2
(0,4,2,1,5,3) : 1
(0,4,3,1,2,5) : 2
(0,4,3,1,5,2) : 1
(0,4,3,5,1,2) : 1
(0,4,5,1) : 1
(0,4,5,1,2,3) : 2
(0,4,5,3,1,2) : 1
(0,4,5,3,2,1) : 1
(0,5) : 8
(0,5,1) : 1
(0,5,1,2,3,4) : 1
(0,5,1,2,4,3) : 1
(0,5,1,3,2,4) : 7
(0,5,1,4,2,3) : 1
(0,5,1,4,3,2) : 3
(0,5,2) : 1
(0,5,2,1,3,4) : 1
(0,5,2,1,4,3) : 2
(0,5,2,4,1,3) : 1
(0,5,3,1) : 1
(0,5,3,1,2,4) : 8
(0,5,3,1,4,2) : 2
(0,5,3,2,1,4) : 2
(0,5,3,4,1,2) : 1
(0,5,4) : 1
(0,5,4,1,2,3) : 2
(0,5,4,1,3,2) : 2
(0,5,4,2,1,3) : 1
(0,5,4,3,1,2) : 1
(0,5,4,3,2,1) : 2
(1) : 1794
(1,0) : 9
(1,0,2) : 1
(1,0,2,3,4) : 1
(1,0,2,3,4,5) : 21
(1,0,2,3,5,4) : 12
(1,0,2,4,3,5) : 11
(1,0,2,4,5,3) : 12
(1,0,2,5,3) : 1
(1,0,2,5,3,4) : 4
(1,0,2,5,4,3) : 10
(1,0,3) : 2
(1,0,3,2,4,5) : 15
(1,0,3,2,5,4) : 13
(1,0,3,4,2,5) : 4
(1,0,3,4,5) : 1
(1,0,3,4,5,2) : 6
(1,0,3,5,4,2) : 6
(1,0,4,2,3,5) : 1
(1,0,4,2,5,3) : 4
(1,0,4,3,2,5) : 1
(1,0,4,3,5,2) : 3
(1,0,4,5,2,3) : 4
(1,0,4,5,3,2) : 3
(1,0,5) : 1
(1,0,5,2,3,4) : 4
(1,0,5,2,4,3) : 4
(1,0,5,3,2,4) : 4
(1,0,5,3,4,2) : 1
(1,0,5,4,2,3) : 6
(1,0,5,4,3,2) : 4
(1,2) : 21
(1,2,0) : 1
(1,2,0,3,4,5) : 17
(1,2,0,3,5,4) : 8
(1,2,0,4,3,5) : 1
(1,2,0,4,5) : 1
(1,2,0,4,5,3) : 1
(1,2,0,5,3,4) : 4
(1,2,0,5,4,3) : 4
(1,2,3) : 3
(1,2,3,0,4,5) : 7
(1,2,3,0,5,4) : 6
(1,2,3,4,5) : 1
(1,2,3,4,5,0) : 14
(1,2,3,5,0,4) : 10
(1,2,3,5,4,0) : 10
(1,2,4,0,5,3) : 3
(1,2,4,3,5,0) : 5
(1,2,4,5,0,3) : 3
(1,2,4,5,3,0) : 12
(1,2,5) : 1
(1,2,5,0,3,4) : 5
(1,2,5,0,4,3) : 4
(1,2,5,3,0,4) : 2
(1,2,5,3,4) : 1
(1,2,5,3,4,0) : 8
(1,2,5,4,0,3) : 8
(1,2,5,4,3,0) : 9
(1,3) : 140
(1,3,0) : 4
(1,3,0,2,4) : 1
(1,3,0,2,4,5) : 30
(1,3,0,2,5,4) : 51
(1,3,0,4,2,5) : 5
(1,3,0,4,5) : 1
(1,3,0,4,5,2) : 6
(1,3,0,5,2,4) : 11
(1,3,0,5,4) : 1
(1,3,0,5,4,2) : 13
(1,3,2) : 4
(1,3,2,0) : 1
(1,3,2,0,4) : 1
(1,3,2,0,4,5) : 25
(1,3,2,0,5,4) : 37
(1,3,2,4,0) : 1
(1,3,2,4,0,5) : 8
(1,3,2,4,5,0) : 13
(1,3,2,5,0,4) : 18
(1,3,2,5,4,0) : 15
(1,3,4) : 6
(1,3,4,0) : 1
(1,3,4,0,2,5) : 10
(1,3,4,0,5,2) : 1
(1,3,4,2,0) : 1
(1,3,4,2,0,5) : 16
(1,3,4,2,5) : 1
(1,3,4,2,5,0) : 10
(1,3,4,5,0) : 1
(1,3,4,5,0,2) : 14
(1,3,4,5,2,0) : 40
(1,3,5) : 6
(1,3,5,0,2,4) : 17
(1,3,5,0,4) : 2
(1,3,5,0,4,2) : 7
(1,3,5,2,0) : 1
(1,3,5,2,0,4) : 26
(1,3,5,2,4) : 1
(1,3,5,2,4,0) : 26
(1,3,5,4) : 2
(1,3,5,4,0,2) : 10
(1,3,5,4,2) : 2
(1,3,5,4,2,0) : 51
(1,4) : 24
(1,4,0,2,3,5) : 3
(1,4,0,2,5,3) : 1
(1,4,0,3,2,5) : 1
(1,4,0,3,5,2) : 3
(1,4,0,5,3,2) : 3
(1,4,2,0,3) : 1
(1,4,2,0,3,5) : 2
(1,4,2,0,5) : 1
(1,4,2,0,5,3) : 7
(1,4,2,3) : 1
(1,4,2,3,0,5) : 3
(1,4,2,3,5,0) : 9
(1,4,2,5,0,3) : 6
(1,4,2,5,3,0) : 6
(1,4,3) : 1
(1,4,3,0,2,5) : 5
(1,4,3,0,5,2) : 3
(1,4,3,2,0,5) : 6
(1,4,3,2,5) : 1
(1,4,3,2,5,0) : 5
(1,4,3,5) : 1
(1,4,3,5,0,2) : 7
(1,4,3,5,2,0) : 17
(1,4,5) : 23
(1,4,5,0,2,3) : 28
(1,4,5,0,3) : 2
(1,4,5,0,3,2) : 5
(1,4,5,2,0) : 1
(1,4,5,2,0,3) : 27
(1,4,5,2,3,0) : 40
(1,4,5,3) : 1
(1,4,5,3,0) : 1
(1,4,5,3,0,2) : 12
(1,4,5,3,2) : 1
(1,4,5,3,2,0) : 60
(1,5) : 26
(1,5,0) : 1
(1,5,0,2,3,4) : 6
(1,5,0,2,4,3) : 11
(1,5,0,3) : 1
(1,5,0,3,2,4) : 4
(1,5,0,3,4,2) : 2
(1,5,0,4,2,3) : 5
(1,5,0,4,3) : 1
(1,5,2) : 1
(1,5,2,0,3,4) : 12
(1,5,2,0,4,3) : 7
(1,5,2,3) : 2
(1,5,2,3,0,4) : 10
(1,5,2,3,4) : 2
(1,5,2,3,4,0) : 8
(1,5,2,4,0,3) : 5
(1,5,2,4,3,0) : 4
(1,5,3) : 9
(1,5,3,0,2) : 1
(1,5,3,0,2,4) : 10
(1,5,3,0,4) : 1
(1,5,3,0,4,2) : 9
(1,5,3,2,0) : 1
(1,5,3,2,0,4) : 22
(1,5,3,2,4,0) : 17
(1,5,3,4) : 2
(1,5,3,4,0) : 3
(1,5,3,4,0,2) : 14
(1,5,3,4,2,0) : 29
(1,5,4) : 6
(1,5,4,0,2) : 1
(1,5,4,0,2,3) : 20
(1,5,4,0,3,2) : 5
(1,5,4,2,0,3) : 31
(1,5,4,2,3,0) : 33
(1,5,4,3) : 1
(1,5,4,3,0) : 2
(1,5,4,3,0,2) : 10
(1,5,4,3,2) : 1
(1,5,4,3,2,0) : 45
(2) : 322
(2,0) : 1
(2,0,1,3,4,5) : 4
(2,0,1,3,5,4) : 4
(2,0,1,4,3,5) : 1
(2,0,1,4,5,3) : 2
(2,0,3,4,5,1) : 1
(2,0,4,1,5,3) : 2
(2,0,4,3,1,5) : 1
(2,0,4,5,3,1) : 1
(2,1) : 3
(2,1,0,3,4,5) : 11
(2,1,0,3,5,4) : 6
(2,1,0,4,3,5) : 1
(2,1,0,4,5,3) : 3
(2,1,0,5,3,4) : 1
(2,1,0,5,4,3) : 2
(2,1,3,0,4,5) : 1
(2,1,3,0,5,4) : 2
(2,1,3,4,5,0) : 1
(2,1,3,5,0,4) : 3
(2,1,3,5,4,0) : 3
(2,1,4,0,3,5) : 2
(2,1,4,3,5,0) : 1
(2,1,4,5,0,3) : 2
(2,1,4,5,3,0) : 3
(2,1,5) : 1
(2,1,5,0,3,4) : 1
(2,1,5,0,4,3) : 1
(2,1,5,3,4,0) : 1
(2,1,5,4,0,3) : 1
(2,3) : 10
(2,3,0,1,4,5) : 2
(2,3,0,1,5,4) : 1
(2,3,0,4,1,5) : 1
(2,3,0,5,4,1) : 2
(2,3,1) : 2
(2,3,1,0,4,5) : 4
(2,3,1,0,5,4) : 2
(2,3,1,4,0,5) : 1
(2,3,1,4,5,0) : 3
(2,3,1,5,0,4) : 2
(2,3,4) : 2
(2,3,4,1,0,5) : 3
(2,3,4,1,5,0) : 1
(2,3,4,5,0,1) : 1
(2,3,4,5,1,0) : 4
(2,3,5) : 1
(2,3,5,0,4) : 1
(2,3,5,1,0,4) : 1
(2,3,5,1,4,0) : 1
(2,3,5,4,1,0) : 4
(2,4) : 4
(2,4,0) : 1
(2,4,0,3,5,1) : 1
(2,4,0,5,1,3) : 1
(2,4,1) : 1
(2,4,1,0,3,5) : 3
(2,4,1,0,5,3) : 1
(2,4,3,1,5,0) : 2
(2,4,5) : 1
(2,4,5,0,3,1) : 1
(2,4,5,1,0,3) : 2
(2,4,5,1,3,0) : 2
(2,4,5,3,1,0) : 3
(2,5) : 3
(2,5,0,1,3,4) : 1
(2,5,0,3,1,4) : 1
(2,5,0,4,1,3) : 1
(2,5,1,0,3,4) : 2
(2,5,1,3,0,4) : 3
(2,5,1,3,4,0) : 1
(2,5,1,4,0,3) : 2
(2,5,1,4,3,0) : 2
(2,5,3,0,1,4) : 1
(2,5,3,1,0,4) : 2
(2,5,3,1,4,0) : 3
(2,5,3,4,1,0) : 2
(2,5,4,1,0,3) : 2
(2,5,4,3,1,0) : 2
(3) : 25486
(3,0) : 135
(3,0,1) : 19
(3,0,1,2) : 4
(3,0,1,2,4) : 1
(3,0,1,2,4,5) : 203
(3,0,1,2,5) : 1
(3,0,1,2,5,4) : 195
(3,0,1,4,2,5) : 30
(3,0,1,4,5) : 11
(3,0,1,4,5,2) : 30
(3,0,1,5) : 1
(3,0,1,5,2,4) : 83
(3,0,1,5,4) : 7
(3,0,1,5,4,2) : 47
(3,0,2) : 1
(3,0,2,1) : 1
(3,0,2,1,4,5) : 48
(3,0,2,1,5,4) : 63
(3,0,2,4,1,5) : 10
(3,0,2,4,5) : 2
(3,0,2,4,5,1) : 4
(3,0,2,5,1,4) : 7
(3,0,2,5,4,1) : 5
(3,0,4) : 1
(3,0,4,1,2,5) : 9
(3,0,4,1,5,2) : 6
(3,0,4,2,1,5) : 4
(3,0,4,2,5,1) : 4
(3,0,4,5,1) : 1
(3,0,4,5,1,2) : 5
(3,0,4,5,2) : 1
(3,0,4,5,2,1) : 6
(3,0,5) : 6
(3,0,5,1) : 1
(3,0,5,1,2) : 1
(3,0,5,1,2,4) : 40
(3,0,5,1,4,2) : 16
(3,0,5,2) : 1
(3,0,5,2,1,4) : 12
(3,0,5,4,1,2) : 8
(3,0,5,4,2) : 1
(3,0,5,4,2,1) : 7
(3,1) : 408
(3,1,0) : 18
(3,1,0,2) : 2
(3,1,0,2,4) : 2
(3,1,0,2,4,5) : 256
(3,1,0,2,5) : 1
(3,1,0,2,5,4) : 220
(3,1,0,4,2,5) : 27
(3,1,0,4,5) : 18
(3,1,0,4,5,2) : 35
(3,1,0,5,2,4) : 60
(3,1,0,5,4) : 13
(3,1,0,5,4,2) : 48
(3,1,2) : 27
(3,1,2,0) : 6
(3,1,2,0,4,5) : 177
(3,1,2,0,5) : 2
(3,1,2,0,5,4) : 224
(3,1,2,4) : 2
(3,1,2,4,0) : 1
(3,1,2,4,0,5) : 50
(3,1,2,4,5) : 11
(3,1,2,4,5,0) : 79
(3,1,2,5) : 2
(3,1,2,5,0) : 2
(3,1,2,5,0,4) : 88
(3,1,2,5,4,0) : 89
(3,1,4) : 15
(3,1,4,0,2) : 1
(3,1,4,0,2,5) : 31
(3,1,4,0,5) : 4
(3,1,4,0,5,2) : 17
(3,1,4,2) : 1
(3,1,4,2,0) : 1
(3,1,4,2,0,5) : 38
(3,1,4,2,5) : 2
(3,1,4,2,5,0) : 34
(3,1,4,5) : 4
(3,1,4,5,0) : 8
(3,1,4,5,0,2) : 53
(3,1,4,5,2) : 2
(3,1,4,5,2,0) : 110
(3,1,5) : 30
(3,1,5,0,2) : 2
(3,1,5,0,2,4) : 113
(3,1,5,0,4) : 8
(3,1,5,0,4,2) : 32
(3,1,5,2,0,4) : 127
(3,1,5,2,4) : 1
(3,1,5,2,4,0) : 74
(3,1,5,4) : 2
(3,1,5,4,0) : 3
(3,1,5,4,0,2) : 48
(3,1,5,4,2) : 3
(3,1,5,4,2,0) : 191
(3,2) : 47
(3,2,0) : 4
(3,2,0,1) : 2
(3,2,0,1,4,5) : 48
(3,2,0,1,5,4) : 34
(3,2,0,4,1,5) : 3
(3,2,0,4,5,1) : 5
(3,2,0,5,1,4) : 2
(3,2,0,5,4,1) : 5
(3,2,1) : 13
(3,2,1,0) : 3
(3,2,1,0,4,5) : 156
(3,2,1,0,5) : 2
(3,2,1,0,5,4) : 74
(3,2,1,4,0) : 2
(3,2,1,4,0,5) : 19
(3,2,1,4,5) : 5
(3,2,1,4,5,0) : 22
(3,2,1,5) : 1
(3,2,1,5,0) : 1
(3,2,1,5,0,4) : 36
(3,2,1,5,4,0) : 21
(3,2,4,0,1,5) : 3
(3,2,4,0,5) : 2
(3,2,4,1,0,5) : 7
(3,2,4,1,5,0) : 9
(3,2,4,5,0,1) : 5
(3,2,4,5,1) : 1
(3,2,4,5,1,0) : 29
(3,2,5) : 2
(3,2,5,0,1,4) : 3
(3,2,5,0,4,1) : 1
(3,2,5,1) : 1
(3,2,5,1,0,4) : 25
(3,2,5,1,4,0) : 12
(3,2,5,4) : 1
(3,2,5,4,0,1) : 2
(3,2,5,4,1) : 1
(3,2,5,4,1,0) : 16
(3,4) : 101
(3,4,0) : 2
(3,4,0,1,2,5) : 21
(3,4,0,1,5) : 1
(3,4,0,1,5,2) : 6
(3,4,0,2,1,5) : 4
(3,4,0,2,5,1) : 1
(3,4,0,5,1,2) : 5
(3,4,0,5,2,1) : 5
(3,4,1) : 14
(3,4,1,0) : 1
(3,4,1,0,2,5) : 29
(3,4,1,0,5) : 3
(3,4,1,0,5,2) : 12
(3,4,1,2) : 1
(3,4,1,2,0,5) : 21
(3,4,1,2,5) : 2
(3,4,1,2,5,0) : 37
(3,4,1,5,0) : 2
(3,4,1,5,0,2) : 23
(3,4,1,5,2) : 1
(3,4,1,5,2,0) : 72
(3,4,2) : 1
(3,4,2,0,1,5) : 7
(3,4,2,0,5,1) : 2
(3,4,2,1) : 1
(3,4,2,1,0) : 1
(3,4,2,1,0,5) : 25
(3,4,2,1,5) : 1
(3,4,2,1,5,0) : 13
(3,4,2,5,0,1) : 2
(3,4,2,5,1) : 1
(3,4,2,5,1,0) : 11
(3,4,5) : 20
(3,4,5,0,1) : 2
(3,4,5,0,1,2) : 28
(3,4,5,0,2,1) : 4
(3,4,5,1) : 2
(3,4,5,1,0) : 1
(3,4,5,1,0,2) : 36
(3,4,5,1,2,0) : 91
(3,4,5,2,0) : 1
(3,4,5,2,0,1) : 12
(3,4,5,2,1) : 4
(3,4,5,2,1,0) : 133
(3,5) : 187
(3,5,0) : 5
(3,5,0,1) : 1
(3,5,0,1,2) : 2
(3,5,0,1,2,4) : 79
(3,5,0,1,4) : 1
(3,5,0,1,4,2) : 29
(3,5,0,2,1,4) : 8
(3,5,0,2,4,1) : 6
(3,5,0,4,1,2) : 8
(3,5,0,4,2,1) : 11
(3,5,1) : 39
(3,5,1,0) : 1
(3,5,1,0,2) : 2
(3,5,1,0,2,4) : 118
(3,5,1,0,4) : 13
(3,5,1,0,4,2) : 35
(3,5,1,2) : 4
(3,5,1,2,0) : 2
(3,5,1,2,0,4) : 107
(3,5,1,2,4) : 5
(3,5,1,2,4,0) : 109
(3,5,1,4) : 1
(3,5,1,4,0) : 10
(3,5,1,4,0,2) : 47
(3,5,1,4,2) : 1
(3,5,1,4,2,0) : 128
(3,5,2) : 4
(3,5,2,0,1,4) : 6
(3,5,2,0,4,1) : 3
(3,5,2,1) : 2
(3,5,2,1,0) : 1
(3,5,2,1,0,4) : 66
(3,5,2,1,4,0) : 42
(3,5,2,4,0,1) : 1
(3,5,2,4,1,0) : 25
(3,5,4) : 13
(3,5,4,0) : 1
(3,5,4,0,1,2) : 29
(3,5,4,0,2,1) : 7
(3,5,4,1) : 3
(3,5,4,1,0,2) : 50
(3,5,4,1,2) : 4
(3,5,4,1,2,0) : 104
(3,5,4,2,0,1) : 25
(3,5,4,2,1) : 5
(3,5,4,2,1,0) : 158
(4) : 1353
(4,0) : 1
(4,0,1) : 1
(4,0,1,2,3,5) : 4
(4,0,1,2,5,3) : 4
(4,0,1,3,5,2) : 1
(4,0,1,5,2,3) : 1
(4,0,1,5,3,2) : 1
(4,0,2,1,3,5) : 3
(4,0,2,5,1,3) : 1
(4,0,3) : 1
(4,0,3,1,5,2) : 1
(4,0,3,2,1,5) : 1
(4,0,3,5,1,2) : 1
(4,0,3,5,2,1) : 2
(4,0,5) : 1
(4,0,5,1,2,3) : 1
(4,0,5,1,3) : 1
(4,0,5,2,1,3) : 2
(4,0,5,3,1,2) : 2
(4,1) : 30
(4,1,0,2,3,5) : 4
(4,1,0,2,5,3) : 5
(4,1,0,3) : 1
(4,1,0,3,5,2) : 2
(4,1,0,5,2,3) : 4
(4,1,0,5,3) : 1
(4,1,0,5,3,2) : 3
(4,1,2,0,3,5) : 6
(4,1,2,0,5,3) : 3
(4,1,2,3,0,5) : 5
(4,1,2,3,5,0) : 7
(4,1,2,5,0,3) : 6
(4,1,2,5,3,0) : 19
(4,1,3) : 8
(4,1,3,0,5,2) : 2
(4,1,3,2,0,5) : 4
(4,1,3,2,5) : 1
(4,1,3,2,5,0) : 12
(4,1,3,5,0) : 1
(4,1,3,5,0,2) : 6
(4,1,3,5,2) : 1
(4,1,3,5,2,0) : 29
(4,1,5) : 29
(4,1,5,0) : 1
(4,1,5,0,2) : 2
(4,1,5,0,2,3) : 12
(4,1,5,0,3) : 4
(4,1,5,0,3,2) : 6
(4,1,5,2) : 1
(4,1,5,2,0) : 1
(4,1,5,2,0,3) : 46
(4,1,5,2,3,0) : 43
(4,1,5,3) : 3
(4,1,5,3,0) : 1
(4,1,5,3,0,2) : 12
(4,1,5,3,2,0) : 76
(4,2) : 5
(4,2,0) : 1
(4,2,0,1,3,5) : 2
(4,2,0,1,5,3) : 1
(4,2,1,0,3,5) : 2
(4,2,1,0,5,3) : 6
(4,2,1,3,0,5) : 3
(4,2,1,3,5,0) : 7
(4,2,1,5,0,3) : 3
(4,2,1,5,3) : 1
(4,2,1,5,3,0) : 2
(4,2,3) : 1
(4,2,3,1,5,0) : 1
(4,2,5,1,0,3) : 4
(4,2,5,1,3,0) : 2
(4,2,5,3,0,1) : 2
(4,2,5,3,1,0) : 5
(4,3) : 49
(4,3,0,1,2,5) : 5
(4,3,0,1,5,2) : 3
(4,3,0,5,1,2) : 2
(4,3,1) : 11
(4,3,1,0,2,5) : 6
(4,3,1,0,5,2) : 3
(4,3,1,2,0,5) : 8
(4,3,1,2,5,0) : 12
(4,3,1,5,0) : 3
(4,3,1,5,0,2) : 4
(4,3,1,5,2,0) : 37
(4,3,2) : 2
(4,3,2,0,1,5) : 1
(4,3,2,0,5,1) : 1
(4,3,2,1) : 2
(4,3,2,1,0,5) : 14
(4,3,2,1,5) : 1
(4,3,2,1,5,0) : 8
(4,3,2,5,1,0) : 8
(4,3,5) : 2
(4,3,5,0,1,2) : 6
(4,3,5,0,2,1) : 1
(4,3,5,1) : 3
(4,3,5,1,0,2) : 12
(4,3,5,1,2,0) : 51
(4,3,5,2,0,1) : 1
(4,3,5,2,1,0) : 18
(4,5) : 146
(4,5,0,1,2) : 1
(4,5,0,1,2,3) : 24
(4,5,0,1,3,2) : 3
(4,5,0,2,1,3) : 2
(4,5,0,2,3,1) : 3
(4,5,0,3,1) : 1
(4,5,0,3,1,2) : 3
(4,5,0,3,2,1) : 1
(4,5,1) : 66
(4,5,1,0) : 11
(4,5,1,0,2,3) : 61
(4,5,1,0,3) : 196
(4,5,1,0,3,2) : 73
(4,5,1,2) : 3
(4,5,1,2,0,3) : 111
(4,5,1,2,3) : 5
(4,5,1,2,3,0) : 138
(4,5,1,3) : 8
(4,5,1,3,0) : 14
(4,5,1,3,0,2) : 32
(4,5,1,3,2) : 3
(4,5,1,3,2,0) : 162
(4,5,2) : 1
(4,5,2,0,1,3) : 6
(4,5,2,0,3,1) : 1
(4,5,2,1,0,3) : 29
(4,5,2,1,3) : 1
(4,5,2,1,3,0) : 17
(4,5,2,3,0,1) : 4
(4,5,2,3,1,0) : 10
(4,5,3) : 28
(4,5,3,0) : 1
(4,5,3,0,1,2) : 10
(4,5,3,0,2,1) : 1
(4,5,3,1) : 6
(4,5,3,1,0) : 1
(4,5,3,1,0,2) : 19
(4,5,3,1,2) : 1
(4,5,3,1,2,0) : 99
(4,5,3,2,0,1) : 6
(4,5,3,2,1,0) : 42
(5) : 3758
(5,0) : 5
(5,0,1) : 1
(5,0,1,2,3,4) : 30
(5,0,1,2,4) : 1
(5,0,1,2,4,3) : 16
(5,0,1,3) : 1
(5,0,1,3,2,4) : 4
(5,0,1,3,4,2) : 3
(5,0,1,4,2,3) : 9
(5,0,1,4,3,2) : 9
(5,0,2,1,3,4) : 4
(5,0,2,1,4,3) : 3
(5,0,2,3,1,4) : 3
(5,0,2,3,4,1) : 3
(5,0,2,4,1,3) : 3
(5,0,2,4,3,1) : 4
(5,0,3,1,2,4) : 4
(5,0,3,1,4,2) : 4
(5,0,3,2,1,4) : 3
(5,0,3,2,4,1) : 1
(5,0,3,4,1,2) : 3
(5,0,3,4,2,1) : 2
(5,0,4,1) : 1
(5,0,4,1,2,3) : 6
(5,0,4,1,3,2) : 7
(5,0,4,2,1,3) : 5
(5,0,4,2,3,1) : 1
(5,0,4,3,1,2) : 4
(5,0,4,3,2,1) : 2
(5,1) : 44
(5,1,0) : 3
(5,1,0,2,3,4) : 33
(5,1,0,2,4,3) : 37
(5,1,0,3,2) : 1
(5,1,0,3,2,4) : 5
(5,1,0,3,4) : 1
(5,1,0,3,4,2) : 8
(5,1,0,4,2,3) : 16
(5,1,0,4,3) : 1
(5,1,0,4,3,2) : 7
(5,1,2) : 2
(5,1,2,0,3,4) : 13
(5,1,2,0,4,3) : 34
(5,1,2,3,0,4) : 23
(5,1,2,3,4,0) : 20
(5,1,2,4,0,3) : 19
(5,1,2,4,3) : 2
(5,1,2,4,3,0) : 16
(5,1,3) : 9
(5,1,3,0,2,4) : 22
(5,1,3,0,4,2) : 6
(5,1,3,2) : 1
(5,1,3,2,0) : 1
(5,1,3,2,0,4) : 20
(5,1,3,2,4) : 1
(5,1,3,2,4,0) : 16
(5,1,3,4,0) : 3
(5,1,3,4,0,2) : 9
(5,1,3,4,2,0) : 39
(5,1,4) : 14
(5,1,4,0,2) : 1
(5,1,4,0,2,3) : 37
(5,1,4,0,3) : 1
(5,1,4,0,3,2) : 4
(5,1,4,2) : 1
(5,1,4,2,0,3) : 64
(5,1,4,2,3,0) : 34
(5,1,4,3) : 2
(5,1,4,3,0,2) : 22
(5,1,4,3,2) : 3
(5,1,4,3,2,0) : 70
(5,2) : 13
(5,2,0,1,3,4) : 7
(5,2,0,1,4,3) : 3
(5,2,0,3,1,4) : 2
(5,2,0,3,4,1) : 1
(5,2,0,4,1,3) : 3
(5,2,0,4,3,1) : 4
(5,2,1) : 2
(5,2,1,0) : 1
(5,2,1,0,3) : 1
(5,2,1,0,3,4) : 18
(5,2,1,0,4,3) : 14
(5,2,1,3) : 1
(5,2,1,3,0,4) : 13
(5,2,1,3,4,0) : 12
(5,2,1,4) : 1
(5,2,1,4,0,3) : 8
(5,2,1,4,3,0) : 2
(5,2,3) : 5
(5,2,3,0,1,4) : 1
(5,2,3,0,4,1) : 1
(5,2,3,1,0,4) : 8
(5,2,3,1,4) : 1
(5,2,3,1,4,0) : 10
(5,2,3,4,0) : 1
(5,2,3,4,0,1) : 2
(5,2,3,4,1) : 1
(5,2,3,4,1,0) : 11
(5,2,4) : 2
(5,2,4,0,1,3) : 3
(5,2,4,0,3,1) : 2
(5,2,4,1,0,3) : 4
(5,2,4,1,3,0) : 4
(5,2,4,3,0) : 1
(5,2,4,3,1,0) : 12
(5,3) : 126
(5,3,0) : 2
(5,3,0,1,2) : 1
(5,3,0,1,2,4) : 36
(5,3,0,1,4) : 2
(5,3,0,1,4,2) : 6
(5,3,0,2,1,4) : 3
(5,3,0,2,4,1) : 1
(5,3,0,4,1,2) : 3
(5,3,0,4,2,1) : 6
(5,3,1) : 16
(5,3,1,0) : 1
(5,3,1,0,2) : 2
(5,3,1,0,2,4) : 57
(5,3,1,0,4) : 6
(5,3,1,0,4,2) : 16
(5,3,1,2) : 1
(5,3,1,2,0,4) : 29
(5,3,1,2,4) : 2
(5,3,1,2,4,0) : 36
(5,3,1,4) : 5
(5,3,1,4,0) : 4
(5,3,1,4,0,2) : 23
(5,3,1,4,2,0) : 58
(5,3,2) : 3
(5,3,2,0,1,4) : 9
(5,3,2,0,4,1) : 1
(5,3,2,1) : 1
(5,3,2,1,0,4) : 31
(5,3,2,1,4,0) : 26
(5,3,2,4,0,1) : 2
(5,3,2,4,1,0) : 12
(5,3,4) : 8
(5,3,4,0,1,2) : 10
(5,3,4,1) : 2
(5,3,4,1,0) : 1
(5,3,4,1,0,2) : 24
(5,3,4,1,2) : 3
(5,3,4,1,2,0) : 75
(5,3,4,2,0) : 1
(5,3,4,2,0,1) : 18
(5,3,4,2,1) : 2
(5,3,4,2,1,0) : 87
(5,4) : 139
(5,4,0) : 2
(5,4,0,1) : 1
(5,4,0,1,2) : 1
(5,4,0,1,2,3) : 57
(5,4,0,1,3,2) : 7
(5,4,0,2,1,3) : 14
(5,4,0,2,3,1) : 8
(5,4,0,3) : 1
(5,4,0,3,1,2) : 4
(5,4,0,3,2,1) : 5
(5,4,1) : 34
(5,4,1,0) : 1
(5,4,1,0,2) : 3
(5,4,1,0,2,3) : 119
(5,4,1,0,3) : 4
(5,4,1,0,3,2) : 16
(5,4,1,2) : 3
(5,4,1,2,0) : 2
(5,4,1,2,0,3) : 866
(5,4,1,2,3) : 3
(5,4,1,2,3,0) : 120
(5,4,1,3) : 8
(5,4,1,3,0) : 1
(5,4,1,3,0,2) : 23
(5,4,1,3,2) : 2
(5,4,1,3,2,0) : 161
(5,4,2) : 5
(5,4,2,0,1,3) : 16
(5,4,2,0,3,1) : 2
(5,4,2,1) : 2
(5,4,2,1,0,3) : 77
(5,4,2,1,3,0) : 44
(5,4,2,3) : 1
(5,4,2,3,0,1) : 4
(5,4,2,3,1) : 3
(5,4,2,3,1,0) : 21
(5,4,3) : 18
(5,4,3,0,1,2) : 6
(5,4,3,0,2,1) : 2
(5,4,3,1) : 2
(5,4,3,1,0,2) : 23
(5,4,3,1,2) : 5
(5,4,3,1,2,0) : 107
(5,4,3,2,0,1) : 7
(5,4,3,2,1) : 1
(5,4,3,2,1,0) : 122
