0, 1, 2, 3, 4
CLP,GRN,NP,CDP,NLT
-+-+-+-+-
() : 34
(0) : 8829
(0,1) : 433
(0,1,2) : 86
(0,1,2,3) : 1
(0,1,2,3,4) : 195
(0,1,2,4) : 12
(0,1,2,4,3) : 4453
(0,1,3) : 7
(0,1,3,2,4) : 73
(0,1,3,4,2) : 236
(0,1,4) : 12
(0,1,4,2) : 2
(0,1,4,2,3) : 618
(0,1,4,3) : 4
(0,1,4,3,2) : 790
(0,2) : 337
(0,2,1) : 46
(0,2,1,3) : 1
(0,2,1,3,4) : 138
(0,2,1,4) : 6
(0,2,1,4,3) : 840
(0,2,3) : 3
(0,2,3,1,4) : 75
(0,2,3,4,1) : 97
(0,2,4) : 12
(0,2,4,1) : 2
(0,2,4,1,3) : 212
(0,2,4,3) : 2
(0,2,4,3,1) : 248
(0,3) : 27
(0,3,1) : 2
(0,3,1,2) : 1
(0,3,1,2,4) : 27
(0,3,1,4,2) : 59
(0,3,2) : 5
(0,3,2,1,4) : 20
(0,3,2,4) : 1
(0,3,2,4,1) : 23
(0,3,4) : 1
(0,3,4,1,2) : 81
(0,3,4,2) : 1
(0,3,4,2,1) : 43
(0,4) : 38
(0,4,1) : 3
(0,4,1,2) : 1
(0,4,1,2,3) : 141
(0,4,1,3,2) : 108
(0,4,2) : 3
(0,4,2,1) : 1
(0,4,2,1,3) : 116
(0,4,2,3) : 1
(0,4,2,3,1) : 64
(0,4,3) : 1
(0,4,3,1) : 3
(0,4,3,1,2) : 127
(0,4,3,2,1) : 93
(1) : 1145
(1,0) : 267
(1,0,2) : 55
(1,0,2,3,4) : 68
(1,0,2,4) : 4
(1,0,2,4,3) : 1056
(1,0,3) : 3
(1,0,3,2) : 1
(1,0,3,2,4) : 26
(1,0,3,4,2) : 51
(1,0,4) : 5
(1,0,4,2) : 1
(1,0,4,2,3) : 279
(1,0,4,3,2) : 170
(1,2) : 29
(1,2,0) : 21
(1,2,0,3,4) : 21
(1,2,0,4) : 2
(1,2,0,4,3) : 192
(1,2,3) : 1
(1,2,3,0,4) : 2
(1,2,3,4,0) : 8
(1,2,4) : 2
(1,2,4,0,3) : 25
(1,2,4,3,0) : 26
(1,3) : 3
(1,3,0,2,4) : 4
(1,3,0,4,2) : 3
(1,3,2,0,4) : 2
(1,3,2,4,0) : 3
(1,3,4,0,2) : 9
(1,3,4,2,0) : 5
(1,4) : 13
(1,4,0) : 2
(1,4,0,2) : 1
(1,4,0,2,3) : 46
(1,4,0,3,2) : 13
(1,4,2,0) : 1
(1,4,2,0,3) : 20
(1,4,2,3,0) : 5
(1,4,3,0,2) : 17
(1,4,3,2,0) : 12
(2) : 17394
(2,0) : 368
(2,0,1) : 53
(2,0,1,3,4) : 177
(2,0,1,4) : 11
(2,0,1,4,3) : 816
(2,0,3) : 4
(2,0,3,1) : 2
(2,0,3,1,4) : 72
(2,0,3,4) : 2
(2,0,3,4,1) : 160
(2,0,4) : 11
(2,0,4,1) : 2
(2,0,4,1,3) : 252
(2,0,4,3) : 2
(2,0,4,3,1) : 279
(2,1) : 80
(2,1,0) : 35
(2,1,0,3) : 2
(2,1,0,3,4) : 73
(2,1,0,4) : 5
(2,1,0,4,3) : 381
(2,1,3,0,4) : 19
(2,1,3,4,0) : 56
(2,1,4) : 3
(2,1,4,0,3) : 110
(2,1,4,3,0) : 124
(2,3) : 130
(2,3,0) : 6
(2,3,0,1,4) : 94
(2,3,0,4,1) : 113
(2,3,1) : 2
(2,3,1,0,4) : 39
(2,3,1,4,0) : 45
(2,3,4) : 7
(2,3,4,0) : 1
(2,3,4,0,1) : 271
(2,3,4,1) : 1
(2,3,4,1,0) : 245
(2,4) : 61
(2,4,0) : 5
(2,4,0,1) : 2
(2,4,0,1,3) : 115
(2,4,0,3,1) : 96
(2,4,1) : 3
(2,4,1,0) : 1
(2,4,1,0,3) : 96
(2,4,1,3,0) : 80
(2,4,3) : 12
(2,4,3,0) : 3
(2,4,3,0,1) : 284
(2,4,3,1) : 1
(2,4,3,1,0) : 312
(3) : 239
(3,0) : 3
(3,0,1,2,4) : 5
(3,0,1,4,2) : 3
(3,0,2) : 4
(3,0,2,1,4) : 12
(3,0,2,4,1) : 18
(3,0,4,1,2) : 4
(3,0,4,2,1) : 7
(3,1) : 2
(3,1,0,2,4) : 8
(3,1,0,4,2) : 2
(3,1,2,0,4) : 2
(3,1,2,4) : 1
(3,1,2,4,0) : 4
(3,1,4,0,2) : 3
(3,1,4,2,0) : 2
(3,2) : 50
(3,2,0) : 4
(3,2,0,1) : 1
(3,2,0,1,4) : 17
(3,2,0,4,1) : 39
(3,2,1,0) : 1
(3,2,1,0,4) : 8
(3,2,1,4,0) : 8
(3,2,4) : 2
(3,2,4,0,1) : 58
(3,2,4,1,0) : 21
(3,4) : 5
(3,4,0,1,2) : 8
(3,4,0,2) : 1
(3,4,0,2,1) : 7
(3,4,1,0) : 1
(3,4,1,0,2) : 13
(3,4,1,2,0) : 6
(3,4,2) : 4
(3,4,2,0) : 1
(3,4,2,0,1) : 22
(3,4,2,1,0) : 17
(4) : 398
(4,0) : 7
(4,0,1) : 1
(4,0,1,2) : 1
(4,0,1,2,3) : 18
(4,0,1,3,2) : 5
(4,0,2) : 1
(4,0,2,1,3) : 18
(4,0,2,3) : 1
(4,0,2,3,1) : 10
(4,0,3,1,2) : 9
(4,0,3,2,1) : 7
(4,1) : 10
(4,1,0,2,3) : 20
(4,1,0,3,2) : 6
(4,1,2,0,3) : 16
(4,1,2,3,0) : 5
(4,1,3,0,2) : 7
(4,1,3,2,0) : 3
(4,2) : 13
(4,2,0) : 1
(4,2,0,1,3) : 15
(4,2,0,3,1) : 12
(4,2,1,0,3) : 21
(4,2,1,3,0) : 4
(4,2,3,0,1) : 12
(4,2,3,1,0) : 12
(4,3) : 2
(4,3,0,1,2) : 5
(4,3,0,2,1) : 7
(4,3,1,0,2) : 7
(4,3,1,2,0) : 11
(4,3,2) : 3
(4,3,2,0,1) : 14
(4,3,2,1,0) : 9
